Name = NACA 0009
Mach = 0; Re = 30000; T.U. = 1.0; T.L. = 1.0
Surface Finish = 2; Stall model = 0; Transition model = 1; Aspect Ratio = 0; ground effect = 0
?	Cl	Cd	Cm 0.25	T.U.	T.L.	S.U.	S.L.	L/D	A.C.	C.P.
[°]	[-]	[-]	[-]	[-]	[-]	[-]	[-]	[-]	[-]	[-]
-20.0	-0.480	0.67125	0.006	0.988	0.002	0.992	0.003	-0.714	0.247	0.262
-19.0	-0.528	0.60679	0.006	0.986	0.002	0.991	0.004	-0.870	0.247	0.261
-18.0	-0.579	0.50625	0.005	0.985	0.002	0.991	0.004	-1.144	0.246	0.259
-17.0	-0.632	0.43879	0.005	0.983	0.003	0.991	0.004	-1.441	0.245	0.258
-16.0	-0.685	0.36845	0.005	0.981	0.003	0.991	0.004	-1.859	0.246	0.257
-15.0	-0.734	0.31583	0.005	0.980	0.003	0.991	0.005	-2.325	0.246	0.256
-14.0	-0.777	0.25497	0.005	0.979	0.004	0.990	0.005	-3.046	0.244	0.256
-13.0	-0.808	0.21973	0.004	0.977	0.004	0.990	0.005	-3.679	0.239	0.255
-12.0	-0.821	0.17634	0.004	0.974	0.005	0.989	0.006	-4.654	0.559	0.255
-11.0	-0.807	0.14878	0.004	0.969	0.004	0.986	0.006	-5.421	0.263	0.255
-10.0	-0.779	0.11976	0.003	0.964	0.005	0.985	0.007	-6.503	0.257	0.254
-9.0	-0.737	0.10175	0.003	0.960	0.005	0.983	0.007	-7.245	0.256	0.254
-8.0	-0.683	0.08485	0.003	0.953	0.005	0.982	0.008	-8.047	0.255	0.254
-7.0	-0.617	0.07176	0.003	0.944	0.007	0.980	0.009	-8.601	0.253	0.254
-6.0	-0.543	0.06129	0.002	0.934	0.009	0.978	0.014	-8.853	0.252	0.255
-5.0	-0.461	0.05401	0.002	0.917	0.017	0.978	0.026	-8.542	0.233	0.255
-4.0	-0.463	0.02532	0.004	0.898	0.039	0.976	0.987	-18.271	0.245	0.258
-3.0	-0.349	0.02434	0.003	0.872	0.344	0.974	0.984	-14.338	0.258	0.258
-2.0	-0.233	0.02367	0.002	0.834	0.493	0.974	0.983	-9.861	0.258	0.258
-1.0	-0.117	0.02666	0.001	0.781	0.615	0.976	0.981	-4.383	0.258	0.258
0.0	-0.000	0.02642	-0.000	0.709	0.709	0.978	0.978	-0.000	0.258	0.250
1.0	0.117	0.02666	-0.001	0.615	0.781	0.981	0.976	4.383	0.258	0.258
2.0	0.233	0.02367	-0.002	0.493	0.834	0.983	0.974	9.861	0.258	0.258
3.0	0.349	0.02434	-0.003	0.344	0.872	0.984	0.974	14.338	0.258	0.258
4.0	0.463	0.02532	-0.004	0.039	0.898	0.987	0.976	18.271	0.245	0.258
5.0	0.461	0.05401	-0.002	0.017	0.917	0.026	0.978	8.542	0.233	0.255
6.0	0.543	0.06129	-0.002	0.009	0.934	0.014	0.978	8.853	0.252	0.255
7.0	0.617	0.07176	-0.003	0.007	0.944	0.009	0.980	8.601	0.253	0.254
8.0	0.683	0.08485	-0.003	0.005	0.953	0.008	0.982	8.047	0.255	0.254
9.0	0.737	0.10175	-0.003	0.005	0.960	0.007	0.983	7.245	0.256	0.254
10.0	0.779	0.11976	-0.003	0.005	0.964	0.007	0.985	6.503	0.257	0.254
11.0	0.807	0.14878	-0.004	0.004	0.969	0.006	0.986	5.421	0.263	0.255
12.0	0.821	0.17634	-0.004	0.005	0.974	0.006	0.989	4.654	0.559	0.255
13.0	0.808	0.21973	-0.004	0.004	0.977	0.005	0.990	3.679	0.239	0.255
14.0	0.777	0.25497	-0.005	0.004	0.979	0.005	0.990	3.046	0.244	0.256
15.0	0.734	0.31583	-0.005	0.003	0.980	0.005	0.991	2.325	0.246	0.256
16.0	0.685	0.36845	-0.005	0.003	0.981	0.004	0.991	1.859	0.246	0.257
17.0	0.632	0.43879	-0.005	0.003	0.983	0.004	0.991	1.441	0.245	0.258
18.0	0.579	0.50625	-0.005	0.002	0.985	0.004	0.991	1.144	0.246	0.259
19.0	0.528	0.60679	-0.006	0.002	0.986	0.004	0.991	0.870	0.247	0.261
20.0	0.480	0.67125	-0.006	0.002	0.988	0.003	0.992	0.714	0.247	0.262

Name = NACA 0009
Mach = 0; Re = 430000; T.U. = 1.0; T.L. = 1.0
Surface Finish = 2; Stall model = 0; Transition model = 1; Aspect Ratio = 0; ground effect = 0
?	Cl	Cd	Cm 0.25	T.U.	T.L.	S.U.	S.L.	L/D	A.C.	C.P.
[°]	[-]	[-]	[-]	[-]	[-]	[-]	[-]	[-]	[-]	[-]
-20.0	-0.480	0.29859	0.007	0.978	0.001	0.996	0.010	-1.609	0.242	0.265
-19.0	-0.529	0.26674	0.007	0.977	0.002	0.995	0.010	-1.982	0.243	0.263
-18.0	-0.580	0.23707	0.006	0.971	0.002	0.996	0.010	-2.447	0.242	0.261
-17.0	-0.633	0.19772	0.006	0.966	0.002	0.996	0.008	-3.201	0.240	0.259
-16.0	-0.685	0.17452	0.005	0.961	0.003	0.996	0.007	-3.926	0.242	0.258
-15.0	-0.735	0.15094	0.005	0.957	0.003	0.996	0.007	-4.867	0.244	0.257
-14.0	-0.777	0.13251	0.005	0.945	0.004	0.997	0.007	-5.865	0.244	0.256
-13.0	-0.809	0.11467	0.005	0.936	0.004	0.997	0.008	-7.054	0.239	0.256
-12.0	-0.821	0.09720	0.004	0.919	0.004	1.000	0.009	-8.451	0.596	0.255
-11.0	-0.807	0.08571	0.004	0.902	0.004	1.000	0.009	-9.417	0.263	0.255
-10.0	-0.780	0.07312	0.004	0.876	0.005	1.000	0.011	-10.662	0.252	0.255
-9.0	-0.740	0.06329	0.004	0.841	0.005	1.000	0.020	-11.685	0.309	0.255
-8.0	-0.843	0.02070	0.008	0.798	0.005	1.000	0.948	-40.720	0.348	0.259
-7.0	-0.768	0.01491	0.007	0.741	0.007	1.000	0.990	-51.512	0.261	0.259
-6.0	-0.675	0.01535	0.006	0.674	0.009	1.000	0.992	-43.947	0.260	0.259
-5.0	-0.572	0.01453	0.005	0.606	0.017	1.000	0.994	-39.384	0.259	0.258
-4.0	-0.463	0.01397	0.004	0.536	0.025	1.000	0.995	-33.176	0.259	0.258
-3.0	-0.350	0.01321	0.003	0.469	0.083	1.000	0.996	-26.493	0.258	0.258
-2.0	-0.234	0.01273	0.002	0.407	0.153	1.000	0.997	-18.384	0.258	0.258
-1.0	-0.117	0.01339	0.001	0.346	0.221	1.000	0.998	-8.757	0.258	0.258
0.0	-0.000	0.01333	-0.000	0.284	0.284	1.000	0.998	-0.000	0.258	0.250
1.0	0.117	0.01339	-0.001	0.221	0.346	1.000	0.998	8.761	0.258	0.258
2.0	0.234	0.01273	-0.002	0.153	0.407	0.997	0.998	18.384	0.258	0.258
3.0	0.350	0.01321	-0.003	0.083	0.469	0.996	0.998	26.493	0.258	0.258
4.0	0.463	0.01397	-0.004	0.025	0.536	0.995	0.998	33.176	0.259	0.258
5.0	0.572	0.01453	-0.005	0.017	0.606	0.994	0.998	39.384	0.259	0.258
6.0	0.675	0.01535	-0.006	0.009	0.674	0.992	0.998	43.947	0.260	0.259
7.0	0.768	0.01491	-0.007	0.007	0.741	0.990	0.998	51.512	0.261	0.259
8.0	0.843	0.02070	-0.008	0.005	0.798	0.948	0.998	40.720	0.348	0.259
9.0	0.740	0.06329	-0.004	0.005	0.841	0.020	0.998	11.685	0.309	0.255
10.0	0.780	0.07312	-0.004	0.005	0.876	0.011	0.998	10.662	0.252	0.255
11.0	0.807	0.08571	-0.004	0.004	0.902	0.009	0.998	9.417	0.263	0.255
12.0	0.821	0.09720	-0.004	0.004	0.919	0.009	0.998	8.451	0.597	0.255
13.0	0.809	0.11467	-0.005	0.004	0.936	0.008	0.997	7.054	0.239	0.256
14.0	0.777	0.13251	-0.005	0.004	0.945	0.007	0.997	5.865	0.244	0.256
15.0	0.735	0.15094	-0.005	0.003	0.957	0.007	0.996	4.867	0.244	0.257
16.0	0.685	0.17452	-0.005	0.003	0.961	0.007	0.996	3.926	0.242	0.258
17.0	0.633	0.19772	-0.006	0.002	0.966	0.008	0.996	3.201	0.240	0.259
18.0	0.580	0.23707	-0.006	0.002	0.971	0.010	0.996	2.447	0.242	0.261
19.0	0.529	0.26674	-0.007	0.002	0.977	0.010	0.995	1.982	0.243	0.263
20.0	0.480	0.29859	-0.007	0.001	0.978	0.010	0.996	1.609	0.242	0.265

Name = NACA 0009
Mach = 0; Re = 830000; T.U. = 1.0; T.L. = 1.0
Surface Finish = 2; Stall model = 0; Transition model = 1; Aspect Ratio = 0; ground effect = 0
?	Cl	Cd	Cm 0.25	T.U.	T.L.	S.U.	S.L.	L/D	A.C.	C.P.
[°]	[-]	[-]	[-]	[-]	[-]	[-]	[-]	[-]	[-]	[-]
-20.0	-0.481	0.24873	0.008	0.967	0.001	1.000	0.019	-1.935	0.241	0.267
-19.0	-0.530	0.22391	0.008	0.962	0.001	1.000	0.018	-2.366	0.241	0.264
-18.0	-0.581	0.19850	0.007	0.958	0.001	1.000	0.017	-2.928	0.240	0.262
-17.0	-0.634	0.18099	0.007	0.947	0.002	1.000	0.014	-3.502	0.241	0.260
-16.0	-0.686	0.15783	0.006	0.937	0.002	1.000	0.014	-4.349	0.239	0.259
-15.0	-0.735	0.13900	0.006	0.922	0.003	1.000	0.010	-5.289	0.239	0.258
-14.0	-0.778	0.12055	0.005	0.905	0.003	1.000	0.011	-6.452	0.244	0.257
-13.0	-0.810	0.10477	0.005	0.877	0.004	1.000	0.013	-7.730	0.247	0.256
-12.0	-0.824	0.09061	0.005	0.842	0.004	1.000	0.019	-9.088	0.120	0.256
-11.0	-0.811	0.07919	0.005	0.798	0.004	1.000	0.026	-10.235	0.231	0.256
-10.0	-0.793	0.06505	0.006	0.744	0.005	1.000	0.078	-12.188	0.284	0.257
-9.0	-0.914	0.02035	0.009	0.682	0.005	1.000	0.966	-44.904	0.284	0.259
-8.0	-0.849	0.01475	0.008	0.620	0.005	1.000	0.986	-57.605	0.263	0.259
-7.0	-0.768	0.01509	0.007	0.561	0.006	1.000	0.991	-50.919	0.261	0.259
-6.0	-0.675	0.01418	0.006	0.504	0.008	1.000	0.993	-47.612	0.260	0.259
-5.0	-0.573	0.01344	0.005	0.449	0.015	1.000	0.995	-42.586	0.259	0.258
-4.0	-0.463	0.01293	0.004	0.397	0.021	1.000	0.996	-35.840	0.259	0.258
-3.0	-0.350	0.01250	0.003	0.346	0.042	1.000	0.997	-28.008	0.258	0.258
-2.0	-0.234	0.01307	0.002	0.296	0.091	1.000	0.998	-17.909	0.258	0.258
-1.0	-0.117	0.01271	0.001	0.246	0.144	1.000	0.998	-9.225	0.258	0.258
0.0	-0.000	0.01268	-0.000	0.195	0.195	1.000	0.998	-0.000	0.258	0.250
1.0	0.117	0.01271	-0.001	0.144	0.246	1.000	0.998	9.229	0.258	0.258
2.0	0.234	0.01307	-0.002	0.091	0.296	1.000	0.998	17.917	0.258	0.258
3.0	0.350	0.01250	-0.003	0.042	0.346	0.997	0.998	28.008	0.258	0.258
4.0	0.463	0.01293	-0.004	0.021	0.397	0.996	0.998	35.840	0.259	0.258
5.0	0.573	0.01344	-0.005	0.015	0.449	0.995	0.998	42.586	0.259	0.258
6.0	0.675	0.01418	-0.006	0.008	0.504	0.993	0.998	47.612	0.260	0.259
7.0	0.768	0.01509	-0.007	0.006	0.561	0.991	0.998	50.919	0.261	0.259
8.0	0.849	0.01475	-0.008	0.005	0.620	0.986	0.998	57.605	0.263	0.259
9.0	0.914	0.02035	-0.009	0.005	0.682	0.966	0.998	44.904	0.284	0.259
10.0	0.793	0.06505	-0.006	0.005	0.744	0.078	0.998	12.188	0.284	0.257
11.0	0.811	0.07919	-0.005	0.004	0.798	0.026	0.998	10.235	0.231	0.256
12.0	0.824	0.09061	-0.005	0.004	0.842	0.019	0.998	9.088	0.120	0.256
13.0	0.810	0.10477	-0.005	0.004	0.877	0.013	0.998	7.730	0.247	0.256
14.0	0.778	0.12055	-0.005	0.003	0.905	0.011	0.998	6.452	0.244	0.257
15.0	0.735	0.13900	-0.006	0.003	0.922	0.010	0.998	5.289	0.239	0.258
16.0	0.686	0.15783	-0.006	0.002	0.937	0.014	0.998	4.349	0.239	0.259
17.0	0.634	0.18099	-0.007	0.002	0.947	0.014	0.998	3.502	0.241	0.260
18.0	0.581	0.19850	-0.007	0.001	0.958	0.017	0.998	2.928	0.240	0.262
19.0	0.530	0.22391	-0.008	0.001	0.962	0.018	0.997	2.366	0.241	0.264
20.0	0.481	0.24873	-0.008	0.001	0.967	0.019	0.998	1.935	0.241	0.267

Name = NACA 0009
Mach = 0; Re = 1230000; T.U. = 1.0; T.L. = 1.0
Surface Finish = 2; Stall model = 0; Transition model = 1; Aspect Ratio = 0; ground effect = 0
?	Cl	Cd	Cm 0.25	T.U.	T.L.	S.U.	S.L.	L/D	A.C.	C.P.
[°]	[-]	[-]	[-]	[-]	[-]	[-]	[-]	[-]	[-]	[-]
-20.0	-0.482	0.23645	0.008	0.958	0.001	1.000	0.022	-2.037	0.242	0.267
-19.0	-0.530	0.21702	0.008	0.947	0.001	1.000	0.021	-2.443	0.242	0.265
-18.0	-0.582	0.19316	0.008	0.937	0.001	1.000	0.021	-3.012	0.242	0.263
-17.0	-0.635	0.16960	0.007	0.920	0.001	1.000	0.019	-3.742	0.243	0.261
-16.0	-0.688	0.14860	0.007	0.902	0.002	1.000	0.020	-4.627	0.244	0.260
-15.0	-0.737	0.13123	0.006	0.874	0.002	1.000	0.021	-5.618	0.242	0.259
-14.0	-0.780	0.11597	0.006	0.837	0.003	1.000	0.020	-6.723	0.241	0.258
-13.0	-0.812	0.10054	0.006	0.789	0.003	1.000	0.024	-8.077	0.248	0.257
-12.0	-0.828	0.08685	0.006	0.733	0.004	1.000	0.039	-9.528	0.301	0.257
-11.0	-0.820	0.07325	0.006	0.675	0.004	1.000	0.075	-11.201	0.277	0.258
-10.0	-0.954	0.02189	0.009	0.618	0.005	1.000	0.907	-43.562	0.275	0.260
-9.0	-0.916	0.01922	0.009	0.563	0.005	1.000	0.979	-47.648	0.266	0.259
-8.0	-0.850	0.01547	0.008	0.511	0.005	1.000	0.989	-54.935	0.263	0.259
-7.0	-0.769	0.01433	0.007	0.461	0.006	1.000	0.993	-53.642	0.261	0.259
-6.0	-0.675	0.01354	0.006	0.413	0.008	1.000	0.994	-49.850	0.260	0.259
-5.0	-0.573	0.01292	0.005	0.366	0.012	1.000	0.996	-44.328	0.259	0.258
-4.0	-0.464	0.01238	0.004	0.322	0.019	1.000	0.997	-37.453	0.259	0.258
-3.0	-0.350	0.01308	0.003	0.279	0.036	1.000	0.998	-26.757	0.258	0.258
-2.0	-0.234	0.01259	0.002	0.238	0.065	1.000	0.998	-18.598	0.258	0.258
-1.0	-0.117	0.01238	0.001	0.195	0.109	1.000	0.998	-9.470	0.258	0.258
0.0	-0.000	0.01222	-0.000	0.152	0.152	1.000	0.998	-0.000	0.258	0.250
1.0	0.117	0.01238	-0.001	0.109	0.195	1.000	0.998	9.474	0.258	0.258
2.0	0.234	0.01259	-0.002	0.065	0.238	1.000	0.998	18.606	0.258	0.258
3.0	0.350	0.01308	-0.003	0.036	0.279	1.000	0.998	26.771	0.258	0.258
4.0	0.464	0.01238	-0.004	0.019	0.322	0.997	0.998	37.453	0.259	0.258
5.0	0.573	0.01292	-0.005	0.012	0.366	0.996	0.998	44.328	0.259	0.258
6.0	0.675	0.01354	-0.006	0.008	0.413	0.994	0.998	49.850	0.260	0.259
7.0	0.769	0.01433	-0.007	0.006	0.461	0.993	0.998	53.642	0.261	0.259
8.0	0.850	0.01547	-0.008	0.005	0.511	0.989	0.998	54.935	0.263	0.259
9.0	0.916	0.01922	-0.009	0.005	0.563	0.979	0.998	47.648	0.266	0.259
10.0	0.954	0.02189	-0.009	0.005	0.618	0.907	0.998	43.562	0.275	0.260
11.0	0.820	0.07325	-0.006	0.004	0.675	0.075	0.998	11.201	0.277	0.258
12.0	0.828	0.08685	-0.006	0.004	0.733	0.039	0.998	9.528	0.301	0.257
13.0	0.812	0.10054	-0.006	0.003	0.789	0.024	0.998	8.077	0.248	0.257
14.0	0.780	0.11597	-0.006	0.003	0.837	0.020	0.998	6.723	0.241	0.258
15.0	0.737	0.13123	-0.006	0.002	0.874	0.021	0.998	5.618	0.242	0.259
16.0	0.688	0.14860	-0.007	0.002	0.902	0.020	0.998	4.627	0.244	0.260
17.0	0.635	0.16960	-0.007	0.001	0.920	0.019	0.998	3.742	0.243	0.261
18.0	0.582	0.19316	-0.008	0.001	0.937	0.021	0.998	3.012	0.242	0.263
19.0	0.530	0.21702	-0.008	0.001	0.947	0.021	0.998	2.443	0.242	0.265
20.0	0.482	0.23645	-0.008	0.001	0.958	0.022	0.998	2.037	0.242	0.267

Name = NACA 0009
Mach = 0; Re = 1630000; T.U. = 1.0; T.L. = 1.0
Surface Finish = 2; Stall model = 0; Transition model = 1; Aspect Ratio = 0; ground effect = 0
?	Cl	Cd	Cm 0.25	T.U.	T.L.	S.U.	S.L.	L/D	A.C.	C.P.
[°]	[-]	[-]	[-]	[-]	[-]	[-]	[-]	[-]	[-]	[-]
-20.0	-0.482	0.22492	0.008	0.941	0.001	1.000	0.023	-2.142	0.242	0.268
-19.0	-0.530	0.20567	0.008	0.927	0.001	1.000	0.023	-2.579	0.242	0.265
-18.0	-0.582	0.18169	0.008	0.908	0.001	1.000	0.022	-3.203	0.242	0.263
-17.0	-0.635	0.16875	0.007	0.880	0.001	1.000	0.022	-3.764	0.243	0.261
-16.0	-0.688	0.14461	0.007	0.843	0.001	1.000	0.023	-4.758	0.244	0.260
-15.0	-0.738	0.13090	0.007	0.800	0.002	1.000	0.025	-5.637	0.243	0.259
-14.0	-0.781	0.11113	0.006	0.751	0.003	1.000	0.025	-7.024	0.245	0.258
-13.0	-0.814	0.09714	0.006	0.693	0.003	1.000	0.036	-8.385	0.255	0.258
-12.0	-0.832	0.08256	0.007	0.637	0.004	1.000	0.062	-10.081	0.291	0.258
-11.0	-0.848	0.05937	0.008	0.584	0.004	1.000	0.213	-14.289	0.273	0.259
-10.0	-0.962	0.02060	0.009	0.535	0.004	1.000	0.948	-46.681	0.263	0.260
-9.0	-0.917	0.01445	0.009	0.489	0.005	1.000	0.983	-63.443	0.266	0.259
-8.0	-0.850	0.01493	0.008	0.448	0.005	1.000	0.990	-56.945	0.262	0.259
-7.0	-0.769	0.01386	0.007	0.402	0.005	1.000	0.993	-55.440	0.261	0.259
-6.0	-0.675	0.01311	0.006	0.358	0.007	1.000	0.995	-51.503	0.260	0.259
-5.0	-0.573	0.01253	0.005	0.317	0.010	1.000	0.996	-45.713	0.259	0.258
-4.0	-0.464	0.01200	0.004	0.278	0.017	1.000	0.998	-38.617	0.259	0.258
-3.0	-0.350	0.01265	0.003	0.242	0.030	1.000	0.998	-27.664	0.258	0.258
-2.0	-0.234	0.01225	0.002	0.206	0.055	1.000	0.998	-19.113	0.258	0.258
-1.0	-0.117	0.01204	0.001	0.167	0.088	1.000	0.998	-9.736	0.258	0.258
0.0	-0.000	0.01193	-0.000	0.127	0.127	1.000	0.998	-0.000	0.258	0.250
1.0	0.117	0.01204	-0.001	0.088	0.167	1.000	0.998	9.739	0.258	0.258
2.0	0.234	0.01225	-0.002	0.055	0.206	1.000	0.998	19.121	0.258	0.258
3.0	0.350	0.01265	-0.003	0.030	0.242	1.000	0.998	27.675	0.258	0.258
4.0	0.464	0.01200	-0.004	0.017	0.278	1.000	0.998	38.636	0.259	0.258
5.0	0.573	0.01253	-0.005	0.010	0.317	0.996	0.998	45.713	0.259	0.258
6.0	0.675	0.01311	-0.006	0.007	0.358	0.995	0.998	51.503	0.260	0.259
7.0	0.769	0.01386	-0.007	0.005	0.402	0.993	0.998	55.440	0.261	0.259
8.0	0.850	0.01493	-0.008	0.005	0.448	0.990	0.998	56.945	0.262	0.259
9.0	0.917	0.01445	-0.009	0.005	0.489	0.983	0.998	63.443	0.266	0.259
10.0	0.962	0.02060	-0.009	0.004	0.535	0.948	0.998	46.681	0.263	0.260
11.0	0.848	0.05937	-0.008	0.004	0.584	0.213	0.999	14.289	0.273	0.259
12.0	0.832	0.08256	-0.007	0.004	0.637	0.062	0.999	10.081	0.291	0.258
13.0	0.814	0.09714	-0.006	0.003	0.693	0.036	0.999	8.385	0.255	0.258
14.0	0.781	0.11113	-0.006	0.003	0.751	0.025	0.999	7.024	0.245	0.258
15.0	0.738	0.13090	-0.007	0.002	0.800	0.025	0.999	5.637	0.243	0.259
16.0	0.688	0.14461	-0.007	0.001	0.843	0.023	0.999	4.758	0.244	0.260
17.0	0.635	0.16875	-0.007	0.001	0.880	0.022	0.999	3.764	0.243	0.261
18.0	0.582	0.18169	-0.008	0.001	0.908	0.022	0.998	3.203	0.242	0.263
19.0	0.530	0.20567	-0.008	0.001	0.927	0.023	0.998	2.579	0.242	0.265
20.0	0.482	0.22492	-0.008	0.001	0.941	0.023	0.998	2.142	0.242	0.268

Name = NACA 0009
Mach = 0; Re = 2030000; T.U. = 1.0; T.L. = 1.0
Surface Finish = 2; Stall model = 0; Transition model = 1; Aspect Ratio = 0; ground effect = 0
?	Cl	Cd	Cm 0.25	T.U.	T.L.	S.U.	S.L.	L/D	A.C.	C.P.
[°]	[-]	[-]	[-]	[-]	[-]	[-]	[-]	[-]	[-]	[-]
-20.0	-0.482	0.22311	0.008	0.918	0.001	1.000	0.024	-2.160	0.243	0.268
-19.0	-0.531	0.19872	0.008	0.895	0.001	1.000	0.024	-2.670	0.242	0.265
-18.0	-0.582	0.18641	0.008	0.864	0.001	1.000	0.023	-3.123	0.242	0.263
-17.0	-0.635	0.16316	0.007	0.821	0.001	1.000	0.022	-3.892	0.244	0.261
-16.0	-0.688	0.14282	0.007	0.772	0.001	1.000	0.024	-4.819	0.245	0.260
-15.0	-0.738	0.12818	0.007	0.719	0.001	1.000	0.027	-5.759	0.247	0.259
-14.0	-0.783	0.11072	0.007	0.668	0.002	1.000	0.036	-7.070	0.249	0.259
-13.0	-0.817	0.09477	0.007	0.617	0.003	1.000	0.048	-8.619	0.256	0.258
-12.0	-0.839	0.07815	0.007	0.568	0.004	1.000	0.095	-10.737	0.277	0.258
-11.0	-0.913	0.03550	0.009	0.521	0.003	1.000	0.537	-25.733	0.269	0.260
-10.0	-0.964	0.01985	0.009	0.477	0.004	1.000	0.961	-48.564	0.083	0.260
-9.0	-0.917	0.01400	0.009	0.439	0.005	1.000	0.986	-65.533	0.266	0.259
-8.0	-0.850	0.01449	0.008	0.400	0.005	1.000	0.991	-58.664	0.262	0.259
-7.0	-0.769	0.01348	0.007	0.358	0.005	1.000	0.994	-57.032	0.261	0.259
-6.0	-0.675	0.01276	0.006	0.318	0.006	1.000	0.996	-52.908	0.260	0.259
-5.0	-0.573	0.01219	0.005	0.284	0.009	1.000	0.997	-46.996	0.259	0.258
-4.0	-0.464	0.01289	0.004	0.252	0.016	1.000	0.998	-35.960	0.259	0.258
-3.0	-0.350	0.01237	0.003	0.214	0.024	1.000	0.998	-28.290	0.258	0.258
-2.0	-0.234	0.01201	0.002	0.177	0.045	1.000	0.998	-19.494	0.258	0.258
-1.0	-0.117	0.01181	0.001	0.142	0.075	1.000	0.998	-9.927	0.258	0.258
0.0	-0.000	0.01172	-0.000	0.108	0.108	1.000	0.998	-0.000	0.258	0.250
1.0	0.117	0.01181	-0.001	0.075	0.142	1.000	0.998	9.931	0.258	0.258
2.0	0.234	0.01201	-0.002	0.045	0.177	1.000	0.998	19.502	0.258	0.258
3.0	0.350	0.01237	-0.003	0.024	0.214	1.000	0.998	28.301	0.258	0.258
4.0	0.464	0.01289	-0.004	0.016	0.252	1.000	0.998	35.976	0.259	0.258
5.0	0.573	0.01219	-0.005	0.009	0.284	0.997	0.998	46.996	0.259	0.258
6.0	0.675	0.01276	-0.006	0.006	0.318	0.996	0.998	52.908	0.260	0.259
7.0	0.769	0.01348	-0.007	0.005	0.358	0.994	0.998	57.032	0.261	0.259
8.0	0.850	0.01449	-0.008	0.005	0.400	0.991	0.998	58.664	0.262	0.259
9.0	0.917	0.01400	-0.009	0.005	0.439	0.986	0.999	65.533	0.266	0.259
10.0	0.964	0.01985	-0.009	0.004	0.477	0.961	0.999	48.564	0.083	0.260
11.0	0.913	0.03550	-0.009	0.003	0.521	0.537	0.999	25.733	0.269	0.260
12.0	0.839	0.07815	-0.007	0.004	0.568	0.095	0.999	10.737	0.277	0.258
13.0	0.817	0.09477	-0.007	0.003	0.617	0.048	0.999	8.619	0.256	0.258
14.0	0.783	0.11072	-0.007	0.002	0.668	0.036	0.999	7.070	0.249	0.259
15.0	0.738	0.12818	-0.007	0.001	0.719	0.027	0.999	5.759	0.247	0.259
16.0	0.688	0.14282	-0.007	0.001	0.772	0.024	0.999	4.819	0.245	0.260
17.0	0.635	0.16316	-0.007	0.001	0.821	0.022	0.999	3.892	0.244	0.261
18.0	0.582	0.18641	-0.008	0.001	0.864	0.023	0.999	3.123	0.242	0.263
19.0	0.531	0.19872	-0.008	0.001	0.895	0.024	0.998	2.670	0.242	0.265
20.0	0.482	0.22311	-0.008	0.001	0.918	0.024	0.999	2.160	0.243	0.268

Name = NACA 0009
Mach = 0; Re = 2430000; T.U. = 1.0; T.L. = 1.0
Surface Finish = 2; Stall model = 0; Transition model = 1; Aspect Ratio = 0; ground effect = 0
?	Cl	Cd	Cm 0.25	T.U.	T.L.	S.U.	S.L.	L/D	A.C.	C.P.
[°]	[-]	[-]	[-]	[-]	[-]	[-]	[-]	[-]	[-]	[-]
-20.0	-0.482	0.21727	0.009	0.885	0.001	1.000	0.024	-2.219	0.243	0.268
-19.0	-0.531	0.19485	0.008	0.849	0.001	1.000	0.025	-2.724	0.242	0.265
-18.0	-0.582	0.17821	0.008	0.805	0.001	1.000	0.023	-3.267	0.242	0.263
-17.0	-0.635	0.16185	0.007	0.757	0.001	1.000	0.023	-3.925	0.245	0.262
-16.0	-0.689	0.14156	0.007	0.708	0.001	1.000	0.027	-4.865	0.245	0.260
-15.0	-0.739	0.12651	0.007	0.659	0.001	1.000	0.029	-5.838	0.247	0.259
-14.0	-0.784	0.10808	0.007	0.610	0.002	1.000	0.041	-7.251	0.252	0.259
-13.0	-0.820	0.09205	0.007	0.562	0.003	1.000	0.061	-8.904	0.262	0.259
-12.0	-0.850	0.07205	0.008	0.517	0.004	1.000	0.147	-11.793	0.271	0.259
-11.0	-0.956	0.02577	0.010	0.475	0.003	1.000	0.750	-37.114	0.265	0.260
-10.0	-0.966	0.01924	0.009	0.440	0.004	1.000	0.968	-50.191	0.283	0.260
-9.0	-0.918	0.01366	0.009	0.402	0.004	1.000	0.988	-67.163	0.266	0.259
-8.0	-0.850	0.01417	0.008	0.361	0.004	1.000	0.991	-60.005	0.262	0.259
-7.0	-0.769	0.01322	0.007	0.325	0.005	1.000	0.994	-58.151	0.261	0.259
-6.0	-0.675	0.01251	0.006	0.298	0.006	1.000	0.996	-54.001	0.260	0.259
-5.0	-0.573	0.01198	0.005	0.258	0.009	1.000	0.997	-47.825	0.259	0.258
-4.0	-0.464	0.01262	0.004	0.223	0.015	1.000	0.998	-36.732	0.259	0.258
-3.0	-0.350	0.01219	0.003	0.192	0.022	1.000	0.998	-28.720	0.258	0.258
-2.0	-0.234	0.01182	0.002	0.163	0.039	1.000	0.998	-19.806	0.258	0.258
-1.0	-0.117	0.01157	0.001	0.130	0.066	1.000	0.998	-10.137	0.258	0.258
0.0	-0.000	0.01156	-0.000	0.097	0.097	1.000	0.998	-0.000	0.258	0.250
1.0	0.117	0.01157	-0.001	0.066	0.130	1.000	0.998	10.141	0.258	0.258
2.0	0.234	0.01182	-0.002	0.039	0.163	1.000	0.998	19.814	0.258	0.258
3.0	0.350	0.01219	-0.003	0.022	0.192	1.000	0.998	28.732	0.258	0.258
4.0	0.464	0.01262	-0.004	0.015	0.223	1.000	0.998	36.748	0.259	0.258
5.0	0.573	0.01198	-0.005	0.009	0.258	1.000	0.998	47.852	0.259	0.258
6.0	0.675	0.01251	-0.006	0.006	0.298	0.996	0.998	54.001	0.260	0.259
7.0	0.769	0.01322	-0.007	0.005	0.325	0.994	0.998	58.151	0.261	0.259
8.0	0.850	0.01417	-0.008	0.004	0.361	0.991	0.999	60.005	0.262	0.259
9.0	0.918	0.01366	-0.009	0.004	0.402	0.988	0.999	67.163	0.266	0.259
10.0	0.966	0.01924	-0.009	0.004	0.440	0.968	0.999	50.191	0.283	0.260
11.0	0.956	0.02577	-0.010	0.003	0.475	0.750	0.999	37.114	0.265	0.260
12.0	0.850	0.07205	-0.008	0.004	0.517	0.147	0.999	11.793	0.271	0.259
13.0	0.820	0.09205	-0.007	0.003	0.562	0.061	0.999	8.904	0.262	0.259
14.0	0.784	0.10808	-0.007	0.002	0.610	0.041	0.999	7.251	0.252	0.259
15.0	0.739	0.12651	-0.007	0.001	0.659	0.029	0.999	5.838	0.247	0.259
16.0	0.689	0.14156	-0.007	0.001	0.708	0.027	0.999	4.865	0.245	0.260
17.0	0.635	0.16185	-0.007	0.001	0.757	0.023	0.999	3.925	0.245	0.262
18.0	0.582	0.17821	-0.008	0.001	0.805	0.023	0.999	3.267	0.242	0.263
19.0	0.531	0.19485	-0.008	0.001	0.849	0.025	0.998	2.724	0.242	0.265
20.0	0.482	0.21727	-0.009	0.001	0.885	0.024	0.999	2.219	0.243	0.268

Name = NACA 0009
Mach = 0; Re = 2830000; T.U. = 1.0; T.L. = 1.0
Surface Finish = 2; Stall model = 0; Transition model = 1; Aspect Ratio = 0; ground effect = 0
?	Cl	Cd	Cm 0.25	T.U.	T.L.	S.U.	S.L.	L/D	A.C.	C.P.
[°]	[-]	[-]	[-]	[-]	[-]	[-]	[-]	[-]	[-]	[-]
-20.0	-0.482	0.21470	0.009	0.843	0.001	1.000	0.026	-2.246	0.244	0.268
-19.0	-0.531	0.19533	0.008	0.798	0.001	1.000	0.027	-2.719	0.242	0.266
-18.0	-0.582	0.17967	0.008	0.752	0.001	1.000	0.024	-3.241	0.241	0.263
-17.0	-0.635	0.16199	0.007	0.703	0.001	1.000	0.024	-3.923	0.245	0.262
-16.0	-0.689	0.14003	0.007	0.656	0.001	1.000	0.029	-4.921	0.246	0.261
-15.0	-0.739	0.12641	0.007	0.609	0.001	1.000	0.031	-5.847	0.247	0.259
-14.0	-0.784	0.10844	0.007	0.562	0.001	1.000	0.043	-7.230	0.253	0.259
-13.0	-0.822	0.09005	0.007	0.518	0.003	1.000	0.072	-9.126	0.267	0.259
-12.0	-0.864	0.06419	0.008	0.479	0.004	1.000	0.217	-13.460	0.269	0.260
-11.0	-0.974	0.02291	0.010	0.449	0.003	1.000	0.838	-42.517	0.261	0.260
-10.0	-0.967	0.01875	0.009	0.406	0.004	1.000	0.974	-51.553	0.276	0.260
-9.0	-0.918	0.01341	0.009	0.367	0.004	1.000	0.990	-68.462	0.266	0.259
-8.0	-0.850	0.01381	0.008	0.339	0.004	1.000	0.992	-61.582	0.262	0.259
-7.0	-0.769	0.01293	0.007	0.303	0.005	1.000	0.995	-59.464	0.261	0.259
-6.0	-0.675	0.01226	0.006	0.267	0.006	1.000	0.996	-55.093	0.260	0.259
-5.0	-0.573	0.01301	0.005	0.239	0.008	1.000	0.997	-44.032	0.259	0.258
-4.0	-0.464	0.01235	0.004	0.210	0.014	1.000	0.998	-37.554	0.259	0.258
-3.0	-0.350	0.01196	0.003	0.175	0.020	1.000	0.998	-29.269	0.258	0.258
-2.0	-0.234	0.01161	0.002	0.144	0.036	1.000	0.998	-20.163	0.258	0.258
-1.0	-0.117	0.01148	0.001	0.115	0.058	1.000	0.998	-10.209	0.258	0.258
0.0	-0.000	0.01135	-0.000	0.086	0.086	1.000	0.998	-0.000	0.258	0.250
1.0	0.117	0.01148	-0.001	0.058	0.115	1.000	0.998	10.213	0.258	0.258
2.0	0.234	0.01161	-0.002	0.036	0.144	1.000	0.998	20.171	0.258	0.258
3.0	0.350	0.01196	-0.003	0.020	0.175	1.000	0.998	29.281	0.258	0.258
4.0	0.464	0.01235	-0.004	0.014	0.210	1.000	0.998	37.569	0.259	0.258
5.0	0.573	0.01301	-0.005	0.008	0.239	1.000	0.998	44.057	0.259	0.258
6.0	0.675	0.01226	-0.006	0.006	0.267	0.996	0.998	55.093	0.260	0.259
7.0	0.769	0.01293	-0.007	0.005	0.303	0.995	0.999	59.464	0.261	0.259
8.0	0.850	0.01381	-0.008	0.004	0.339	0.992	0.999	61.582	0.262	0.259
9.0	0.918	0.01341	-0.009	0.004	0.367	0.990	0.999	68.462	0.266	0.259
10.0	0.967	0.01875	-0.009	0.004	0.406	0.974	0.999	51.553	0.276	0.260
11.0	0.974	0.02291	-0.010	0.003	0.449	0.838	0.999	42.517	0.261	0.260
12.0	0.864	0.06419	-0.008	0.004	0.479	0.217	0.999	13.460	0.269	0.260
13.0	0.822	0.09005	-0.007	0.003	0.518	0.072	0.999	9.126	0.267	0.259
14.0	0.784	0.10844	-0.007	0.001	0.562	0.043	0.999	7.230	0.253	0.259
15.0	0.739	0.12641	-0.007	0.001	0.609	0.031	0.999	5.847	0.247	0.259
16.0	0.689	0.14003	-0.007	0.001	0.656	0.029	0.999	4.921	0.246	0.261
17.0	0.635	0.16199	-0.007	0.001	0.703	0.024	0.999	3.923	0.245	0.262
18.0	0.582	0.17967	-0.008	0.001	0.752	0.024	0.999	3.241	0.241	0.263
19.0	0.531	0.19533	-0.008	0.001	0.798	0.027	0.998	2.719	0.242	0.266
20.0	0.482	0.21470	-0.009	0.001	0.843	0.026	0.999	2.246	0.244	0.268

Name = NACA 0009
Mach = 0; Re = 3230000; T.U. = 1.0; T.L. = 1.0
Surface Finish = 2; Stall model = 0; Transition model = 1; Aspect Ratio = 0; ground effect = 0
?	Cl	Cd	Cm 0.25	T.U.	T.L.	S.U.	S.L.	L/D	A.C.	C.P.
[°]	[-]	[-]	[-]	[-]	[-]	[-]	[-]	[-]	[-]	[-]
-20.0	-0.482	0.21151	0.009	0.796	0.001	1.000	0.027	-2.281	0.244	0.268
-19.0	-0.531	0.19187	0.008	0.749	0.001	1.000	0.029	-2.769	0.241	0.266
-18.0	-0.582	0.17617	0.008	0.702	0.001	1.000	0.025	-3.306	0.240	0.263
-17.0	-0.636	0.16063	0.007	0.656	0.001	1.000	0.024	-3.956	0.246	0.262
-16.0	-0.689	0.13894	0.007	0.610	0.001	1.000	0.031	-4.962	0.247	0.261
-15.0	-0.740	0.12420	0.007	0.565	0.001	1.000	0.035	-5.956	0.246	0.260
-14.0	-0.784	0.10693	0.007	0.523	0.001	1.000	0.043	-7.333	0.252	0.259
-13.0	-0.822	0.08967	0.007	0.488	0.002	1.000	0.075	-9.171	0.270	0.259
-12.0	-0.878	0.05715	0.009	0.453	0.003	1.000	0.286	-15.367	0.268	0.260
-11.0	-0.981	0.02191	0.010	0.412	0.003	1.000	0.872	-44.767	0.257	0.260
-10.0	-0.967	0.01834	0.009	0.379	0.004	1.000	0.977	-52.750	0.275	0.260
-9.0	-0.918	0.01450	0.009	0.350	0.004	1.000	0.990	-63.325	0.266	0.259
-8.0	-0.851	0.01357	0.008	0.312	0.004	1.000	0.992	-62.680	0.262	0.259
-7.0	-0.769	0.01272	0.007	0.282	0.005	1.000	0.995	-60.460	0.261	0.259
-6.0	-0.675	0.01206	0.006	0.254	0.005	1.000	0.997	-55.986	0.260	0.259
-5.0	-0.573	0.01281	0.005	0.220	0.008	1.000	0.997	-44.725	0.259	0.258
-4.0	-0.464	0.01220	0.004	0.192	0.013	1.000	0.998	-38.015	0.259	0.258
-3.0	-0.350	0.01178	0.003	0.168	0.019	1.000	0.998	-29.705	0.258	0.258
-2.0	-0.234	0.01145	0.002	0.135	0.033	1.000	0.998	-20.449	0.258	0.258
-1.0	-0.117	0.01129	0.001	0.105	0.053	1.000	0.998	-10.387	0.258	0.258
0.0	-0.000	0.01127	-0.000	0.078	0.078	1.000	0.998	-0.000	0.258	0.250
1.0	0.117	0.01129	-0.001	0.053	0.105	1.000	0.998	10.391	0.258	0.258
2.0	0.234	0.01145	-0.002	0.033	0.135	1.000	0.998	20.456	0.258	0.258
3.0	0.350	0.01178	-0.003	0.019	0.168	1.000	0.998	29.716	0.258	0.258
4.0	0.464	0.01220	-0.004	0.013	0.192	1.000	0.998	38.031	0.259	0.258
5.0	0.573	0.01281	-0.005	0.008	0.220	1.000	0.999	44.750	0.259	0.258
6.0	0.675	0.01206	-0.006	0.005	0.254	0.997	0.999	55.986	0.260	0.259
7.0	0.769	0.01272	-0.007	0.005	0.282	0.995	0.999	60.460	0.261	0.259
8.0	0.851	0.01357	-0.008	0.004	0.312	0.992	0.999	62.680	0.262	0.259
9.0	0.918	0.01450	-0.009	0.004	0.350	0.990	0.999	63.325	0.266	0.259
10.0	0.967	0.01834	-0.009	0.004	0.379	0.977	0.999	52.750	0.275	0.260
11.0	0.981	0.02191	-0.010	0.003	0.412	0.872	0.999	44.767	0.257	0.260
12.0	0.878	0.05715	-0.009	0.003	0.453	0.286	0.999	15.367	0.268	0.260
13.0	0.822	0.08967	-0.007	0.002	0.488	0.075	0.999	9.171	0.270	0.259
14.0	0.784	0.10693	-0.007	0.001	0.523	0.043	0.999	7.333	0.252	0.259
15.0	0.740	0.12420	-0.007	0.001	0.565	0.035	0.999	5.956	0.246	0.260
16.0	0.689	0.13894	-0.007	0.001	0.610	0.031	0.999	4.962	0.247	0.261
17.0	0.636	0.16063	-0.007	0.001	0.656	0.024	0.999	3.956	0.246	0.262
18.0	0.582	0.17617	-0.008	0.001	0.702	0.025	0.999	3.306	0.240	0.263
19.0	0.531	0.19187	-0.008	0.001	0.749	0.029	0.998	2.769	0.241	0.266
20.0	0.482	0.21151	-0.009	0.001	0.796	0.027	0.999	2.281	0.244	0.268

Name = NACA 0009
Mach = 0; Re = 3630000; T.U. = 1.0; T.L. = 1.0
Surface Finish = 2; Stall model = 0; Transition model = 1; Aspect Ratio = 0; ground effect = 0
?	Cl	Cd	Cm 0.25	T.U.	T.L.	S.U.	S.L.	L/D	A.C.	C.P.
[°]	[-]	[-]	[-]	[-]	[-]	[-]	[-]	[-]	[-]	[-]
-20.0	-0.483	0.21051	0.009	0.752	0.001	1.000	0.029	-2.292	0.244	0.268
-19.0	-0.531	0.19107	0.009	0.705	0.001	1.000	0.030	-2.781	0.241	0.266
-18.0	-0.583	0.17415	0.008	0.659	0.001	1.000	0.027	-3.345	0.240	0.264
-17.0	-0.636	0.15820	0.007	0.614	0.001	1.000	0.025	-4.018	0.246	0.262
-16.0	-0.690	0.13866	0.007	0.570	0.001	1.000	0.033	-4.975	0.247	0.261
-15.0	-0.740	0.12312	0.007	0.531	0.001	1.000	0.036	-6.009	0.246	0.260
-14.0	-0.785	0.10677	0.007	0.502	0.001	1.000	0.045	-7.348	0.251	0.259
-13.0	-0.822	0.08982	0.007	0.459	0.002	1.000	0.074	-9.154	0.270	0.259
-12.0	-0.898	0.04841	0.009	0.422	0.003	1.000	0.382	-18.548	0.268	0.260
-11.0	-0.986	0.02104	0.010	0.398	0.003	1.000	0.899	-46.882	0.252	0.260
-10.0	-0.968	0.01798	0.009	0.358	0.004	1.000	0.979	-53.811	0.274	0.260
-9.0	-0.918	0.01429	0.009	0.324	0.004	1.000	0.991	-64.260	0.266	0.259
-8.0	-0.851	0.01337	0.008	0.300	0.004	1.000	0.993	-63.599	0.262	0.259
-7.0	-0.769	0.01255	0.007	0.263	0.004	1.000	0.995	-61.278	0.261	0.259
-6.0	-0.675	0.01189	0.006	0.237	0.005	1.000	0.997	-56.833	0.260	0.259
-5.0	-0.573	0.01258	0.005	0.211	0.007	1.000	0.997	-45.534	0.259	0.258
-4.0	-0.464	0.01202	0.004	0.178	0.012	1.000	0.998	-38.586	0.259	0.258
-3.0	-0.350	0.01164	0.003	0.151	0.018	1.000	0.998	-30.084	0.258	0.258
-2.0	-0.234	0.01129	0.002	0.129	0.030	1.000	0.998	-20.733	0.258	0.258
-1.0	-0.117	0.01110	0.001	0.099	0.049	1.000	0.998	-10.564	0.258	0.258
0.0	-0.000	0.01107	-0.000	0.072	0.072	1.000	0.998	-0.000	0.258	0.250
1.0	0.117	0.01110	-0.001	0.049	0.099	1.000	0.998	10.568	0.258	0.258
2.0	0.234	0.01129	-0.002	0.030	0.129	1.000	0.998	20.741	0.258	0.258
3.0	0.350	0.01164	-0.003	0.018	0.151	1.000	0.998	30.095	0.258	0.258
4.0	0.464	0.01202	-0.004	0.012	0.178	1.000	0.998	38.602	0.259	0.258
5.0	0.573	0.01258	-0.005	0.007	0.211	1.000	0.999	45.559	0.259	0.258
6.0	0.675	0.01189	-0.006	0.005	0.237	0.997	0.999	56.833	0.260	0.259
7.0	0.769	0.01255	-0.007	0.004	0.263	0.995	0.999	61.278	0.261	0.259
8.0	0.851	0.01337	-0.008	0.004	0.300	0.993	0.999	63.599	0.262	0.259
9.0	0.918	0.01429	-0.009	0.004	0.324	0.991	0.999	64.260	0.266	0.259
10.0	0.968	0.01798	-0.009	0.004	0.358	0.979	0.999	53.811	0.274	0.260
11.0	0.986	0.02104	-0.010	0.003	0.398	0.899	0.999	46.882	0.252	0.260
12.0	0.898	0.04841	-0.009	0.003	0.422	0.382	0.999	18.548	0.268	0.260
13.0	0.822	0.08982	-0.007	0.002	0.459	0.074	0.999	9.154	0.270	0.259
14.0	0.785	0.10677	-0.007	0.001	0.502	0.045	0.999	7.348	0.251	0.259
15.0	0.740	0.12312	-0.007	0.001	0.531	0.036	0.999	6.009	0.246	0.260
16.0	0.690	0.13866	-0.007	0.001	0.570	0.033	0.999	4.975	0.247	0.261
17.0	0.636	0.15820	-0.007	0.001	0.614	0.025	0.999	4.018	0.246	0.262
18.0	0.583	0.17415	-0.008	0.001	0.659	0.027	0.999	3.345	0.240	0.264
19.0	0.531	0.19107	-0.009	0.001	0.705	0.030	0.998	2.781	0.241	0.266
20.0	0.483	0.21051	-0.009	0.001	0.752	0.029	0.999	2.292	0.244	0.268

Name = NACA 0009
Mach = 0; Re = 4030000; T.U. = 1.0; T.L. = 1.0
Surface Finish = 2; Stall model = 0; Transition model = 1; Aspect Ratio = 0; ground effect = 0
?	Cl	Cd	Cm 0.25	T.U.	T.L.	S.U.	S.L.	L/D	A.C.	C.P.
[°]	[-]	[-]	[-]	[-]	[-]	[-]	[-]	[-]	[-]	[-]
-20.0	-0.483	0.20710	0.009	0.709	0.001	1.000	0.030	-2.331	0.244	0.268
-19.0	-0.532	0.18781	0.009	0.664	0.001	1.000	0.031	-2.830	0.242	0.266
-18.0	-0.583	0.17339	0.008	0.620	0.001	1.000	0.028	-3.361	0.239	0.264
-17.0	-0.636	0.15405	0.007	0.579	0.001	1.000	0.025	-4.126	0.245	0.262
-16.0	-0.690	0.13662	0.007	0.548	0.001	1.000	0.034	-5.049	0.248	0.261
-15.0	-0.740	0.12300	0.007	0.508	0.001	1.000	0.037	-6.017	0.246	0.260
-14.0	-0.785	0.10602	0.007	0.468	0.001	1.000	0.048	-7.404	0.252	0.259
-13.0	-0.824	0.08845	0.007	0.441	0.002	1.000	0.082	-9.314	0.270	0.259
-12.0	-0.925	0.03828	0.010	0.405	0.003	1.000	0.515	-24.166	0.267	0.261
-11.0	-0.990	0.02045	0.010	0.368	0.003	1.000	0.916	-48.409	0.240	0.260
-10.0	-0.968	0.01765	0.010	0.348	0.004	1.000	0.981	-54.844	0.273	0.260
-9.0	-0.918	0.01409	0.009	0.308	0.004	1.000	0.991	-65.162	0.266	0.259
-8.0	-0.851	0.01319	0.008	0.279	0.004	1.000	0.993	-64.487	0.262	0.259
-7.0	-0.769	0.01234	0.007	0.254	0.004	1.000	0.996	-62.295	0.261	0.259
-6.0	-0.676	0.01173	0.006	0.221	0.005	1.000	0.997	-57.586	0.260	0.259
-5.0	-0.573	0.01240	0.005	0.199	0.007	1.000	0.997	-46.196	0.259	0.258
-4.0	-0.464	0.01187	0.004	0.171	0.012	1.000	0.998	-39.047	0.259	0.258
-3.0	-0.350	0.01151	0.003	0.141	0.017	1.000	0.998	-30.405	0.258	0.258
-2.0	-0.234	0.01118	0.002	0.116	0.029	1.000	0.998	-20.934	0.258	0.258
-1.0	-0.117	0.01100	0.001	0.095	0.046	1.000	0.998	-10.660	0.258	0.258
0.0	-0.000	0.01098	-0.000	0.069	0.069	1.000	0.998	-0.000	0.258	0.250
1.0	0.117	0.01100	-0.001	0.046	0.095	1.000	0.998	10.663	0.258	0.258
2.0	0.234	0.01118	-0.002	0.029	0.116	1.000	0.998	20.942	0.258	0.258
3.0	0.350	0.01151	-0.003	0.017	0.141	1.000	0.998	30.417	0.258	0.258
4.0	0.464	0.01187	-0.004	0.012	0.171	1.000	0.998	39.063	0.259	0.258
5.0	0.573	0.01240	-0.005	0.007	0.199	1.000	0.999	46.220	0.259	0.258
6.0	0.676	0.01173	-0.006	0.005	0.221	1.000	0.999	57.619	0.260	0.259
7.0	0.769	0.01234	-0.007	0.004	0.254	0.996	0.999	62.295	0.261	0.259
8.0	0.851	0.01319	-0.008	0.004	0.279	0.993	0.999	64.487	0.262	0.259
9.0	0.918	0.01409	-0.009	0.004	0.308	0.991	0.999	65.162	0.266	0.259
10.0	0.968	0.01765	-0.009	0.004	0.348	0.981	0.999	54.844	0.273	0.260
11.0	0.990	0.02045	-0.010	0.003	0.368	0.916	0.999	48.409	0.240	0.260
12.0	0.925	0.03828	-0.010	0.003	0.405	0.515	0.999	24.166	0.267	0.261
13.0	0.824	0.08845	-0.007	0.002	0.441	0.082	0.999	9.314	0.270	0.259
14.0	0.785	0.10602	-0.007	0.001	0.468	0.048	0.999	7.404	0.252	0.259
15.0	0.740	0.12300	-0.007	0.001	0.508	0.037	0.999	6.017	0.246	0.260
16.0	0.690	0.13662	-0.007	0.001	0.548	0.034	0.999	5.049	0.248	0.261
17.0	0.636	0.15405	-0.007	0.001	0.579	0.025	0.999	4.126	0.245	0.262
18.0	0.583	0.17339	-0.008	0.001	0.620	0.028	0.999	3.361	0.239	0.264
19.0	0.532	0.18781	-0.009	0.001	0.664	0.031	0.998	2.830	0.242	0.266
20.0	0.483	0.20710	-0.009	0.001	0.709	0.030	0.999	2.331	0.244	0.268

Name = NACA 0009
Mach = 0; Re = 4430000; T.U. = 1.0; T.L. = 1.0
Surface Finish = 2; Stall model = 0; Transition model = 1; Aspect Ratio = 0; ground effect = 0
?	Cl	Cd	Cm 0.25	T.U.	T.L.	S.U.	S.L.	L/D	A.C.	C.P.
[°]	[-]	[-]	[-]	[-]	[-]	[-]	[-]	[-]	[-]	[-]
-20.0	-0.483	0.20501	0.009	0.671	0.001	1.000	0.031	-2.355	0.243	0.269
-19.0	-0.532	0.18575	0.009	0.630	0.001	1.000	0.032	-2.862	0.241	0.266
-18.0	-0.583	0.17196	0.008	0.596	0.001	1.000	0.029	-3.390	0.240	0.264
-17.0	-0.636	0.15648	0.008	0.558	0.001	1.000	0.027	-4.063	0.245	0.262
-16.0	-0.690	0.13638	0.008	0.516	0.001	1.000	0.035	-5.060	0.247	0.261
-15.0	-0.740	0.12139	0.007	0.483	0.001	1.000	0.038	-6.098	0.246	0.260
-14.0	-0.785	0.10538	0.007	0.453	0.001	1.000	0.049	-7.452	0.252	0.259
-13.0	-0.824	0.08840	0.007	0.414	0.001	1.000	0.082	-9.320	0.270	0.259
-12.0	-0.942	0.03312	0.010	0.391	0.003	1.000	0.597	-28.435	0.267	0.261
-11.0	-0.992	0.01996	0.010	0.355	0.003	1.000	0.929	-49.718	0.223	0.260
-10.0	-0.968	0.01354	0.010	0.322	0.004	1.000	0.982	-71.511	0.273	0.260
-9.0	-0.918	0.01385	0.009	0.300	0.004	1.000	0.991	-66.306	0.266	0.259
-8.0	-0.851	0.01301	0.008	0.264	0.004	1.000	0.993	-65.377	0.262	0.259
-7.0	-0.769	0.01218	0.007	0.244	0.004	1.000	0.996	-63.140	0.261	0.259
-6.0	-0.676	0.01162	0.006	0.214	0.005	1.000	0.997	-58.144	0.260	0.259
-5.0	-0.573	0.01230	0.005	0.184	0.007	1.000	0.997	-46.586	0.259	0.258
-4.0	-0.464	0.01170	0.004	0.167	0.011	1.000	0.998	-39.627	0.259	0.258
-3.0	-0.350	0.01136	0.003	0.135	0.016	1.000	0.998	-30.813	0.258	0.258
-2.0	-0.234	0.01105	0.002	0.108	0.027	1.000	0.998	-21.181	0.258	0.258
-1.0	-0.117	0.01090	0.001	0.086	0.044	1.000	0.998	-10.758	0.258	0.258
0.0	-0.000	0.01082	-0.000	0.065	0.065	1.000	0.998	-0.000	0.258	0.250
1.0	0.117	0.01090	-0.001	0.044	0.086	1.000	0.998	10.762	0.258	0.258
2.0	0.234	0.01105	-0.002	0.027	0.108	1.000	0.998	21.189	0.258	0.258
3.0	0.350	0.01136	-0.003	0.016	0.135	1.000	0.998	30.825	0.258	0.258
4.0	0.464	0.01170	-0.004	0.011	0.167	1.000	0.998	39.642	0.259	0.258
5.0	0.573	0.01229	-0.005	0.007	0.184	1.000	0.999	46.610	0.259	0.258
6.0	0.676	0.01162	-0.006	0.005	0.214	1.000	0.999	58.177	0.260	0.259
7.0	0.769	0.01218	-0.007	0.004	0.244	0.996	0.999	63.140	0.261	0.259
8.0	0.851	0.01301	-0.008	0.004	0.264	0.993	0.999	65.377	0.262	0.259
9.0	0.918	0.01385	-0.009	0.004	0.300	0.991	0.999	66.306	0.266	0.259
10.0	0.968	0.01354	-0.010	0.004	0.322	0.982	0.999	71.511	0.273	0.260
11.0	0.992	0.01996	-0.010	0.003	0.355	0.929	0.999	49.718	0.223	0.260
12.0	0.942	0.03312	-0.010	0.003	0.391	0.597	0.999	28.435	0.267	0.261
13.0	0.824	0.08840	-0.007	0.001	0.414	0.082	0.999	9.320	0.270	0.259
14.0	0.785	0.10538	-0.007	0.001	0.453	0.049	0.999	7.452	0.252	0.259
15.0	0.740	0.12139	-0.007	0.001	0.483	0.038	0.999	6.098	0.246	0.260
16.0	0.690	0.13638	-0.008	0.001	0.516	0.035	0.999	5.060	0.247	0.261
17.0	0.636	0.15648	-0.008	0.001	0.558	0.027	0.999	4.063	0.245	0.262
18.0	0.583	0.17196	-0.008	0.001	0.596	0.029	0.999	3.390	0.240	0.264
19.0	0.532	0.18575	-0.009	0.001	0.630	0.032	0.998	2.862	0.241	0.266
20.0	0.483	0.20501	-0.009	0.001	0.671	0.031	0.999	2.355	0.243	0.269

Name = NACA 0009
Mach = 0; Re = 4830000; T.U. = 1.0; T.L. = 1.0
Surface Finish = 2; Stall model = 0; Transition model = 1; Aspect Ratio = 0; ground effect = 0
?	Cl	Cd	Cm 0.25	T.U.	T.L.	S.U.	S.L.	L/D	A.C.	C.P.
[°]	[-]	[-]	[-]	[-]	[-]	[-]	[-]	[-]	[-]	[-]
-20.0	-0.483	0.20497	0.009	0.647	0.001	1.000	0.031	-2.356	0.244	0.269
-19.0	-0.532	0.18460	0.009	0.608	0.001	1.000	0.033	-2.881	0.241	0.266
-18.0	-0.583	0.17039	0.008	0.567	0.001	1.000	0.030	-3.422	0.240	0.264
-17.0	-0.636	0.15477	0.008	0.530	0.001	1.000	0.028	-4.109	0.245	0.262
-16.0	-0.690	0.13596	0.008	0.503	0.001	1.000	0.036	-5.076	0.247	0.261
-15.0	-0.741	0.11993	0.007	0.462	0.001	1.000	0.039	-6.175	0.246	0.260
-14.0	-0.785	0.10478	0.007	0.432	0.001	1.000	0.050	-7.496	0.251	0.259
-13.0	-0.824	0.08829	0.007	0.403	0.001	1.000	0.081	-9.329	0.269	0.259
-12.0	-0.955	0.02954	0.010	0.367	0.003	1.000	0.663	-32.345	0.267	0.261
-11.0	-0.993	0.01969	0.010	0.348	0.003	1.000	0.934	-50.453	0.178	0.260
-10.0	-0.969	0.01340	0.010	0.309	0.004	1.000	0.983	-72.269	0.273	0.260
-9.0	-0.918	0.01371	0.009	0.286	0.004	1.000	0.991	-66.981	0.266	0.259
-8.0	-0.851	0.01284	0.008	0.257	0.004	1.000	0.993	-66.236	0.262	0.259
-7.0	-0.769	0.01209	0.007	0.227	0.004	1.000	0.996	-63.609	0.261	0.259
-6.0	-0.676	0.01277	0.006	0.209	0.005	1.000	0.997	-52.889	0.260	0.259
-5.0	-0.573	0.01212	0.005	0.176	0.006	1.000	0.997	-47.248	0.259	0.258
-4.0	-0.464	0.01161	0.004	0.152	0.011	1.000	0.998	-39.934	0.259	0.258
-3.0	-0.350	0.01124	0.003	0.131	0.016	1.000	0.998	-31.148	0.258	0.258
-2.0	-0.234	0.01094	0.002	0.103	0.026	1.000	0.998	-21.395	0.258	0.258
-1.0	-0.117	0.01079	0.001	0.080	0.041	1.000	0.998	-10.862	0.258	0.258
0.0	-0.000	0.01075	-0.000	0.060	0.060	1.000	0.998	-0.000	0.258	0.250
1.0	0.117	0.01079	-0.001	0.041	0.080	1.000	0.998	10.866	0.258	0.258
2.0	0.234	0.01094	-0.002	0.026	0.103	1.000	0.998	21.403	0.258	0.258
3.0	0.350	0.01124	-0.003	0.016	0.131	1.000	0.998	31.160	0.258	0.258
4.0	0.464	0.01161	-0.004	0.011	0.152	1.000	0.998	39.950	0.259	0.258
5.0	0.573	0.01212	-0.005	0.006	0.176	1.000	0.999	47.273	0.259	0.258
6.0	0.676	0.01277	-0.006	0.005	0.209	1.000	0.999	52.918	0.260	0.259
7.0	0.769	0.01209	-0.007	0.004	0.227	0.996	0.999	63.609	0.261	0.259
8.0	0.851	0.01284	-0.008	0.004	0.257	0.993	0.999	66.236	0.262	0.259
9.0	0.918	0.01371	-0.009	0.004	0.286	0.991	0.999	66.981	0.266	0.259
10.0	0.969	0.01340	-0.010	0.004	0.309	0.983	0.999	72.269	0.273	0.260
11.0	0.993	0.01969	-0.010	0.003	0.348	0.934	0.999	50.453	0.178	0.260
12.0	0.955	0.02954	-0.010	0.003	0.367	0.663	0.999	32.345	0.267	0.261
13.0	0.824	0.08829	-0.007	0.001	0.403	0.081	0.999	9.329	0.269	0.259
14.0	0.785	0.10478	-0.007	0.001	0.432	0.050	0.999	7.496	0.251	0.259
15.0	0.741	0.11993	-0.007	0.001	0.462	0.039	0.999	6.175	0.246	0.260
16.0	0.690	0.13596	-0.008	0.001	0.503	0.036	0.999	5.076	0.247	0.261
17.0	0.636	0.15477	-0.008	0.001	0.530	0.028	0.999	4.109	0.245	0.262
18.0	0.583	0.17039	-0.008	0.001	0.567	0.030	0.999	3.422	0.240	0.264
19.0	0.532	0.18460	-0.009	0.001	0.608	0.033	0.998	2.881	0.241	0.266
20.0	0.483	0.20497	-0.009	0.001	0.647	0.031	0.999	2.356	0.244	0.269

Name = NACA 0009
Mach = 0; Re = 5230000; T.U. = 1.0; T.L. = 1.0
Surface Finish = 2; Stall model = 0; Transition model = 1; Aspect Ratio = 0; ground effect = 0
?	Cl	Cd	Cm 0.25	T.U.	T.L.	S.U.	S.L.	L/D	A.C.	C.P.
[°]	[-]	[-]	[-]	[-]	[-]	[-]	[-]	[-]	[-]	[-]
-20.0	-0.483	0.20496	0.009	0.618	0.001	1.000	0.033	-2.357	0.243	0.269
-19.0	-0.532	0.18536	0.009	0.580	0.001	1.000	0.034	-2.870	0.241	0.266
-18.0	-0.583	0.16945	0.008	0.554	0.001	1.000	0.031	-3.442	0.240	0.264
-17.0	-0.636	0.15481	0.008	0.512	0.001	1.000	0.028	-4.109	0.245	0.262
-16.0	-0.690	0.13510	0.008	0.477	0.001	1.000	0.037	-5.110	0.247	0.261
-15.0	-0.741	0.11930	0.007	0.452	0.001	1.000	0.041	-6.209	0.246	0.260
-14.0	-0.786	0.10456	0.007	0.413	0.001	1.000	0.051	-7.514	0.251	0.259
-13.0	-0.824	0.08794	0.007	0.392	0.001	1.000	0.083	-9.371	0.269	0.259
-12.0	-0.951	0.03045	0.010	0.355	0.003	1.000	0.642	-31.237	0.267	0.261
-11.0	-0.995	0.01936	0.010	0.326	0.003	1.000	0.941	-51.381	0.201	0.260
-10.0	-0.969	0.01324	0.010	0.302	0.004	1.000	0.984	-73.178	0.272	0.260
-9.0	-0.918	0.01354	0.009	0.269	0.004	1.000	0.992	-67.848	0.266	0.259
-8.0	-0.851	0.01269	0.008	0.252	0.004	1.000	0.994	-67.043	0.262	0.259
-7.0	-0.769	0.01196	0.007	0.218	0.004	1.000	0.996	-64.302	0.261	0.259
-6.0	-0.676	0.01268	0.006	0.198	0.005	1.000	0.997	-53.281	0.260	0.259
-5.0	-0.573	0.01205	0.005	0.172	0.006	1.000	0.997	-47.519	0.259	0.258
-4.0	-0.464	0.01147	0.004	0.143	0.010	1.000	0.998	-40.411	0.259	0.258
-3.0	-0.350	0.01109	0.003	0.128	0.015	1.000	0.998	-31.557	0.258	0.258
-2.0	-0.234	0.01084	0.002	0.100	0.024	1.000	0.998	-21.601	0.258	0.258
-1.0	-0.117	0.01069	0.001	0.076	0.038	1.000	0.998	-10.962	0.258	0.258
0.0	-0.000	0.01061	-0.000	0.056	0.056	1.000	0.998	-0.000	0.258	0.250
1.0	0.117	0.01069	-0.001	0.038	0.076	1.000	0.998	10.967	0.258	0.258
2.0	0.234	0.01084	-0.002	0.024	0.100	1.000	0.998	21.608	0.258	0.258
3.0	0.350	0.01109	-0.003	0.015	0.128	1.000	0.998	31.569	0.258	0.258
4.0	0.464	0.01147	-0.004	0.010	0.143	1.000	0.998	40.427	0.259	0.258
5.0	0.573	0.01205	-0.005	0.006	0.172	1.000	0.999	47.544	0.259	0.258
6.0	0.676	0.01268	-0.006	0.005	0.198	1.000	0.999	53.311	0.260	0.259
7.0	0.769	0.01196	-0.007	0.004	0.218	0.996	0.999	64.302	0.261	0.259
8.0	0.851	0.01269	-0.008	0.004	0.252	0.994	0.999	67.043	0.262	0.259
9.0	0.918	0.01354	-0.009	0.004	0.269	0.992	0.999	67.848	0.266	0.259
10.0	0.969	0.01324	-0.010	0.004	0.302	0.984	0.999	73.178	0.272	0.260
11.0	0.995	0.01936	-0.010	0.003	0.326	0.941	0.999	51.381	0.201	0.260
12.0	0.951	0.03045	-0.010	0.003	0.355	0.642	0.999	31.237	0.267	0.261
13.0	0.824	0.08794	-0.007	0.001	0.392	0.083	0.999	9.371	0.269	0.259
14.0	0.786	0.10456	-0.007	0.001	0.413	0.051	0.999	7.514	0.251	0.259
15.0	0.741	0.11930	-0.007	0.001	0.452	0.041	0.999	6.209	0.246	0.260
16.0	0.690	0.13510	-0.008	0.001	0.477	0.037	0.999	5.110	0.247	0.261
17.0	0.636	0.15481	-0.008	0.001	0.512	0.028	0.999	4.109	0.245	0.262
18.0	0.583	0.16945	-0.008	0.001	0.554	0.031	0.999	3.442	0.240	0.264
19.0	0.532	0.18536	-0.009	0.001	0.580	0.034	0.999	2.870	0.241	0.266
20.0	0.483	0.20496	-0.009	0.001	0.618	0.033	0.999	2.357	0.243	0.269

Name = NACA 0009
Mach = 0; Re = 5630000; T.U. = 1.0; T.L. = 1.0
Surface Finish = 2; Stall model = 0; Transition model = 1; Aspect Ratio = 0; ground effect = 0
?	Cl	Cd	Cm 0.25	T.U.	T.L.	S.U.	S.L.	L/D	A.C.	C.P.
[°]	[-]	[-]	[-]	[-]	[-]	[-]	[-]	[-]	[-]	[-]
-20.0	-0.483	0.20155	0.009	0.605	0.001	1.000	0.033	-2.397	0.243	0.269
-19.0	-0.532	0.18234	0.009	0.562	0.001	1.000	0.034	-2.917	0.242	0.266
-18.0	-0.583	0.16914	0.008	0.525	0.001	1.000	0.032	-3.449	0.240	0.264
-17.0	-0.636	0.15418	0.008	0.502	0.001	1.000	0.029	-4.127	0.245	0.262
-16.0	-0.691	0.13469	0.008	0.461	0.001	1.000	0.038	-5.127	0.247	0.261
-15.0	-0.741	0.11977	0.007	0.432	0.001	1.000	0.041	-6.185	0.246	0.260
-14.0	-0.786	0.10368	0.007	0.403	0.001	1.000	0.053	-7.582	0.251	0.259
-13.0	-0.824	0.08754	0.007	0.369	0.001	1.000	0.085	-9.417	0.269	0.259
-12.0	-0.919	0.03981	0.010	0.349	0.002	1.000	0.484	-23.078	0.267	0.261
-11.0	-0.996	0.01906	0.010	0.312	0.003	1.000	0.947	-52.267	0.244	0.260
-10.0	-0.969	0.01306	0.010	0.298	0.004	1.000	0.985	-74.179	0.272	0.260
-9.0	-0.918	0.01336	0.009	0.261	0.004	1.000	0.992	-68.721	0.266	0.259
-8.0	-0.851	0.01260	0.008	0.239	0.004	1.000	0.994	-67.528	0.262	0.259
-7.0	-0.769	0.01182	0.007	0.213	0.004	1.000	0.996	-65.078	0.261	0.259
-6.0	-0.676	0.01252	0.006	0.185	0.005	1.000	0.997	-53.944	0.260	0.259
-5.0	-0.573	0.01188	0.005	0.168	0.006	1.000	0.998	-48.217	0.259	0.258
-4.0	-0.464	0.01138	0.004	0.138	0.010	1.000	0.998	-40.746	0.259	0.258
-3.0	-0.350	0.01101	0.003	0.117	0.015	1.000	0.998	-31.783	0.258	0.258
-2.0	-0.234	0.01075	0.002	0.098	0.023	1.000	0.998	-21.771	0.258	0.258
-1.0	-0.117	0.01059	0.001	0.074	0.036	1.000	0.998	-11.065	0.258	0.258
0.0	-0.000	0.01051	-0.000	0.052	0.052	1.000	0.998	-0.000	0.258	0.250
1.0	0.117	0.01059	-0.001	0.036	0.074	1.000	0.998	11.070	0.258	0.258
2.0	0.234	0.01075	-0.002	0.023	0.098	1.000	0.998	21.778	0.258	0.258
3.0	0.350	0.01101	-0.003	0.015	0.117	1.000	0.998	31.795	0.258	0.258
4.0	0.464	0.01138	-0.004	0.010	0.138	1.000	0.998	40.761	0.259	0.258
5.0	0.573	0.01188	-0.005	0.006	0.168	1.000	0.999	48.242	0.259	0.258
6.0	0.676	0.01252	-0.006	0.005	0.185	1.000	0.999	53.974	0.260	0.259
7.0	0.769	0.01182	-0.007	0.004	0.213	0.996	0.999	65.078	0.261	0.259
8.0	0.851	0.01260	-0.008	0.004	0.239	0.994	0.999	67.528	0.262	0.259
9.0	0.918	0.01336	-0.009	0.004	0.261	0.992	0.999	68.721	0.266	0.259
10.0	0.969	0.01306	-0.010	0.004	0.298	0.985	0.999	74.179	0.272	0.260
11.0	0.996	0.01906	-0.010	0.003	0.312	0.947	0.999	52.267	0.244	0.260
12.0	0.919	0.03981	-0.010	0.002	0.349	0.484	0.999	23.078	0.267	0.261
13.0	0.824	0.08754	-0.007	0.001	0.369	0.085	0.999	9.417	0.269	0.259
14.0	0.786	0.10368	-0.007	0.001	0.403	0.053	0.999	7.582	0.251	0.259
15.0	0.741	0.11977	-0.007	0.001	0.432	0.041	0.999	6.185	0.246	0.260
16.0	0.691	0.13469	-0.008	0.001	0.461	0.038	0.999	5.127	0.247	0.261
17.0	0.636	0.15418	-0.008	0.001	0.502	0.029	0.999	4.127	0.245	0.262
18.0	0.583	0.16914	-0.008	0.001	0.525	0.032	0.999	3.449	0.240	0.264
19.0	0.532	0.18234	-0.009	0.001	0.562	0.034	0.999	2.917	0.242	0.266
20.0	0.483	0.20155	-0.009	0.001	0.605	0.033	0.999	2.397	0.243	0.269

Name = NACA 0009
Mach = 0; Re = 6030000; T.U. = 1.0; T.L. = 1.0
Surface Finish = 2; Stall model = 0; Transition model = 1; Aspect Ratio = 0; ground effect = 0
?	Cl	Cd	Cm 0.25	T.U.	T.L.	S.U.	S.L.	L/D	A.C.	C.P.
[°]	[-]	[-]	[-]	[-]	[-]	[-]	[-]	[-]	[-]	[-]
-20.0	-0.483	0.20290	0.009	0.576	0.001	1.000	0.034	-2.381	0.243	0.269
-19.0	-0.532	0.18319	0.009	0.553	0.001	1.000	0.035	-2.905	0.241	0.267
-18.0	-0.583	0.16793	0.008	0.510	0.001	1.000	0.032	-3.474	0.240	0.264
-17.0	-0.636	0.15184	0.008	0.477	0.001	1.000	0.030	-4.191	0.245	0.262
-16.0	-0.691	0.13383	0.008	0.453	0.001	1.000	0.038	-5.160	0.245	0.261
-15.0	-0.740	0.12016	0.007	0.415	0.001	1.000	0.037	-6.160	0.243	0.260
-14.0	-0.785	0.10584	0.007	0.398	0.001	1.000	0.045	-7.412	0.251	0.259
-13.0	-0.823	0.08846	0.007	0.358	0.001	1.000	0.078	-9.303	0.271	0.259
-12.0	-0.912	0.04197	0.010	0.337	0.002	1.000	0.452	-21.736	0.267	0.261
-11.0	-0.997	0.01879	0.010	0.306	0.003	1.000	0.952	-53.061	0.247	0.260
-10.0	-0.969	0.01292	0.010	0.278	0.004	1.000	0.986	-74.997	0.272	0.260
-9.0	-0.918	0.01320	0.009	0.256	0.004	1.000	0.992	-69.592	0.265	0.259
-8.0	-0.851	0.01246	0.008	0.226	0.004	1.000	0.994	-68.273	0.262	0.259
-7.0	-0.769	0.01172	0.007	0.209	0.004	1.000	0.996	-65.612	0.261	0.259
-6.0	-0.676	0.01246	0.006	0.178	0.004	1.000	0.997	-54.224	0.260	0.259
-5.0	-0.573	0.01179	0.005	0.164	0.006	1.000	0.998	-48.582	0.259	0.258
-4.0	-0.464	0.01130	0.004	0.135	0.009	1.000	0.998	-41.033	0.259	0.258
-3.0	-0.350	0.01097	0.003	0.110	0.014	1.000	0.998	-31.920	0.258	0.258
-2.0	-0.234	0.01066	0.002	0.096	0.022	1.000	0.998	-21.952	0.258	0.258
-1.0	-0.117	0.01050	0.001	0.071	0.034	1.000	0.998	-11.167	0.258	0.258
0.0	-0.000	0.01047	-0.000	0.050	0.050	1.000	0.998	-0.000	0.258	0.250
1.0	0.117	0.01050	-0.001	0.034	0.071	1.000	0.998	11.172	0.258	0.258
2.0	0.234	0.01066	-0.002	0.022	0.096	1.000	0.998	21.960	0.258	0.258
3.0	0.350	0.01097	-0.003	0.014	0.110	1.000	0.998	31.932	0.258	0.258
4.0	0.464	0.01130	-0.004	0.009	0.135	1.000	0.998	41.049	0.259	0.258
5.0	0.573	0.01179	-0.005	0.006	0.164	1.000	0.999	48.607	0.259	0.258
6.0	0.676	0.01246	-0.006	0.004	0.178	1.000	0.999	54.254	0.260	0.259
7.0	0.769	0.01172	-0.007	0.004	0.209	0.996	0.999	65.612	0.261	0.259
8.0	0.851	0.01246	-0.008	0.004	0.226	0.994	0.999	68.273	0.262	0.259
9.0	0.918	0.01320	-0.009	0.004	0.256	0.992	0.999	69.592	0.265	0.259
10.0	0.969	0.01292	-0.010	0.004	0.278	0.986	0.999	74.997	0.272	0.260
11.0	0.997	0.01879	-0.010	0.003	0.306	0.952	0.999	53.061	0.247	0.260
12.0	0.912	0.04197	-0.010	0.002	0.337	0.452	0.999	21.736	0.267	0.261
13.0	0.823	0.08846	-0.007	0.001	0.358	0.078	0.999	9.303	0.271	0.259
14.0	0.785	0.10584	-0.007	0.001	0.398	0.045	0.999	7.412	0.251	0.259
15.0	0.740	0.12016	-0.007	0.001	0.415	0.037	0.999	6.160	0.243	0.260
16.0	0.691	0.13383	-0.008	0.001	0.453	0.038	0.999	5.160	0.245	0.261
17.0	0.636	0.15184	-0.008	0.001	0.477	0.030	0.999	4.191	0.245	0.262
18.0	0.583	0.16793	-0.008	0.001	0.510	0.032	0.999	3.474	0.240	0.264
19.0	0.532	0.18319	-0.009	0.001	0.553	0.035	0.999	2.905	0.241	0.267
20.0	0.483	0.20290	-0.009	0.001	0.576	0.034	0.999	2.381	0.243	0.269

Name = NACA 0009
Mach = 0; Re = 6430000; T.U. = 1.0; T.L. = 1.0
Surface Finish = 2; Stall model = 0; Transition model = 1; Aspect Ratio = 0; ground effect = 0
?	Cl	Cd	Cm 0.25	T.U.	T.L.	S.U.	S.L.	L/D	A.C.	C.P.
[°]	[-]	[-]	[-]	[-]	[-]	[-]	[-]	[-]	[-]	[-]
-20.0	-0.483	0.20060	0.009	0.562	0.001	1.000	0.035	-2.409	0.243	0.269
-19.0	-0.532	0.18115	0.009	0.525	0.001	1.000	0.036	-2.938	0.241	0.267
-18.0	-0.583	0.16582	0.008	0.503	0.001	1.000	0.033	-3.519	0.241	0.264
-17.0	-0.637	0.15064	0.008	0.463	0.001	1.000	0.034	-4.228	0.245	0.262
-16.0	-0.691	0.13327	0.008	0.441	0.001	1.000	0.038	-5.183	0.244	0.261
-15.0	-0.740	0.12019	0.007	0.406	0.001	1.000	0.038	-6.160	0.244	0.260
-14.0	-0.785	0.10489	0.007	0.377	0.001	1.000	0.047	-7.483	0.251	0.259
-13.0	-0.823	0.08827	0.007	0.352	0.001	1.000	0.078	-9.325	0.270	0.259
-12.0	-0.919	0.03936	0.010	0.319	0.002	1.000	0.487	-23.361	0.267	0.261
-11.0	-0.998	0.01853	0.010	0.301	0.003	1.000	0.957	-53.854	0.244	0.260
-10.0	-0.969	0.01280	0.010	0.267	0.004	1.000	0.987	-75.756	0.272	0.260
-9.0	-0.918	0.01311	0.009	0.253	0.004	1.000	0.992	-70.034	0.265	0.259
-8.0	-0.851	0.01234	0.008	0.219	0.004	1.000	0.994	-68.951	0.262	0.259
-7.0	-0.769	0.01160	0.007	0.207	0.004	1.000	0.997	-66.289	0.261	0.259
-6.0	-0.676	0.01230	0.006	0.174	0.004	1.000	0.997	-54.933	0.260	0.259
-5.0	-0.573	0.01169	0.005	0.151	0.005	1.000	0.998	-48.999	0.259	0.258
-4.0	-0.464	0.01117	0.004	0.132	0.009	1.000	0.998	-41.525	0.259	0.258
-3.0	-0.350	0.01085	0.003	0.106	0.014	1.000	0.998	-32.271	0.258	0.258
-2.0	-0.234	0.01058	0.002	0.089	0.021	1.000	0.998	-22.128	0.258	0.258
-1.0	-0.117	0.01040	0.001	0.070	0.033	1.000	0.998	-11.272	0.258	0.258
0.0	-0.000	0.01042	-0.000	0.049	0.049	1.000	0.998	-0.000	0.258	0.250
1.0	0.117	0.01040	-0.001	0.033	0.070	1.000	0.998	11.276	0.258	0.258
2.0	0.234	0.01058	-0.002	0.021	0.089	1.000	0.998	22.136	0.258	0.258
3.0	0.350	0.01085	-0.003	0.014	0.106	1.000	0.998	32.282	0.258	0.258
4.0	0.464	0.01117	-0.004	0.009	0.132	1.000	0.998	41.541	0.259	0.258
5.0	0.573	0.01169	-0.005	0.005	0.151	1.000	0.999	49.023	0.259	0.258
6.0	0.676	0.01230	-0.006	0.004	0.174	1.000	0.999	54.962	0.260	0.259
7.0	0.769	0.01160	-0.007	0.004	0.207	0.997	0.999	66.289	0.261	0.259
8.0	0.851	0.01234	-0.008	0.004	0.219	0.994	0.999	68.951	0.262	0.259
9.0	0.918	0.01311	-0.009	0.004	0.253	0.992	0.999	70.034	0.265	0.259
10.0	0.969	0.01280	-0.010	0.004	0.267	0.987	0.999	75.756	0.272	0.260
11.0	0.998	0.01853	-0.010	0.003	0.301	0.957	0.999	53.854	0.244	0.260
12.0	0.919	0.03936	-0.010	0.002	0.319	0.487	0.999	23.361	0.267	0.261
13.0	0.823	0.08827	-0.007	0.001	0.352	0.078	0.999	9.325	0.270	0.259
14.0	0.785	0.10489	-0.007	0.001	0.377	0.047	0.999	7.483	0.251	0.259
15.0	0.740	0.12019	-0.007	0.001	0.406	0.038	0.999	6.160	0.244	0.260
16.0	0.691	0.13327	-0.008	0.001	0.441	0.038	0.999	5.183	0.244	0.261
17.0	0.637	0.15064	-0.008	0.001	0.463	0.034	0.999	4.228	0.245	0.262
18.0	0.583	0.16582	-0.008	0.001	0.503	0.033	0.999	3.519	0.241	0.264
19.0	0.532	0.18115	-0.009	0.001	0.525	0.036	0.999	2.938	0.241	0.267
20.0	0.483	0.20060	-0.009	0.001	0.562	0.035	0.999	2.409	0.243	0.269


