Name = NACA 0010
Mach = 0; Re = 30000; T.U. = 1.0; T.L. = 1.0
Surface Finish = 2; Stall model = 0; Transition model = 1; Aspect Ratio = 0; ground effect = 0
?	Cl	Cd	Cm 0.25	T.U.	T.L.	S.U.	S.L.	L/D	A.C.	C.P.
[°]	[-]	[-]	[-]	[-]	[-]	[-]	[-]	[-]	[-]	[-]
-20.0	-0.624	0.58260	0.007	0.983	0.003	0.991	0.004	-1.070	0.247	0.261
-19.0	-0.676	0.50452	0.007	0.982	0.003	0.991	0.005	-1.340	0.246	0.260
-18.0	-0.729	0.44030	0.006	0.981	0.004	0.991	0.005	-1.656	0.245	0.259
-17.0	-0.780	0.37065	0.006	0.979	0.004	0.990	0.005	-2.105	0.244	0.258
-16.0	-0.827	0.31580	0.006	0.978	0.004	0.990	0.005	-2.619	0.244	0.257
-15.0	-0.866	0.26646	0.006	0.977	0.004	0.989	0.006	-3.252	0.239	0.256
-14.0	-0.881	0.22488	0.005	0.974	0.004	0.987	0.006	-3.920	0.211	0.256
-13.0	-0.883	0.19171	0.005	0.969	0.004	0.986	0.006	-4.606	0.311	0.256
-12.0	-0.872	0.16124	0.005	0.966	0.005	0.984	0.006	-5.411	0.267	0.255
-11.0	-0.849	0.13552	0.004	0.962	0.005	0.983	0.007	-6.263	0.259	0.255
-10.0	-0.812	0.11174	0.004	0.958	0.006	0.981	0.008	-7.267	0.257	0.255
-9.0	-0.762	0.09477	0.004	0.950	0.006	0.980	0.009	-8.044	0.256	0.255
-8.0	-0.701	0.08080	0.003	0.941	0.007	0.978	0.010	-8.681	0.253	0.255
-7.0	-0.631	0.06974	0.003	0.932	0.010	0.977	0.017	-9.050	0.252	0.255
-6.0	-0.553	0.06050	0.003	0.917	0.017	0.975	0.024	-9.138	0.213	0.256
-5.0	-0.576	0.03212	0.005	0.900	0.022	0.972	0.962	-17.936	0.236	0.259
-4.0	-0.467	0.03097	0.004	0.875	0.157	0.970	0.978	-15.066	0.259	0.259
-3.0	-0.352	0.02922	0.003	0.843	0.332	0.969	0.978	-12.033	0.259	0.259
-2.0	-0.235	0.02803	0.002	0.800	0.457	0.969	0.979	-8.387	0.259	0.259
-1.0	-0.118	0.02744	0.001	0.742	0.573	0.972	0.977	-4.289	0.259	0.259
0.0	0.000	0.02723	-0.000	0.666	0.666	0.975	0.975	0.000	0.259	0.250
1.0	0.118	0.02744	-0.001	0.573	0.742	0.977	0.972	4.289	0.259	0.259
2.0	0.235	0.02803	-0.002	0.457	0.800	0.979	0.969	8.387	0.259	0.259
3.0	0.352	0.02922	-0.003	0.332	0.843	0.978	0.969	12.033	0.259	0.259
4.0	0.467	0.03097	-0.004	0.157	0.875	0.978	0.970	15.066	0.259	0.259
5.0	0.576	0.03212	-0.005	0.022	0.900	0.962	0.972	17.936	0.236	0.259
6.0	0.553	0.06050	-0.003	0.017	0.917	0.024	0.975	9.138	0.213	0.256
7.0	0.631	0.06974	-0.003	0.010	0.932	0.017	0.977	9.050	0.252	0.255
8.0	0.701	0.08080	-0.003	0.007	0.941	0.010	0.978	8.681	0.253	0.255
9.0	0.762	0.09477	-0.004	0.006	0.950	0.009	0.980	8.044	0.256	0.255
10.0	0.812	0.11174	-0.004	0.006	0.958	0.008	0.981	7.267	0.257	0.255
11.0	0.849	0.13552	-0.004	0.005	0.962	0.007	0.983	6.263	0.259	0.255
12.0	0.872	0.16124	-0.005	0.005	0.966	0.006	0.984	5.411	0.267	0.255
13.0	0.883	0.19171	-0.005	0.004	0.969	0.006	0.986	4.606	0.311	0.256
14.0	0.881	0.22488	-0.005	0.004	0.974	0.006	0.987	3.920	0.211	0.256
15.0	0.866	0.26646	-0.006	0.004	0.977	0.006	0.989	3.252	0.239	0.256
16.0	0.827	0.31580	-0.006	0.004	0.978	0.005	0.990	2.619	0.244	0.257
17.0	0.780	0.37065	-0.006	0.004	0.979	0.005	0.990	2.105	0.244	0.258
18.0	0.729	0.44030	-0.006	0.004	0.981	0.005	0.991	1.656	0.245	0.259
19.0	0.676	0.50452	-0.007	0.003	0.982	0.005	0.991	1.340	0.246	0.260
20.0	0.624	0.58260	-0.007	0.003	0.983	0.004	0.991	1.070	0.247	0.261

Name = NACA 0010
Mach = 0; Re = 430000; T.U. = 1.0; T.L. = 1.0
Surface Finish = 2; Stall model = 0; Transition model = 1; Aspect Ratio = 0; ground effect = 0
?	Cl	Cd	Cm 0.25	T.U.	T.L.	S.U.	S.L.	L/D	A.C.	C.P.
[°]	[-]	[-]	[-]	[-]	[-]	[-]	[-]	[-]	[-]	[-]
-20.0	-0.624	0.26567	0.008	0.973	0.003	0.994	0.008	-2.349	0.244	0.262
-19.0	-0.677	0.22916	0.007	0.968	0.003	0.995	0.008	-2.953	0.245	0.261
-18.0	-0.730	0.20810	0.007	0.963	0.003	0.995	0.009	-3.506	0.244	0.260
-17.0	-0.781	0.18306	0.007	0.959	0.004	0.995	0.009	-4.266	0.244	0.259
-16.0	-0.828	0.16092	0.006	0.952	0.004	0.996	0.009	-5.144	0.243	0.258
-15.0	-0.867	0.13847	0.006	0.942	0.004	0.996	0.010	-6.264	0.239	0.257
-14.0	-0.882	0.12237	0.006	0.935	0.004	0.996	0.010	-7.211	0.220	0.257
-13.0	-0.884	0.10776	0.006	0.918	0.004	0.997	0.012	-8.206	0.293	0.256
-12.0	-0.874	0.09424	0.005	0.903	0.005	1.000	0.015	-9.277	0.254	0.256
-11.0	-0.852	0.08220	0.005	0.879	0.005	1.000	0.023	-10.368	0.235	0.256
-10.0	-0.824	0.06839	0.006	0.847	0.006	1.000	0.067	-12.048	0.297	0.257
-9.0	-0.936	0.02340	0.009	0.809	0.006	1.000	0.921	-39.999	0.301	0.260
-8.0	-0.870	0.02099	0.008	0.761	0.007	1.000	0.973	-41.447	0.263	0.260
-7.0	-0.783	0.01492	0.007	0.706	0.010	1.000	0.985	-52.491	0.261	0.260
-6.0	-0.686	0.01542	0.006	0.639	0.017	1.000	0.991	-44.461	0.260	0.259
-5.0	-0.580	0.01470	0.005	0.573	0.022	1.000	0.992	-39.439	0.260	0.259
-4.0	-0.468	0.01398	0.004	0.510	0.042	1.000	0.993	-33.475	0.259	0.259
-3.0	-0.353	0.01334	0.003	0.450	0.092	1.000	0.995	-26.448	0.259	0.259
-2.0	-0.236	0.01286	0.002	0.390	0.157	1.000	0.996	-18.343	0.259	0.259
-1.0	-0.118	0.01267	0.001	0.333	0.218	1.000	0.997	-9.323	0.259	0.259
0.0	0.000	0.01180	-0.000	0.276	0.276	1.000	0.997	0.000	0.259	0.250
1.0	0.118	0.01267	-0.001	0.218	0.333	0.997	0.997	9.323	0.259	0.259
2.0	0.236	0.01286	-0.002	0.157	0.390	0.996	0.998	18.343	0.259	0.259
3.0	0.353	0.01334	-0.003	0.092	0.450	0.995	0.998	26.448	0.259	0.259
4.0	0.468	0.01398	-0.004	0.042	0.510	0.993	0.998	33.475	0.259	0.259
5.0	0.580	0.01470	-0.005	0.022	0.573	0.992	0.998	39.439	0.260	0.259
6.0	0.686	0.01542	-0.006	0.017	0.639	0.991	0.998	44.461	0.260	0.259
7.0	0.783	0.01492	-0.007	0.010	0.706	0.985	0.998	52.491	0.261	0.260
8.0	0.870	0.02099	-0.008	0.007	0.761	0.973	0.998	41.447	0.263	0.260
9.0	0.936	0.02340	-0.009	0.006	0.809	0.921	0.998	39.999	0.301	0.260
10.0	0.824	0.06839	-0.006	0.006	0.847	0.067	0.998	12.048	0.297	0.257
11.0	0.852	0.08220	-0.005	0.005	0.879	0.023	0.997	10.368	0.235	0.256
12.0	0.874	0.09424	-0.005	0.005	0.903	0.015	0.997	9.277	0.254	0.256
13.0	0.884	0.10776	-0.006	0.004	0.918	0.012	0.997	8.206	0.294	0.256
14.0	0.882	0.12237	-0.006	0.004	0.935	0.010	0.996	7.211	0.220	0.257
15.0	0.867	0.13847	-0.006	0.004	0.942	0.010	0.996	6.264	0.239	0.257
16.0	0.828	0.16092	-0.006	0.004	0.952	0.009	0.996	5.144	0.243	0.258
17.0	0.781	0.18306	-0.007	0.004	0.959	0.009	0.995	4.266	0.244	0.259
18.0	0.730	0.20810	-0.007	0.003	0.963	0.009	0.995	3.506	0.244	0.260
19.0	0.677	0.22916	-0.007	0.003	0.968	0.008	0.995	2.953	0.245	0.261
20.0	0.624	0.26567	-0.008	0.003	0.973	0.008	0.994	2.349	0.244	0.262

Name = NACA 0010
Mach = 0; Re = 830000; T.U. = 1.0; T.L. = 1.0
Surface Finish = 2; Stall model = 0; Transition model = 1; Aspect Ratio = 0; ground effect = 0
?	Cl	Cd	Cm 0.25	T.U.	T.L.	S.U.	S.L.	L/D	A.C.	C.P.
[°]	[-]	[-]	[-]	[-]	[-]	[-]	[-]	[-]	[-]	[-]
-20.0	-0.626	0.23431	0.009	0.961	0.002	1.000	0.018	-2.670	0.243	0.264
-19.0	-0.678	0.21171	0.009	0.955	0.002	1.000	0.018	-3.204	0.240	0.263
-18.0	-0.731	0.18308	0.008	0.944	0.003	1.000	0.015	-3.992	0.241	0.261
-17.0	-0.782	0.16476	0.008	0.936	0.003	1.000	0.016	-4.749	0.245	0.260
-16.0	-0.830	0.14615	0.007	0.920	0.004	1.000	0.019	-5.679	0.246	0.259
-15.0	-0.870	0.12699	0.007	0.906	0.004	1.000	0.022	-6.852	0.242	0.258
-14.0	-0.886	0.11477	0.007	0.880	0.004	1.000	0.025	-7.718	0.238	0.258
-13.0	-0.890	0.09958	0.007	0.848	0.004	1.000	0.037	-8.935	0.059	0.258
-12.0	-0.884	0.08500	0.007	0.810	0.004	1.000	0.062	-10.405	0.457	0.258
-11.0	-0.898	0.05943	0.009	0.763	0.004	1.000	0.240	-15.112	0.279	0.260
-10.0	-0.994	0.02333	0.010	0.709	0.005	1.000	0.906	-42.596	0.267	0.260
-9.0	-0.944	0.02078	0.010	0.653	0.006	1.000	0.965	-45.440	0.265	0.260
-8.0	-0.871	0.01465	0.009	0.592	0.007	1.000	0.982	-59.475	0.263	0.260
-7.0	-0.784	0.01512	0.007	0.534	0.009	1.000	0.990	-51.863	0.261	0.260
-6.0	-0.686	0.01417	0.006	0.480	0.014	1.000	0.992	-48.408	0.260	0.259
-5.0	-0.580	0.01357	0.005	0.429	0.019	1.000	0.993	-42.732	0.260	0.259
-4.0	-0.468	0.01295	0.004	0.379	0.033	1.000	0.994	-36.139	0.259	0.259
-3.0	-0.353	0.01250	0.003	0.332	0.058	1.000	0.996	-28.225	0.259	0.259
-2.0	-0.236	0.01219	0.002	0.286	0.098	1.000	0.996	-19.354	0.259	0.259
-1.0	-0.118	0.01297	0.001	0.239	0.147	1.000	0.997	-9.107	0.259	0.259
0.0	0.000	0.01289	-0.000	0.193	0.193	1.000	0.997	0.000	0.259	0.250
1.0	0.118	0.01297	-0.001	0.147	0.239	1.000	0.997	9.112	0.259	0.259
2.0	0.236	0.01219	-0.002	0.098	0.286	0.996	0.998	19.354	0.259	0.259
3.0	0.353	0.01250	-0.003	0.058	0.332	0.996	0.998	28.225	0.259	0.259
4.0	0.468	0.01295	-0.004	0.033	0.379	0.994	0.998	36.139	0.259	0.259
5.0	0.580	0.01357	-0.005	0.019	0.429	0.993	0.998	42.732	0.260	0.259
6.0	0.686	0.01417	-0.006	0.014	0.480	0.992	0.998	48.408	0.260	0.259
7.0	0.784	0.01512	-0.007	0.009	0.534	0.990	0.998	51.863	0.261	0.260
8.0	0.871	0.01465	-0.009	0.007	0.592	0.982	0.998	59.475	0.263	0.260
9.0	0.944	0.02078	-0.009	0.006	0.653	0.965	0.998	45.440	0.265	0.260
10.0	0.994	0.02333	-0.010	0.005	0.709	0.906	0.998	42.596	0.267	0.260
11.0	0.898	0.05943	-0.009	0.004	0.763	0.240	0.998	15.112	0.279	0.260
12.0	0.884	0.08500	-0.007	0.004	0.810	0.062	0.998	10.405	0.456	0.258
13.0	0.890	0.09958	-0.007	0.004	0.848	0.037	0.998	8.935	0.060	0.258
14.0	0.886	0.11477	-0.007	0.004	0.880	0.025	0.998	7.718	0.238	0.258
15.0	0.870	0.12699	-0.007	0.004	0.906	0.022	0.998	6.852	0.242	0.258
16.0	0.830	0.14615	-0.007	0.004	0.920	0.019	0.998	5.679	0.246	0.259
17.0	0.782	0.16476	-0.008	0.003	0.936	0.016	0.998	4.749	0.245	0.260
18.0	0.731	0.18308	-0.008	0.003	0.944	0.015	0.998	3.992	0.241	0.261
19.0	0.678	0.21171	-0.009	0.002	0.955	0.018	0.998	3.204	0.240	0.263
20.0	0.626	0.23431	-0.009	0.002	0.961	0.018	0.997	2.670	0.243	0.264

Name = NACA 0010
Mach = 0; Re = 1230000; T.U. = 1.0; T.L. = 1.0
Surface Finish = 2; Stall model = 0; Transition model = 1; Aspect Ratio = 0; ground effect = 0
?	Cl	Cd	Cm 0.25	T.U.	T.L.	S.U.	S.L.	L/D	A.C.	C.P.
[°]	[-]	[-]	[-]	[-]	[-]	[-]	[-]	[-]	[-]	[-]
-20.0	-0.626	0.22370	0.009	0.944	0.001	1.000	0.022	-2.800	0.245	0.265
-19.0	-0.679	0.20202	0.009	0.936	0.002	1.000	0.024	-3.363	0.244	0.263
-18.0	-0.732	0.17717	0.009	0.918	0.002	1.000	0.024	-4.134	0.242	0.262
-17.0	-0.784	0.15582	0.008	0.903	0.003	1.000	0.024	-5.031	0.246	0.261
-16.0	-0.832	0.13817	0.008	0.877	0.003	1.000	0.031	-6.024	0.249	0.260
-15.0	-0.874	0.12049	0.008	0.843	0.004	1.000	0.041	-7.254	0.245	0.259
-14.0	-0.890	0.10781	0.008	0.803	0.004	1.000	0.046	-8.260	0.245	0.259
-13.0	-0.898	0.09268	0.008	0.757	0.004	1.000	0.072	-9.686	0.305	0.259
-12.0	-0.910	0.07116	0.009	0.705	0.004	1.000	0.178	-12.783	0.278	0.260
-11.0	-0.998	0.02934	0.011	0.648	0.004	1.000	0.713	-34.019	0.267	0.261
-10.0	-1.001	0.02164	0.010	0.594	0.005	1.000	0.941	-46.251	0.275	0.260
-9.0	-0.946	0.01964	0.010	0.542	0.005	1.000	0.974	-48.171	0.265	0.260
-8.0	-0.872	0.01399	0.009	0.493	0.006	1.000	0.986	-62.327	0.263	0.260
-7.0	-0.784	0.01437	0.007	0.448	0.008	1.000	0.991	-54.588	0.261	0.260
-6.0	-0.686	0.01355	0.006	0.402	0.012	1.000	0.993	-50.609	0.260	0.259
-5.0	-0.580	0.01292	0.005	0.356	0.017	1.000	0.994	-44.872	0.260	0.259
-4.0	-0.468	0.01250	0.004	0.313	0.023	1.000	0.995	-37.455	0.259	0.259
-3.0	-0.353	0.01209	0.003	0.272	0.042	1.000	0.996	-29.187	0.259	0.259
-2.0	-0.236	0.01181	0.002	0.232	0.075	1.000	0.997	-19.984	0.259	0.259
-1.0	-0.118	0.01252	0.001	0.192	0.113	1.000	0.997	-9.436	0.259	0.259
0.0	0.000	0.01245	-0.000	0.152	0.152	1.000	0.997	0.000	0.259	0.250
1.0	0.118	0.01252	-0.001	0.113	0.192	1.000	0.998	9.441	0.259	0.259
2.0	0.236	0.01181	-0.002	0.075	0.232	0.997	0.998	19.984	0.259	0.259
3.0	0.353	0.01209	-0.003	0.042	0.272	0.996	0.998	29.187	0.259	0.259
4.0	0.468	0.01250	-0.004	0.023	0.313	0.995	0.998	37.455	0.259	0.259
5.0	0.580	0.01292	-0.005	0.017	0.356	0.994	0.998	44.872	0.260	0.259
6.0	0.686	0.01355	-0.006	0.012	0.402	0.993	0.998	50.609	0.260	0.259
7.0	0.784	0.01437	-0.007	0.008	0.448	0.991	0.998	54.588	0.261	0.260
8.0	0.872	0.01399	-0.009	0.006	0.493	0.986	0.998	62.327	0.263	0.260
9.0	0.946	0.01964	-0.010	0.005	0.542	0.974	0.998	48.171	0.265	0.260
10.0	1.001	0.02164	-0.010	0.005	0.594	0.941	0.998	46.251	0.275	0.260
11.0	0.998	0.02934	-0.011	0.004	0.648	0.713	0.998	34.019	0.267	0.261
12.0	0.910	0.07116	-0.009	0.004	0.705	0.178	0.998	12.783	0.278	0.260
13.0	0.898	0.09268	-0.008	0.004	0.757	0.072	0.998	9.686	0.304	0.259
14.0	0.890	0.10781	-0.008	0.004	0.803	0.046	0.998	8.260	0.245	0.259
15.0	0.874	0.12049	-0.008	0.004	0.843	0.041	0.998	7.254	0.245	0.259
16.0	0.832	0.13817	-0.008	0.003	0.877	0.031	0.998	6.024	0.249	0.260
17.0	0.784	0.15582	-0.008	0.003	0.903	0.024	0.998	5.031	0.246	0.261
18.0	0.732	0.17717	-0.009	0.002	0.918	0.024	0.998	4.134	0.242	0.262
19.0	0.679	0.20202	-0.009	0.002	0.936	0.024	0.998	3.363	0.244	0.263
20.0	0.626	0.22370	-0.009	0.001	0.944	0.022	0.998	2.800	0.245	0.265

Name = NACA 0010
Mach = 0; Re = 1630000; T.U. = 1.0; T.L. = 1.0
Surface Finish = 2; Stall model = 0; Transition model = 1; Aspect Ratio = 0; ground effect = 0
?	Cl	Cd	Cm 0.25	T.U.	T.L.	S.U.	S.L.	L/D	A.C.	C.P.
[°]	[-]	[-]	[-]	[-]	[-]	[-]	[-]	[-]	[-]	[-]
-20.0	-0.627	0.21682	0.009	0.925	0.001	1.000	0.024	-2.890	0.245	0.265
-19.0	-0.680	0.19727	0.009	0.908	0.001	1.000	0.026	-3.445	0.245	0.264
-18.0	-0.733	0.17569	0.009	0.883	0.002	1.000	0.029	-4.174	0.248	0.262
-17.0	-0.786	0.15331	0.009	0.851	0.002	1.000	0.037	-5.130	0.247	0.261
-16.0	-0.835	0.13316	0.009	0.812	0.003	1.000	0.042	-6.268	0.248	0.260
-15.0	-0.878	0.11627	0.009	0.767	0.004	1.000	0.058	-7.551	0.247	0.260
-14.0	-0.895	0.10321	0.008	0.716	0.003	1.000	0.068	-8.673	0.253	0.259
-13.0	-0.908	0.08558	0.009	0.665	0.004	1.000	0.119	-10.609	0.283	0.260
-12.0	-0.951	0.05267	0.010	0.614	0.004	1.000	0.365	-18.047	0.270	0.261
-11.0	-1.023	0.02506	0.011	0.564	0.004	1.000	0.828	-40.803	0.254	0.261
-10.0	-1.004	0.02067	0.010	0.516	0.005	1.000	0.955	-48.559	0.272	0.260
-9.0	-0.947	0.01881	0.010	0.470	0.005	1.000	0.978	-50.345	0.265	0.260
-8.0	-0.872	0.01348	0.009	0.428	0.006	1.000	0.989	-64.703	0.263	0.260
-7.0	-0.784	0.01390	0.007	0.391	0.007	1.000	0.991	-56.414	0.261	0.260
-6.0	-0.686	0.01313	0.006	0.350	0.010	1.000	0.993	-52.260	0.260	0.259
-5.0	-0.580	0.01252	0.005	0.309	0.015	1.000	0.995	-46.330	0.260	0.259
-4.0	-0.468	0.01210	0.004	0.271	0.021	1.000	0.996	-38.687	0.259	0.259
-3.0	-0.353	0.01172	0.003	0.235	0.036	1.000	0.997	-30.105	0.259	0.259
-2.0	-0.236	0.01148	0.002	0.201	0.061	1.000	0.998	-20.549	0.259	0.259
-1.0	-0.118	0.01223	0.001	0.167	0.093	1.000	0.997	-9.661	0.259	0.259
0.0	0.000	0.01216	-0.000	0.129	0.129	1.000	0.998	0.000	0.259	0.250
1.0	0.118	0.01223	-0.001	0.093	0.167	1.000	0.998	9.666	0.259	0.259
2.0	0.236	0.01148	-0.002	0.061	0.201	1.000	0.998	20.559	0.259	0.259
3.0	0.353	0.01172	-0.003	0.036	0.235	0.997	0.998	30.105	0.259	0.259
4.0	0.468	0.01210	-0.004	0.021	0.271	0.996	0.998	38.687	0.259	0.259
5.0	0.580	0.01252	-0.005	0.015	0.309	0.995	0.998	46.330	0.260	0.259
6.0	0.686	0.01313	-0.006	0.010	0.350	0.993	0.998	52.260	0.260	0.259
7.0	0.784	0.01390	-0.007	0.007	0.391	0.991	0.998	56.414	0.261	0.260
8.0	0.872	0.01348	-0.009	0.006	0.428	0.989	0.998	64.703	0.263	0.260
9.0	0.947	0.01881	-0.010	0.005	0.470	0.978	0.998	50.345	0.265	0.260
10.0	1.004	0.02067	-0.010	0.005	0.516	0.955	0.998	48.559	0.272	0.260
11.0	1.023	0.02506	-0.011	0.004	0.564	0.828	0.998	40.803	0.254	0.261
12.0	0.951	0.05267	-0.010	0.004	0.614	0.365	0.998	18.047	0.270	0.261
13.0	0.908	0.08558	-0.009	0.004	0.665	0.119	0.998	10.609	0.283	0.260
14.0	0.895	0.10321	-0.008	0.003	0.716	0.068	0.998	8.673	0.253	0.259
15.0	0.878	0.11627	-0.009	0.004	0.767	0.058	0.998	7.551	0.247	0.260
16.0	0.835	0.13316	-0.009	0.003	0.812	0.042	0.998	6.268	0.248	0.260
17.0	0.786	0.15331	-0.009	0.002	0.851	0.037	0.998	5.130	0.247	0.261
18.0	0.733	0.17569	-0.009	0.002	0.883	0.029	0.998	4.174	0.248	0.262
19.0	0.680	0.19727	-0.009	0.001	0.908	0.026	0.998	3.445	0.245	0.264
20.0	0.627	0.21682	-0.009	0.001	0.925	0.024	0.998	2.890	0.245	0.265

Name = NACA 0010
Mach = 0; Re = 2030000; T.U. = 1.0; T.L. = 1.0
Surface Finish = 2; Stall model = 0; Transition model = 1; Aspect Ratio = 0; ground effect = 0
?	Cl	Cd	Cm 0.25	T.U.	T.L.	S.U.	S.L.	L/D	A.C.	C.P.
[°]	[-]	[-]	[-]	[-]	[-]	[-]	[-]	[-]	[-]	[-]
-20.0	-0.627	0.21345	0.010	0.898	0.001	1.000	0.025	-2.936	0.248	0.265
-19.0	-0.680	0.19551	0.009	0.873	0.001	1.000	0.029	-3.479	0.246	0.264
-18.0	-0.734	0.17361	0.009	0.837	0.002	1.000	0.032	-4.227	0.246	0.262
-17.0	-0.787	0.15272	0.009	0.795	0.002	1.000	0.038	-5.151	0.249	0.261
-16.0	-0.837	0.12973	0.009	0.746	0.003	1.000	0.051	-6.449	0.252	0.261
-15.0	-0.881	0.11232	0.009	0.694	0.004	1.000	0.072	-7.842	0.249	0.260
-14.0	-0.900	0.09899	0.009	0.645	0.003	1.000	0.089	-9.091	0.259	0.260
-13.0	-0.918	0.07899	0.009	0.598	0.003	1.000	0.166	-11.626	0.275	0.260
-12.0	-0.983	0.04086	0.011	0.554	0.004	1.000	0.516	-24.062	0.266	0.261
-11.0	-1.032	0.02343	0.011	0.508	0.004	1.000	0.872	-44.036	0.226	0.261
-10.0	-1.005	0.01997	0.011	0.463	0.005	1.000	0.962	-50.329	0.271	0.260
-9.0	-0.947	0.01820	0.010	0.422	0.005	1.000	0.981	-52.051	0.265	0.260
-8.0	-0.873	0.01447	0.009	0.388	0.005	1.000	0.990	-60.299	0.263	0.260
-7.0	-0.784	0.01351	0.007	0.351	0.007	1.000	0.992	-58.072	0.261	0.260
-6.0	-0.686	0.01278	0.006	0.312	0.010	1.000	0.994	-53.698	0.260	0.259
-5.0	-0.580	0.01220	0.005	0.276	0.014	1.000	0.995	-47.558	0.260	0.259
-4.0	-0.468	0.01176	0.004	0.247	0.019	1.000	0.996	-39.840	0.259	0.259
-3.0	-0.353	0.01145	0.003	0.211	0.033	1.000	0.997	-30.821	0.259	0.259
-2.0	-0.236	0.01222	0.002	0.175	0.052	1.000	0.998	-19.306	0.259	0.259
-1.0	-0.118	0.01201	0.001	0.142	0.079	1.000	0.997	-9.835	0.259	0.259
0.0	0.000	0.01195	-0.000	0.110	0.110	1.000	0.998	0.000	0.259	0.250
1.0	0.118	0.01201	-0.001	0.079	0.142	1.000	0.998	9.840	0.259	0.259
2.0	0.236	0.01222	-0.002	0.052	0.175	1.000	0.998	19.316	0.259	0.259
3.0	0.353	0.01145	-0.003	0.033	0.211	1.000	0.998	30.838	0.259	0.259
4.0	0.468	0.01176	-0.004	0.019	0.247	0.996	0.998	39.840	0.259	0.259
5.0	0.580	0.01220	-0.005	0.014	0.276	0.995	0.998	47.558	0.260	0.259
6.0	0.686	0.01278	-0.006	0.010	0.312	0.994	0.998	53.698	0.260	0.259
7.0	0.784	0.01351	-0.007	0.007	0.351	0.992	0.998	58.072	0.261	0.260
8.0	0.873	0.01447	-0.009	0.005	0.388	0.990	0.998	60.299	0.263	0.260
9.0	0.947	0.01820	-0.010	0.005	0.422	0.981	0.998	52.051	0.265	0.260
10.0	1.005	0.01997	-0.011	0.005	0.463	0.962	0.998	50.329	0.271	0.260
11.0	1.032	0.02343	-0.011	0.004	0.508	0.872	0.998	44.036	0.226	0.261
12.0	0.983	0.04086	-0.011	0.004	0.554	0.516	0.998	24.062	0.266	0.261
13.0	0.918	0.07899	-0.009	0.003	0.598	0.166	0.998	11.626	0.275	0.260
14.0	0.900	0.09899	-0.009	0.003	0.645	0.089	0.998	9.091	0.259	0.260
15.0	0.881	0.11232	-0.009	0.004	0.694	0.072	0.998	7.842	0.249	0.260
16.0	0.837	0.12973	-0.009	0.003	0.746	0.051	0.998	6.449	0.252	0.261
17.0	0.787	0.15272	-0.009	0.002	0.795	0.038	0.998	5.151	0.249	0.261
18.0	0.734	0.17361	-0.009	0.002	0.837	0.032	0.998	4.227	0.246	0.262
19.0	0.680	0.19551	-0.009	0.001	0.873	0.029	0.998	3.479	0.247	0.264
20.0	0.627	0.21345	-0.010	0.001	0.898	0.025	0.998	2.936	0.248	0.265

Name = NACA 0010
Mach = 0; Re = 2430000; T.U. = 1.0; T.L. = 1.0
Surface Finish = 2; Stall model = 0; Transition model = 1; Aspect Ratio = 0; ground effect = 0
?	Cl	Cd	Cm 0.25	T.U.	T.L.	S.U.	S.L.	L/D	A.C.	C.P.
[°]	[-]	[-]	[-]	[-]	[-]	[-]	[-]	[-]	[-]	[-]
-20.0	-0.627	0.21449	0.010	0.859	0.001	1.000	0.027	-2.923	0.247	0.265
-19.0	-0.680	0.19199	0.010	0.820	0.001	1.000	0.031	-3.544	0.246	0.264
-18.0	-0.734	0.17245	0.009	0.776	0.001	1.000	0.034	-4.258	0.246	0.263
-17.0	-0.787	0.15104	0.009	0.728	0.002	1.000	0.039	-5.210	0.249	0.262
-16.0	-0.837	0.13015	0.009	0.679	0.002	1.000	0.053	-6.431	0.254	0.261
-15.0	-0.884	0.10894	0.009	0.632	0.003	1.000	0.087	-8.115	0.254	0.261
-14.0	-0.905	0.09490	0.009	0.588	0.003	1.000	0.111	-9.533	0.263	0.260
-13.0	-0.932	0.07106	0.010	0.549	0.003	1.000	0.228	-13.115	0.270	0.261
-12.0	-1.008	0.03362	0.011	0.506	0.004	1.000	0.630	-29.986	0.262	0.261
-11.0	-1.038	0.02236	0.011	0.463	0.004	1.000	0.898	-46.397	0.697	0.261
-10.0	-1.006	0.01942	0.011	0.423	0.004	1.000	0.966	-51.798	0.270	0.260
-9.0	-0.948	0.01369	0.010	0.394	0.004	1.000	0.983	-69.233	0.265	0.260
-8.0	-0.873	0.01417	0.009	0.354	0.005	1.000	0.990	-61.590	0.263	0.260
-7.0	-0.784	0.01324	0.007	0.317	0.006	1.000	0.992	-59.242	0.261	0.260
-6.0	-0.686	0.01251	0.006	0.287	0.009	1.000	0.994	-54.842	0.260	0.259
-5.0	-0.580	0.01194	0.005	0.256	0.013	1.000	0.996	-48.580	0.260	0.259
-4.0	-0.468	0.01155	0.004	0.219	0.018	1.000	0.996	-40.560	0.259	0.259
-3.0	-0.353	0.01237	0.003	0.188	0.029	1.000	0.997	-28.540	0.259	0.259
-2.0	-0.236	0.01198	0.002	0.161	0.046	1.000	0.998	-19.702	0.259	0.259
-1.0	-0.118	0.01177	0.001	0.131	0.070	1.000	0.998	-10.039	0.259	0.259
0.0	0.000	0.01172	-0.000	0.099	0.099	1.000	0.998	0.000	0.259	0.250
1.0	0.118	0.01177	-0.001	0.070	0.131	1.000	0.998	10.044	0.259	0.259
2.0	0.236	0.01198	-0.002	0.046	0.161	1.000	0.998	19.711	0.259	0.259
3.0	0.353	0.01237	-0.003	0.029	0.188	1.000	0.998	28.556	0.259	0.259
4.0	0.468	0.01155	-0.004	0.018	0.219	0.996	0.998	40.560	0.259	0.259
5.0	0.580	0.01194	-0.005	0.013	0.256	0.996	0.998	48.580	0.260	0.259
6.0	0.686	0.01251	-0.006	0.009	0.287	0.994	0.998	54.842	0.260	0.259
7.0	0.784	0.01324	-0.007	0.006	0.317	0.992	0.998	59.242	0.261	0.260
8.0	0.873	0.01417	-0.009	0.005	0.354	0.990	0.998	61.590	0.263	0.260
9.0	0.948	0.01369	-0.010	0.004	0.394	0.983	0.998	69.233	0.265	0.260
10.0	1.006	0.01942	-0.011	0.004	0.423	0.966	0.998	51.798	0.270	0.260
11.0	1.038	0.02236	-0.011	0.004	0.463	0.898	0.998	46.397	0.697	0.261
12.0	1.008	0.03362	-0.011	0.004	0.506	0.630	0.998	29.986	0.262	0.261
13.0	0.932	0.07106	-0.010	0.003	0.549	0.228	0.998	13.115	0.270	0.261
14.0	0.905	0.09490	-0.009	0.003	0.588	0.111	0.998	9.533	0.263	0.260
15.0	0.884	0.10894	-0.009	0.003	0.632	0.087	0.999	8.115	0.254	0.261
16.0	0.837	0.13015	-0.009	0.002	0.679	0.053	0.999	6.431	0.254	0.261
17.0	0.787	0.15104	-0.009	0.002	0.728	0.039	0.998	5.210	0.249	0.262
18.0	0.734	0.17245	-0.009	0.001	0.776	0.034	0.999	4.258	0.246	0.263
19.0	0.680	0.19199	-0.010	0.001	0.820	0.031	0.999	3.544	0.246	0.264
20.0	0.627	0.21449	-0.010	0.001	0.859	0.027	0.998	2.923	0.247	0.265

Name = NACA 0010
Mach = 0; Re = 2830000; T.U. = 1.0; T.L. = 1.0
Surface Finish = 2; Stall model = 0; Transition model = 1; Aspect Ratio = 0; ground effect = 0
?	Cl	Cd	Cm 0.25	T.U.	T.L.	S.U.	S.L.	L/D	A.C.	C.P.
[°]	[-]	[-]	[-]	[-]	[-]	[-]	[-]	[-]	[-]	[-]
-20.0	-0.627	0.21219	0.010	0.812	0.001	1.000	0.029	-2.956	0.247	0.266
-19.0	-0.681	0.18996	0.010	0.768	0.001	1.000	0.033	-3.584	0.246	0.264
-18.0	-0.734	0.17028	0.009	0.721	0.001	1.000	0.035	-4.313	0.245	0.263
-17.0	-0.787	0.14929	0.009	0.674	0.001	1.000	0.040	-5.272	0.248	0.262
-16.0	-0.837	0.12991	0.009	0.629	0.002	1.000	0.053	-6.444	0.257	0.261
-15.0	-0.887	0.10603	0.010	0.586	0.003	1.000	0.099	-8.363	0.258	0.261
-14.0	-0.909	0.09133	0.010	0.551	0.003	1.000	0.131	-9.954	0.263	0.261
-13.0	-0.943	0.06522	0.011	0.507	0.003	1.000	0.278	-14.457	0.268	0.261
-12.0	-1.021	0.03035	0.012	0.466	0.003	1.000	0.689	-33.642	0.259	0.261
-11.0	-1.040	0.02169	0.011	0.429	0.004	1.000	0.912	-47.978	0.331	0.261
-10.0	-1.007	0.01895	0.011	0.399	0.004	1.000	0.970	-53.127	0.270	0.260
-9.0	-0.948	0.01340	0.010	0.359	0.004	1.000	0.985	-70.723	0.265	0.260
-8.0	-0.873	0.01385	0.009	0.326	0.005	1.000	0.991	-62.999	0.263	0.260
-7.0	-0.785	0.01291	0.007	0.300	0.006	1.000	0.993	-60.764	0.261	0.260
-6.0	-0.686	0.01229	0.006	0.263	0.008	1.000	0.994	-55.817	0.260	0.259
-5.0	-0.580	0.01172	0.005	0.232	0.013	1.000	0.996	-49.500	0.260	0.259
-4.0	-0.468	0.01135	0.004	0.208	0.017	1.000	0.997	-41.278	0.259	0.259
-3.0	-0.353	0.01216	0.003	0.174	0.026	1.000	0.997	-29.019	0.259	0.259
-2.0	-0.236	0.01182	0.002	0.143	0.041	1.000	0.998	-19.970	0.259	0.259
-1.0	-0.118	0.01164	0.001	0.115	0.063	1.000	0.998	-10.154	0.259	0.259
0.0	0.000	0.01152	-0.000	0.089	0.089	1.000	0.998	0.000	0.259	0.250
1.0	0.118	0.01164	-0.001	0.063	0.115	1.000	0.998	10.159	0.259	0.259
2.0	0.236	0.01182	-0.002	0.041	0.143	1.000	0.998	19.980	0.259	0.259
3.0	0.353	0.01216	-0.003	0.026	0.174	1.000	0.998	29.035	0.259	0.259
4.0	0.468	0.01135	-0.004	0.017	0.208	0.997	0.998	41.278	0.259	0.259
5.0	0.580	0.01172	-0.005	0.013	0.232	0.996	0.998	49.500	0.260	0.259
6.0	0.686	0.01229	-0.006	0.008	0.263	0.994	0.998	55.817	0.260	0.259
7.0	0.785	0.01291	-0.007	0.006	0.300	0.993	0.998	60.764	0.261	0.260
8.0	0.873	0.01385	-0.009	0.005	0.326	0.991	0.998	62.999	0.263	0.260
9.0	0.948	0.01340	-0.010	0.004	0.359	0.985	0.998	70.723	0.265	0.260
10.0	1.007	0.01895	-0.011	0.004	0.399	0.970	0.998	53.127	0.270	0.260
11.0	1.040	0.02169	-0.011	0.004	0.429	0.912	0.998	47.978	0.331	0.261
12.0	1.021	0.03035	-0.012	0.003	0.466	0.689	0.998	33.642	0.259	0.261
13.0	0.943	0.06522	-0.011	0.003	0.507	0.278	0.998	14.457	0.268	0.261
14.0	0.909	0.09133	-0.010	0.003	0.551	0.131	0.999	9.954	0.263	0.261
15.0	0.887	0.10603	-0.010	0.003	0.586	0.099	0.999	8.363	0.258	0.261
16.0	0.837	0.12991	-0.009	0.002	0.629	0.053	0.999	6.444	0.257	0.261
17.0	0.787	0.14929	-0.009	0.001	0.674	0.040	0.999	5.272	0.248	0.262
18.0	0.734	0.17028	-0.009	0.001	0.721	0.035	0.999	4.313	0.245	0.263
19.0	0.681	0.18996	-0.010	0.001	0.768	0.033	0.999	3.584	0.246	0.264
20.0	0.627	0.21219	-0.010	0.001	0.812	0.029	0.998	2.956	0.247	0.266

Name = NACA 0010
Mach = 0; Re = 3230000; T.U. = 1.0; T.L. = 1.0
Surface Finish = 2; Stall model = 0; Transition model = 1; Aspect Ratio = 0; ground effect = 0
?	Cl	Cd	Cm 0.25	T.U.	T.L.	S.U.	S.L.	L/D	A.C.	C.P.
[°]	[-]	[-]	[-]	[-]	[-]	[-]	[-]	[-]	[-]	[-]
-20.0	-0.628	0.20898	0.010	0.766	0.001	1.000	0.030	-3.003	0.246	0.266
-19.0	-0.681	0.18753	0.010	0.720	0.001	1.000	0.034	-3.631	0.245	0.264
-18.0	-0.735	0.16793	0.009	0.674	0.001	1.000	0.036	-4.375	0.245	0.263
-17.0	-0.787	0.14987	0.009	0.631	0.001	1.000	0.041	-5.253	0.248	0.262
-16.0	-0.837	0.13041	0.009	0.591	0.002	1.000	0.053	-6.419	0.259	0.261
-15.0	-0.890	0.10278	0.010	0.554	0.003	1.000	0.115	-8.661	0.261	0.261
-14.0	-0.913	0.08822	0.010	0.511	0.003	1.000	0.150	-10.352	0.263	0.261
-13.0	-0.956	0.05866	0.011	0.471	0.003	1.000	0.338	-16.301	0.266	0.261
-12.0	-1.033	0.02774	0.012	0.443	0.003	1.000	0.744	-37.242	0.256	0.261
-11.0	-1.043	0.02101	0.011	0.405	0.004	1.000	0.926	-49.660	0.302	0.261
-10.0	-1.007	0.01858	0.011	0.368	0.004	1.000	0.973	-54.221	0.270	0.260
-9.0	-0.948	0.01315	0.010	0.346	0.004	1.000	0.986	-72.100	0.265	0.260
-8.0	-0.873	0.01360	0.009	0.307	0.005	1.000	0.991	-64.197	0.263	0.260
-7.0	-0.785	0.01274	0.007	0.274	0.006	1.000	0.993	-61.576	0.261	0.260
-6.0	-0.686	0.01210	0.006	0.252	0.008	1.000	0.995	-56.691	0.260	0.259
-5.0	-0.580	0.01156	0.005	0.217	0.012	1.000	0.996	-50.193	0.260	0.259
-4.0	-0.468	0.01118	0.004	0.187	0.016	1.000	0.997	-41.880	0.259	0.259
-3.0	-0.353	0.01193	0.003	0.167	0.024	1.000	0.997	-29.578	0.259	0.259
-2.0	-0.236	0.01166	0.002	0.135	0.037	1.000	0.998	-20.248	0.259	0.259
-1.0	-0.118	0.01145	0.001	0.105	0.057	1.000	0.998	-10.322	0.259	0.259
0.0	0.000	0.01145	-0.000	0.080	0.080	1.000	0.998	0.000	0.259	0.250
1.0	0.118	0.01145	-0.001	0.057	0.105	1.000	0.998	10.327	0.259	0.259
2.0	0.236	0.01166	-0.002	0.037	0.135	1.000	0.998	20.257	0.259	0.259
3.0	0.353	0.01193	-0.003	0.024	0.167	1.000	0.998	29.594	0.259	0.259
4.0	0.468	0.01118	-0.004	0.016	0.187	0.997	0.998	41.880	0.259	0.259
5.0	0.580	0.01156	-0.005	0.012	0.217	0.996	0.998	50.193	0.260	0.259
6.0	0.686	0.01210	-0.006	0.008	0.252	0.995	0.998	56.691	0.260	0.259
7.0	0.785	0.01274	-0.007	0.006	0.274	0.993	0.998	61.576	0.261	0.260
8.0	0.873	0.01360	-0.009	0.005	0.307	0.991	0.998	64.197	0.263	0.260
9.0	0.948	0.01315	-0.010	0.004	0.346	0.986	0.998	72.100	0.265	0.260
10.0	1.007	0.01858	-0.011	0.004	0.368	0.973	0.998	54.221	0.270	0.260
11.0	1.043	0.02101	-0.011	0.004	0.405	0.926	0.998	49.660	0.302	0.261
12.0	1.033	0.02774	-0.012	0.003	0.443	0.744	0.998	37.242	0.256	0.261
13.0	0.956	0.05866	-0.011	0.003	0.471	0.338	0.999	16.301	0.266	0.261
14.0	0.913	0.08822	-0.010	0.003	0.511	0.150	0.999	10.352	0.263	0.261
15.0	0.890	0.10278	-0.010	0.003	0.554	0.115	0.999	8.661	0.261	0.261
16.0	0.837	0.13041	-0.009	0.002	0.591	0.053	0.999	6.419	0.259	0.261
17.0	0.787	0.14987	-0.009	0.001	0.631	0.041	0.999	5.253	0.248	0.262
18.0	0.735	0.16793	-0.009	0.001	0.674	0.036	0.999	4.375	0.245	0.263
19.0	0.681	0.18753	-0.010	0.001	0.720	0.034	0.999	3.631	0.245	0.264
20.0	0.628	0.20898	-0.010	0.001	0.766	0.030	0.998	3.003	0.246	0.266

Name = NACA 0010
Mach = 0; Re = 3630000; T.U. = 1.0; T.L. = 1.0
Surface Finish = 2; Stall model = 0; Transition model = 1; Aspect Ratio = 0; ground effect = 0
?	Cl	Cd	Cm 0.25	T.U.	T.L.	S.U.	S.L.	L/D	A.C.	C.P.
[°]	[-]	[-]	[-]	[-]	[-]	[-]	[-]	[-]	[-]	[-]
-20.0	-0.628	0.20846	0.010	0.722	0.001	1.000	0.031	-3.011	0.246	0.266
-19.0	-0.681	0.18671	0.010	0.678	0.001	1.000	0.035	-3.649	0.245	0.264
-18.0	-0.735	0.16741	0.009	0.637	0.001	1.000	0.037	-4.390	0.245	0.263
-17.0	-0.787	0.14954	0.009	0.602	0.001	1.000	0.042	-5.266	0.247	0.262
-16.0	-0.837	0.13048	0.009	0.559	0.001	1.000	0.053	-6.415	0.257	0.261
-15.0	-0.888	0.10490	0.010	0.517	0.003	1.000	0.105	-8.464	0.264	0.261
-14.0	-0.920	0.08370	0.010	0.482	0.003	1.000	0.179	-10.989	0.268	0.261
-13.0	-0.972	0.05137	0.011	0.452	0.003	1.000	0.411	-18.927	0.264	0.262
-12.0	-1.042	0.02592	0.012	0.412	0.003	1.000	0.785	-40.195	0.251	0.262
-11.0	-1.045	0.02052	0.011	0.383	0.004	1.000	0.935	-50.934	0.293	0.261
-10.0	-1.008	0.01814	0.011	0.353	0.004	1.000	0.977	-55.574	0.270	0.260
-9.0	-0.948	0.01298	0.010	0.317	0.004	1.000	0.987	-73.038	0.265	0.260
-8.0	-0.873	0.01339	0.009	0.297	0.004	1.000	0.991	-65.171	0.263	0.260
-7.0	-0.785	0.01260	0.007	0.261	0.005	1.000	0.993	-62.278	0.261	0.260
-6.0	-0.686	0.01191	0.006	0.231	0.007	1.000	0.995	-57.595	0.260	0.259
-5.0	-0.580	0.01136	0.005	0.209	0.012	1.000	0.996	-51.084	0.260	0.259
-4.0	-0.468	0.01219	0.004	0.176	0.015	1.000	0.997	-38.415	0.259	0.259
-3.0	-0.353	0.01180	0.003	0.149	0.022	1.000	0.998	-29.899	0.259	0.259
-2.0	-0.236	0.01147	0.002	0.130	0.035	1.000	0.998	-20.580	0.259	0.259
-1.0	-0.118	0.01131	0.001	0.100	0.052	1.000	0.998	-10.445	0.259	0.259
0.0	0.000	0.01127	-0.000	0.075	0.075	1.000	0.998	0.000	0.259	0.250
1.0	0.118	0.01131	-0.001	0.052	0.100	1.000	0.998	10.450	0.259	0.259
2.0	0.236	0.01147	-0.002	0.035	0.130	1.000	0.998	20.588	0.259	0.259
3.0	0.353	0.01180	-0.003	0.022	0.149	1.000	0.998	29.914	0.259	0.259
4.0	0.469	0.01219	-0.004	0.015	0.176	1.000	0.998	38.436	0.259	0.259
5.0	0.580	0.01136	-0.005	0.012	0.209	0.996	0.998	51.084	0.260	0.259
6.0	0.686	0.01191	-0.006	0.007	0.231	0.995	0.998	57.595	0.260	0.259
7.0	0.785	0.01260	-0.007	0.005	0.261	0.993	0.998	62.278	0.261	0.260
8.0	0.873	0.01339	-0.009	0.004	0.297	0.991	0.998	65.171	0.263	0.260
9.0	0.948	0.01298	-0.010	0.004	0.317	0.987	0.998	73.038	0.265	0.260
10.0	1.008	0.01814	-0.011	0.004	0.353	0.977	0.998	55.574	0.270	0.260
11.0	1.045	0.02052	-0.011	0.004	0.383	0.935	0.998	50.934	0.293	0.261
12.0	1.042	0.02592	-0.012	0.003	0.412	0.785	0.998	40.195	0.251	0.262
13.0	0.972	0.05137	-0.011	0.003	0.452	0.411	0.999	18.927	0.264	0.262
14.0	0.920	0.08370	-0.010	0.003	0.482	0.179	0.999	10.989	0.268	0.261
15.0	0.888	0.10490	-0.010	0.003	0.517	0.105	0.999	8.464	0.264	0.261
16.0	0.837	0.13048	-0.009	0.001	0.559	0.053	0.999	6.415	0.257	0.261
17.0	0.787	0.14954	-0.009	0.001	0.602	0.042	0.999	5.266	0.247	0.262
18.0	0.735	0.16741	-0.009	0.001	0.637	0.037	0.999	4.390	0.245	0.263
19.0	0.681	0.18671	-0.010	0.001	0.678	0.035	0.999	3.649	0.245	0.264
20.0	0.628	0.20846	-0.010	0.001	0.722	0.031	0.998	3.011	0.246	0.266

Name = NACA 0010
Mach = 0; Re = 4030000; T.U. = 1.0; T.L. = 1.0
Surface Finish = 2; Stall model = 0; Transition model = 1; Aspect Ratio = 0; ground effect = 0
?	Cl	Cd	Cm 0.25	T.U.	T.L.	S.U.	S.L.	L/D	A.C.	C.P.
[°]	[-]	[-]	[-]	[-]	[-]	[-]	[-]	[-]	[-]	[-]
-20.0	-0.628	0.20592	0.010	0.686	0.001	1.000	0.032	-3.049	0.246	0.266
-19.0	-0.681	0.18455	0.010	0.649	0.001	1.000	0.036	-3.692	0.245	0.264
-18.0	-0.735	0.16552	0.009	0.609	0.001	1.000	0.038	-4.441	0.245	0.263
-17.0	-0.788	0.14796	0.009	0.566	0.001	1.000	0.043	-5.323	0.247	0.262
-16.0	-0.837	0.12948	0.009	0.527	0.001	1.000	0.055	-6.467	0.255	0.261
-15.0	-0.886	0.10592	0.010	0.501	0.002	1.000	0.098	-8.369	0.266	0.261
-14.0	-0.925	0.08015	0.011	0.459	0.003	1.000	0.203	-11.540	0.270	0.261
-13.0	-0.984	0.04657	0.012	0.424	0.003	1.000	0.464	-21.131	0.262	0.262
-12.0	-1.046	0.02508	0.012	0.400	0.003	1.000	0.803	-41.699	0.247	0.262
-11.0	-1.046	0.02018	0.011	0.360	0.003	1.000	0.940	-51.847	0.290	0.261
-10.0	-1.008	0.01789	0.011	0.335	0.004	1.000	0.978	-56.377	0.270	0.260
-9.0	-0.949	0.01276	0.010	0.304	0.004	1.000	0.988	-74.311	0.265	0.260
-8.0	-0.873	0.01321	0.009	0.272	0.004	1.000	0.991	-66.077	0.263	0.260
-7.0	-0.785	0.01242	0.007	0.253	0.005	1.000	0.993	-63.169	0.261	0.260
-6.0	-0.686	0.01177	0.006	0.218	0.007	1.000	0.995	-58.302	0.260	0.259
-5.0	-0.580	0.01120	0.005	0.194	0.011	1.000	0.996	-51.784	0.260	0.259
-4.0	-0.468	0.01205	0.004	0.170	0.015	1.000	0.997	-38.869	0.259	0.259
-3.0	-0.353	0.01166	0.003	0.140	0.021	1.000	0.998	-30.277	0.259	0.259
-2.0	-0.236	0.01138	0.002	0.116	0.032	1.000	0.998	-20.745	0.259	0.259
-1.0	-0.118	0.01117	0.001	0.097	0.049	1.000	0.998	-10.576	0.259	0.259
0.0	0.000	0.01108	-0.000	0.071	0.071	1.000	0.998	0.000	0.259	0.250
1.0	0.118	0.01117	-0.001	0.049	0.097	1.000	0.998	10.581	0.259	0.259
2.0	0.236	0.01138	-0.002	0.032	0.116	1.000	0.998	20.753	0.259	0.259
3.0	0.353	0.01166	-0.003	0.021	0.140	1.000	0.998	30.291	0.259	0.259
4.0	0.469	0.01205	-0.004	0.015	0.170	1.000	0.998	38.891	0.259	0.259
5.0	0.580	0.01120	-0.005	0.011	0.194	0.996	0.998	51.784	0.260	0.259
6.0	0.686	0.01177	-0.006	0.007	0.218	0.995	0.998	58.302	0.260	0.259
7.0	0.785	0.01242	-0.007	0.005	0.253	0.993	0.998	63.169	0.261	0.260
8.0	0.873	0.01321	-0.009	0.004	0.272	0.991	0.998	66.077	0.263	0.260
9.0	0.949	0.01276	-0.010	0.004	0.304	0.988	0.998	74.311	0.265	0.260
10.0	1.008	0.01789	-0.011	0.004	0.335	0.978	0.998	56.377	0.270	0.260
11.0	1.046	0.02018	-0.011	0.003	0.360	0.940	0.998	51.847	0.290	0.261
12.0	1.046	0.02508	-0.012	0.003	0.400	0.803	0.998	41.699	0.247	0.262
13.0	0.984	0.04657	-0.012	0.003	0.424	0.464	0.999	21.131	0.262	0.262
14.0	0.925	0.08015	-0.011	0.003	0.459	0.203	0.999	11.540	0.270	0.261
15.0	0.886	0.10592	-0.010	0.002	0.501	0.098	0.999	8.369	0.266	0.261
16.0	0.837	0.12948	-0.009	0.001	0.527	0.055	0.999	6.467	0.255	0.261
17.0	0.788	0.14796	-0.009	0.001	0.566	0.043	0.999	5.323	0.247	0.262
18.0	0.735	0.16552	-0.009	0.001	0.609	0.038	0.999	4.441	0.245	0.263
19.0	0.681	0.18455	-0.010	0.001	0.649	0.036	0.999	3.692	0.245	0.264
20.0	0.628	0.20592	-0.010	0.001	0.686	0.032	0.998	3.049	0.246	0.266

Name = NACA 0010
Mach = 0; Re = 4430000; T.U. = 1.0; T.L. = 1.0
Surface Finish = 2; Stall model = 0; Transition model = 1; Aspect Ratio = 0; ground effect = 0
?	Cl	Cd	Cm 0.25	T.U.	T.L.	S.U.	S.L.	L/D	A.C.	C.P.
[°]	[-]	[-]	[-]	[-]	[-]	[-]	[-]	[-]	[-]	[-]
-20.0	-0.628	0.20405	0.010	0.659	0.001	1.000	0.033	-3.078	0.246	0.266
-19.0	-0.681	0.18299	0.010	0.616	0.001	1.000	0.037	-3.724	0.245	0.264
-18.0	-0.735	0.16409	0.010	0.576	0.001	1.000	0.039	-4.480	0.244	0.263
-17.0	-0.788	0.14724	0.009	0.546	0.001	1.000	0.043	-5.349	0.247	0.262
-16.0	-0.837	0.12912	0.009	0.508	0.001	1.000	0.055	-6.485	0.254	0.261
-15.0	-0.885	0.10698	0.010	0.469	0.002	1.000	0.093	-8.276	0.268	0.261
-14.0	-0.931	0.07645	0.011	0.448	0.003	1.000	0.229	-12.173	0.271	0.262
-13.0	-0.989	0.04437	0.012	0.407	0.003	1.000	0.488	-22.296	0.261	0.262
-12.0	-1.051	0.02412	0.012	0.375	0.003	1.000	0.826	-43.569	0.245	0.262
-11.0	-1.047	0.01982	0.011	0.350	0.003	1.000	0.945	-52.846	0.287	0.261
-10.0	-1.009	0.01761	0.011	0.315	0.004	1.000	0.979	-57.285	0.269	0.260
-9.0	-0.949	0.01260	0.010	0.298	0.004	1.000	0.989	-75.319	0.265	0.260
-8.0	-0.873	0.01307	0.009	0.261	0.004	1.000	0.991	-66.804	0.263	0.260
-7.0	-0.785	0.01225	0.007	0.236	0.005	1.000	0.993	-64.044	0.261	0.260
-6.0	-0.686	0.01161	0.006	0.212	0.007	1.000	0.996	-59.092	0.260	0.259
-5.0	-0.580	0.01116	0.005	0.181	0.010	1.000	0.997	-51.991	0.260	0.259
-4.0	-0.468	0.01188	0.004	0.165	0.014	1.000	0.997	-39.439	0.259	0.259
-3.0	-0.353	0.01150	0.003	0.135	0.020	1.000	0.998	-30.683	0.259	0.259
-2.0	-0.236	0.01122	0.002	0.108	0.030	1.000	0.998	-21.033	0.259	0.259
-1.0	-0.118	0.01107	0.001	0.088	0.046	1.000	0.998	-10.671	0.259	0.259
0.0	0.000	0.01100	-0.000	0.069	0.069	1.000	0.998	0.000	0.259	0.250
1.0	0.118	0.01107	-0.001	0.046	0.088	1.000	0.998	10.676	0.259	0.259
2.0	0.236	0.01122	-0.002	0.030	0.108	1.000	0.998	21.041	0.259	0.259
3.0	0.353	0.01150	-0.003	0.020	0.135	1.000	0.998	30.697	0.259	0.259
4.0	0.469	0.01188	-0.004	0.014	0.165	1.000	0.998	39.460	0.259	0.259
5.0	0.580	0.01116	-0.005	0.010	0.181	0.997	0.998	51.991	0.260	0.259
6.0	0.686	0.01161	-0.006	0.007	0.212	0.996	0.998	59.092	0.260	0.259
7.0	0.785	0.01225	-0.007	0.005	0.236	0.993	0.998	64.044	0.261	0.260
8.0	0.873	0.01307	-0.009	0.004	0.261	0.991	0.998	66.804	0.263	0.260
9.0	0.949	0.01260	-0.010	0.004	0.298	0.989	0.998	75.319	0.265	0.260
10.0	1.009	0.01761	-0.011	0.004	0.315	0.979	0.998	57.285	0.269	0.260
11.0	1.047	0.01982	-0.011	0.003	0.350	0.945	0.998	52.846	0.287	0.261
12.0	1.051	0.02412	-0.012	0.003	0.375	0.826	0.998	43.569	0.245	0.262
13.0	0.989	0.04437	-0.012	0.003	0.407	0.488	0.999	22.296	0.261	0.262
14.0	0.931	0.07645	-0.011	0.003	0.448	0.229	0.999	12.173	0.271	0.262
15.0	0.885	0.10698	-0.010	0.002	0.469	0.093	0.999	8.276	0.268	0.261
16.0	0.837	0.12912	-0.009	0.001	0.508	0.055	0.999	6.485	0.254	0.261
17.0	0.788	0.14724	-0.009	0.001	0.546	0.043	0.999	5.349	0.247	0.262
18.0	0.735	0.16409	-0.010	0.001	0.576	0.039	0.999	4.480	0.244	0.263
19.0	0.681	0.18299	-0.010	0.001	0.616	0.037	0.999	3.724	0.245	0.264
20.0	0.628	0.20405	-0.010	0.001	0.659	0.033	0.998	3.078	0.246	0.266

Name = NACA 0010
Mach = 0; Re = 4830000; T.U. = 1.0; T.L. = 1.0
Surface Finish = 2; Stall model = 0; Transition model = 1; Aspect Ratio = 0; ground effect = 0
?	Cl	Cd	Cm 0.25	T.U.	T.L.	S.U.	S.L.	L/D	A.C.	C.P.
[°]	[-]	[-]	[-]	[-]	[-]	[-]	[-]	[-]	[-]	[-]
-20.0	-0.628	0.20316	0.010	0.626	0.001	1.000	0.034	-3.092	0.245	0.266
-19.0	-0.682	0.18299	0.010	0.593	0.001	1.000	0.037	-3.725	0.244	0.264
-18.0	-0.735	0.16398	0.010	0.558	0.001	1.000	0.039	-4.484	0.244	0.263
-17.0	-0.788	0.14721	0.009	0.517	0.001	1.000	0.044	-5.351	0.247	0.262
-16.0	-0.838	0.12867	0.009	0.488	0.001	1.000	0.056	-6.510	0.254	0.261
-15.0	-0.885	0.10714	0.010	0.456	0.002	1.000	0.093	-8.263	0.268	0.261
-14.0	-0.933	0.07490	0.011	0.419	0.003	1.000	0.239	-12.455	0.271	0.262
-13.0	-0.998	0.04100	0.012	0.398	0.003	1.000	0.529	-24.352	0.260	0.262
-12.0	-1.055	0.02338	0.012	0.359	0.003	1.000	0.844	-45.118	0.241	0.262
-11.0	-1.048	0.01948	0.011	0.338	0.003	1.000	0.950	-53.828	0.285	0.261
-10.0	-1.009	0.01737	0.011	0.306	0.004	1.000	0.980	-58.095	0.269	0.260
-9.0	-0.949	0.01383	0.010	0.276	0.004	1.000	0.989	-68.617	0.265	0.260
-8.0	-0.873	0.01291	0.009	0.254	0.004	1.000	0.992	-67.609	0.263	0.260
-7.0	-0.785	0.01212	0.007	0.223	0.005	1.000	0.994	-64.722	0.261	0.260
-6.0	-0.686	0.01153	0.006	0.208	0.006	1.000	0.996	-59.518	0.260	0.259
-5.0	-0.580	0.01105	0.005	0.174	0.009	1.000	0.997	-52.523	0.260	0.259
-4.0	-0.468	0.01179	0.004	0.151	0.014	1.000	0.997	-39.742	0.259	0.259
-3.0	-0.353	0.01137	0.003	0.131	0.019	1.000	0.998	-31.049	0.259	0.259
-2.0	-0.236	0.01111	0.002	0.103	0.029	1.000	0.998	-21.239	0.259	0.259
-1.0	-0.118	0.01096	0.001	0.081	0.045	1.000	0.998	-10.778	0.259	0.259
0.0	0.000	0.01085	-0.000	0.064	0.064	1.000	0.998	0.000	0.259	0.250
1.0	0.118	0.01096	-0.001	0.045	0.081	1.000	0.998	10.783	0.259	0.259
2.0	0.236	0.01111	-0.002	0.029	0.103	1.000	0.998	21.247	0.259	0.259
3.0	0.353	0.01137	-0.003	0.019	0.131	1.000	0.998	31.062	0.259	0.259
4.0	0.469	0.01179	-0.004	0.014	0.151	1.000	0.998	39.764	0.259	0.259
5.0	0.580	0.01105	-0.005	0.009	0.174	0.997	0.998	52.523	0.260	0.259
6.0	0.686	0.01153	-0.006	0.006	0.208	0.996	0.998	59.518	0.260	0.259
7.0	0.785	0.01212	-0.007	0.005	0.223	0.994	0.998	64.722	0.261	0.260
8.0	0.873	0.01291	-0.009	0.004	0.254	0.992	0.998	67.609	0.263	0.260
9.0	0.949	0.01383	-0.010	0.004	0.276	0.989	0.998	68.617	0.265	0.260
10.0	1.009	0.01737	-0.011	0.004	0.306	0.980	0.998	58.095	0.269	0.260
11.0	1.048	0.01948	-0.011	0.003	0.338	0.950	0.998	53.828	0.285	0.261
12.0	1.055	0.02338	-0.012	0.003	0.359	0.844	0.998	45.118	0.241	0.262
13.0	0.998	0.04100	-0.012	0.003	0.398	0.529	0.999	24.352	0.260	0.262
14.0	0.933	0.07490	-0.011	0.003	0.419	0.239	0.999	12.455	0.271	0.262
15.0	0.885	0.10714	-0.010	0.002	0.456	0.093	0.999	8.263	0.268	0.261
16.0	0.838	0.12867	-0.009	0.001	0.488	0.056	0.999	6.510	0.254	0.261
17.0	0.788	0.14721	-0.009	0.001	0.517	0.044	0.999	5.351	0.247	0.262
18.0	0.735	0.16398	-0.010	0.001	0.558	0.039	0.999	4.484	0.244	0.263
19.0	0.682	0.18299	-0.010	0.001	0.593	0.037	0.999	3.725	0.244	0.264
20.0	0.628	0.20316	-0.010	0.001	0.626	0.034	0.998	3.092	0.245	0.266

Name = NACA 0010
Mach = 0; Re = 5230000; T.U. = 1.0; T.L. = 1.0
Surface Finish = 2; Stall model = 0; Transition model = 1; Aspect Ratio = 0; ground effect = 0
?	Cl	Cd	Cm 0.25	T.U.	T.L.	S.U.	S.L.	L/D	A.C.	C.P.
[°]	[-]	[-]	[-]	[-]	[-]	[-]	[-]	[-]	[-]	[-]
-20.0	-0.628	0.20410	0.010	0.609	0.001	1.000	0.035	-3.078	0.246	0.266
-19.0	-0.682	0.18313	0.010	0.567	0.001	1.000	0.038	-3.723	0.245	0.265
-18.0	-0.735	0.16394	0.010	0.534	0.001	1.000	0.041	-4.486	0.244	0.263
-17.0	-0.788	0.14555	0.009	0.505	0.001	1.000	0.045	-5.414	0.247	0.262
-16.0	-0.838	0.12788	0.009	0.466	0.001	1.000	0.057	-6.551	0.253	0.261
-15.0	-0.885	0.10706	0.010	0.444	0.001	1.000	0.092	-8.267	0.265	0.261
-14.0	-0.924	0.08045	0.011	0.407	0.002	1.000	0.197	-11.482	0.271	0.261
-13.0	-1.007	0.03821	0.012	0.377	0.003	1.000	0.566	-26.341	0.263	0.262
-12.0	-1.058	0.02274	0.012	0.352	0.003	1.000	0.858	-46.521	0.235	0.262
-11.0	-1.049	0.01921	0.011	0.318	0.003	1.000	0.954	-54.609	0.284	0.261
-10.0	-1.009	0.01711	0.011	0.299	0.004	1.000	0.981	-58.991	0.269	0.260
-9.0	-0.949	0.01367	0.010	0.264	0.004	1.000	0.990	-69.439	0.265	0.260
-8.0	-0.873	0.01275	0.009	0.251	0.004	1.000	0.992	-68.463	0.263	0.260
-7.0	-0.785	0.01202	0.007	0.216	0.004	1.000	0.994	-65.309	0.261	0.260
-6.0	-0.686	0.01139	0.006	0.192	0.006	1.000	0.996	-60.233	0.260	0.259
-5.0	-0.580	0.01089	0.005	0.170	0.009	1.000	0.997	-53.281	0.260	0.259
-4.0	-0.468	0.01166	0.004	0.142	0.013	1.000	0.997	-40.168	0.259	0.259
-3.0	-0.353	0.01122	0.003	0.127	0.018	1.000	0.998	-31.448	0.259	0.259
-2.0	-0.236	0.01099	0.002	0.100	0.028	1.000	0.998	-21.474	0.259	0.259
-1.0	-0.118	0.01086	0.001	0.077	0.044	1.000	0.998	-10.884	0.259	0.259
0.0	0.000	0.01082	-0.000	0.058	0.058	1.000	0.998	0.000	0.259	0.250
1.0	0.118	0.01086	-0.001	0.044	0.077	1.000	0.998	10.890	0.259	0.259
2.0	0.236	0.01099	-0.002	0.028	0.100	1.000	0.998	21.482	0.259	0.259
3.0	0.353	0.01122	-0.003	0.018	0.127	1.000	0.998	31.461	0.259	0.259
4.0	0.469	0.01166	-0.004	0.013	0.142	1.000	0.998	40.190	0.259	0.259
5.0	0.581	0.01089	-0.005	0.009	0.170	1.000	0.998	53.311	0.260	0.259
6.0	0.686	0.01139	-0.006	0.006	0.192	0.996	0.998	60.233	0.260	0.259
7.0	0.785	0.01202	-0.007	0.004	0.216	0.994	0.998	65.309	0.261	0.260
8.0	0.873	0.01275	-0.009	0.004	0.251	0.992	0.998	68.463	0.263	0.260
9.0	0.949	0.01367	-0.010	0.004	0.264	0.990	0.998	69.439	0.265	0.260
10.0	1.009	0.01711	-0.011	0.004	0.299	0.981	0.998	58.991	0.269	0.260
11.0	1.049	0.01921	-0.011	0.003	0.318	0.954	0.998	54.609	0.284	0.261
12.0	1.058	0.02274	-0.012	0.003	0.352	0.858	0.998	46.521	0.235	0.262
13.0	1.007	0.03821	-0.012	0.003	0.377	0.566	0.999	26.341	0.263	0.262
14.0	0.924	0.08045	-0.011	0.002	0.407	0.197	0.999	11.482	0.271	0.261
15.0	0.885	0.10706	-0.010	0.001	0.444	0.092	0.999	8.267	0.265	0.261
16.0	0.838	0.12788	-0.009	0.001	0.466	0.057	0.999	6.551	0.253	0.261
17.0	0.788	0.14555	-0.009	0.001	0.505	0.045	0.999	5.414	0.247	0.262
18.0	0.735	0.16394	-0.010	0.001	0.534	0.041	0.999	4.486	0.244	0.263
19.0	0.682	0.18313	-0.010	0.001	0.567	0.038	0.999	3.723	0.245	0.265
20.0	0.628	0.20410	-0.010	0.001	0.609	0.035	0.998	3.078	0.246	0.266

Name = NACA 0010
Mach = 0; Re = 5630000; T.U. = 1.0; T.L. = 1.0
Surface Finish = 2; Stall model = 0; Transition model = 1; Aspect Ratio = 0; ground effect = 0
?	Cl	Cd	Cm 0.25	T.U.	T.L.	S.U.	S.L.	L/D	A.C.	C.P.
[°]	[-]	[-]	[-]	[-]	[-]	[-]	[-]	[-]	[-]	[-]
-20.0	-0.628	0.20089	0.010	0.583	0.001	1.000	0.035	-3.128	0.246	0.266
-19.0	-0.682	0.18043	0.010	0.556	0.001	1.000	0.039	-3.779	0.244	0.265
-18.0	-0.735	0.16232	0.010	0.514	0.001	1.000	0.041	-4.531	0.244	0.263
-17.0	-0.788	0.14532	0.009	0.486	0.001	1.000	0.045	-5.422	0.247	0.262
-16.0	-0.838	0.12770	0.009	0.455	0.001	1.000	0.058	-6.563	0.254	0.261
-15.0	-0.886	0.10612	0.010	0.419	0.001	1.000	0.095	-8.347	0.261	0.261
-14.0	-0.917	0.08455	0.010	0.399	0.002	1.000	0.167	-10.847	0.270	0.261
-13.0	-1.014	0.03587	0.012	0.362	0.003	1.000	0.599	-28.263	0.265	0.262
-12.0	-1.061	0.02222	0.012	0.346	0.003	1.000	0.871	-47.729	0.229	0.262
-11.0	-1.050	0.01899	0.011	0.308	0.003	1.000	0.956	-55.269	0.283	0.261
-10.0	-1.009	0.01301	0.011	0.287	0.004	1.000	0.982	-77.595	0.269	0.260
-9.0	-0.949	0.01348	0.010	0.258	0.004	1.000	0.990	-70.404	0.265	0.260
-8.0	-0.873	0.01260	0.009	0.232	0.004	1.000	0.992	-69.312	0.263	0.260
-7.0	-0.785	0.01188	0.007	0.212	0.004	1.000	0.994	-66.056	0.261	0.260
-6.0	-0.686	0.01129	0.006	0.182	0.006	1.000	0.996	-60.803	0.260	0.259
-5.0	-0.580	0.01083	0.005	0.167	0.009	1.000	0.997	-53.568	0.260	0.259
-4.0	-0.468	0.01152	0.004	0.137	0.013	1.000	0.998	-40.669	0.259	0.259
-3.0	-0.353	0.01119	0.003	0.116	0.017	1.000	0.998	-31.549	0.259	0.259
-2.0	-0.236	0.01090	0.002	0.098	0.027	1.000	0.998	-21.660	0.259	0.259
-1.0	-0.118	0.01076	0.001	0.074	0.041	1.000	0.998	-10.986	0.259	0.259
0.0	0.000	0.01067	-0.000	0.055	0.055	1.000	0.998	0.000	0.259	0.250
1.0	0.118	0.01076	-0.001	0.041	0.074	1.000	0.998	10.991	0.259	0.259
2.0	0.236	0.01090	-0.002	0.027	0.098	1.000	0.998	21.669	0.259	0.259
3.0	0.353	0.01119	-0.003	0.017	0.116	1.000	0.998	31.561	0.259	0.259
4.0	0.469	0.01152	-0.004	0.013	0.137	1.000	0.998	40.688	0.259	0.259
5.0	0.581	0.01083	-0.005	0.009	0.167	1.000	0.998	53.598	0.260	0.259
6.0	0.686	0.01129	-0.006	0.006	0.182	0.996	0.998	60.803	0.260	0.259
7.0	0.785	0.01188	-0.007	0.004	0.212	0.994	0.998	66.056	0.261	0.260
8.0	0.873	0.01260	-0.009	0.004	0.232	0.992	0.998	69.312	0.263	0.260
9.0	0.949	0.01348	-0.010	0.004	0.258	0.990	0.998	70.404	0.265	0.260
10.0	1.009	0.01301	-0.011	0.004	0.287	0.982	0.998	77.595	0.269	0.260
11.0	1.050	0.01899	-0.011	0.003	0.308	0.956	0.998	55.269	0.283	0.261
12.0	1.061	0.02222	-0.012	0.003	0.346	0.871	0.998	47.729	0.229	0.262
13.0	1.014	0.03587	-0.012	0.003	0.362	0.599	0.999	28.263	0.265	0.262
14.0	0.917	0.08455	-0.010	0.002	0.399	0.167	0.999	10.847	0.270	0.261
15.0	0.886	0.10612	-0.010	0.001	0.419	0.095	0.999	8.347	0.261	0.261
16.0	0.838	0.12770	-0.009	0.001	0.455	0.058	0.999	6.563	0.254	0.261
17.0	0.788	0.14532	-0.009	0.001	0.486	0.045	0.999	5.422	0.247	0.262
18.0	0.735	0.16232	-0.010	0.001	0.514	0.041	0.999	4.531	0.244	0.263
19.0	0.682	0.18043	-0.010	0.001	0.556	0.039	0.999	3.779	0.244	0.265
20.0	0.628	0.20089	-0.010	0.001	0.583	0.035	0.998	3.128	0.246	0.266

Name = NACA 0010
Mach = 0; Re = 6030000; T.U. = 1.0; T.L. = 1.0
Surface Finish = 2; Stall model = 0; Transition model = 1; Aspect Ratio = 0; ground effect = 0
?	Cl	Cd	Cm 0.25	T.U.	T.L.	S.U.	S.L.	L/D	A.C.	C.P.
[°]	[-]	[-]	[-]	[-]	[-]	[-]	[-]	[-]	[-]	[-]
-20.0	-0.628	0.20228	0.010	0.565	0.001	1.000	0.036	-3.107	0.243	0.266
-19.0	-0.682	0.17978	0.010	0.532	0.001	1.000	0.038	-3.792	0.245	0.265
-18.0	-0.736	0.16006	0.010	0.505	0.001	1.000	0.043	-4.597	0.245	0.263
-17.0	-0.788	0.14430	0.009	0.467	0.001	1.000	0.046	-5.463	0.246	0.262
-16.0	-0.838	0.12680	0.009	0.448	0.001	1.000	0.058	-6.609	0.251	0.261
-15.0	-0.884	0.10818	0.009	0.408	0.001	1.000	0.085	-8.167	0.259	0.261
-14.0	-0.914	0.08639	0.010	0.384	0.002	1.000	0.155	-10.585	0.271	0.261
-13.0	-1.020	0.03391	0.012	0.354	0.003	1.000	0.628	-30.080	0.265	0.262
-12.0	-1.063	0.02179	0.012	0.325	0.003	1.000	0.881	-48.769	0.221	0.262
-11.0	-1.050	0.01876	0.012	0.303	0.003	1.000	0.958	-55.976	0.282	0.261
-10.0	-1.009	0.01287	0.011	0.271	0.004	1.000	0.982	-78.401	0.269	0.260
-9.0	-0.949	0.01339	0.010	0.254	0.004	1.000	0.990	-70.858	0.265	0.260
-8.0	-0.873	0.01254	0.009	0.222	0.004	1.000	0.992	-69.620	0.263	0.260
-7.0	-0.785	0.01176	0.007	0.208	0.004	1.000	0.994	-66.754	0.261	0.260
-6.0	-0.686	0.01120	0.006	0.176	0.006	1.000	0.996	-61.311	0.260	0.259
-5.0	-0.580	0.01191	0.005	0.160	0.008	1.000	0.997	-48.724	0.260	0.259
-4.0	-0.468	0.01143	0.004	0.135	0.013	1.000	0.998	-40.978	0.259	0.259
-3.0	-0.353	0.01110	0.003	0.110	0.016	1.000	0.998	-31.799	0.259	0.259
-2.0	-0.236	0.01080	0.002	0.097	0.026	1.000	0.998	-21.844	0.259	0.259
-1.0	-0.118	0.01065	0.001	0.072	0.038	1.000	0.998	-11.097	0.259	0.259
0.0	0.000	0.01061	-0.000	0.052	0.052	1.000	0.998	0.000	0.259	0.250
1.0	0.118	0.01065	-0.001	0.038	0.072	1.000	0.998	11.103	0.259	0.259
2.0	0.236	0.01080	-0.002	0.026	0.097	1.000	0.998	21.855	0.259	0.259
3.0	0.353	0.01110	-0.003	0.016	0.110	1.000	0.998	31.812	0.259	0.259
4.0	0.469	0.01143	-0.004	0.013	0.135	1.000	0.998	40.998	0.259	0.259
5.0	0.581	0.01191	-0.005	0.008	0.160	1.000	0.998	48.751	0.260	0.259
6.0	0.686	0.01120	-0.006	0.006	0.176	0.996	0.998	61.311	0.260	0.259
7.0	0.785	0.01176	-0.007	0.004	0.208	0.994	0.998	66.754	0.261	0.260
8.0	0.873	0.01254	-0.009	0.004	0.222	0.992	0.998	69.620	0.263	0.260
9.0	0.949	0.01339	-0.010	0.004	0.254	0.990	0.998	70.858	0.265	0.260
10.0	1.009	0.01287	-0.011	0.004	0.271	0.982	0.998	78.401	0.269	0.260
11.0	1.050	0.01876	-0.011	0.003	0.303	0.958	0.998	55.976	0.282	0.261
12.0	1.063	0.02179	-0.012	0.003	0.325	0.881	0.998	48.769	0.221	0.262
13.0	1.020	0.03391	-0.012	0.003	0.354	0.628	0.999	30.080	0.265	0.262
14.0	0.914	0.08639	-0.010	0.002	0.384	0.155	0.999	10.585	0.271	0.261
15.0	0.884	0.10818	-0.009	0.001	0.408	0.085	0.999	8.167	0.259	0.261
16.0	0.838	0.12680	-0.009	0.001	0.448	0.058	0.999	6.609	0.251	0.261
17.0	0.788	0.14430	-0.009	0.001	0.467	0.046	0.999	5.463	0.246	0.262
18.0	0.736	0.16006	-0.010	0.001	0.505	0.043	0.999	4.597	0.245	0.263
19.0	0.682	0.17978	-0.010	0.001	0.532	0.038	0.999	3.792	0.245	0.265
20.0	0.628	0.20228	-0.010	0.001	0.565	0.036	0.998	3.107	0.243	0.266

Name = NACA 0010
Mach = 0; Re = 6430000; T.U. = 1.0; T.L. = 1.0
Surface Finish = 2; Stall model = 0; Transition model = 1; Aspect Ratio = 0; ground effect = 0
?	Cl	Cd	Cm 0.25	T.U.	T.L.	S.U.	S.L.	L/D	A.C.	C.P.
[°]	[-]	[-]	[-]	[-]	[-]	[-]	[-]	[-]	[-]	[-]
-20.0	-0.628	0.20169	0.010	0.556	0.001	1.000	0.036	-3.116	0.245	0.266
-19.0	-0.682	0.18119	0.010	0.515	0.001	1.000	0.039	-3.763	0.245	0.265
-18.0	-0.736	0.15878	0.010	0.491	0.001	1.000	0.043	-4.635	0.244	0.263
-17.0	-0.788	0.14503	0.009	0.457	0.000	1.000	0.045	-5.434	0.246	0.262
-16.0	-0.838	0.12622	0.009	0.424	0.001	1.000	0.060	-6.642	0.252	0.261
-15.0	-0.884	0.10749	0.010	0.402	0.001	1.000	0.088	-8.226	0.256	0.261
-14.0	-0.911	0.08856	0.010	0.367	0.001	1.000	0.140	-10.288	0.271	0.261
-13.0	-1.026	0.03226	0.012	0.349	0.003	1.000	0.653	-31.798	0.266	0.262
-12.0	-1.063	0.02160	0.012	0.314	0.003	1.000	0.884	-49.236	0.212	0.262
-11.0	-1.051	0.01855	0.012	0.299	0.003	1.000	0.961	-56.650	0.282	0.261
-10.0	-1.010	0.01273	0.011	0.263	0.004	1.000	0.983	-79.277	0.269	0.260
-9.0	-0.949	0.01324	0.010	0.251	0.004	1.000	0.990	-71.657	0.265	0.260
-8.0	-0.873	0.01241	0.009	0.217	0.004	1.000	0.993	-70.359	0.263	0.260
-7.0	-0.785	0.01167	0.007	0.199	0.004	1.000	0.994	-67.258	0.261	0.260
-6.0	-0.686	0.01109	0.006	0.172	0.006	1.000	0.996	-61.900	0.260	0.259
-5.0	-0.580	0.01188	0.005	0.149	0.008	1.000	0.997	-48.861	0.260	0.259
-4.0	-0.469	0.01135	0.004	0.132	0.013	1.000	0.998	-41.269	0.259	0.259
-3.0	-0.353	0.01105	0.003	0.105	0.016	1.000	0.998	-31.938	0.259	0.259
-2.0	-0.236	0.01076	0.002	0.091	0.026	1.000	0.998	-21.929	0.259	0.259
-1.0	-0.118	0.01062	0.001	0.070	0.036	1.000	0.998	-11.126	0.259	0.259
0.0	0.000	0.01057	-0.000	0.050	0.050	1.000	0.998	0.000	0.259	0.250
1.0	0.118	0.01062	-0.001	0.036	0.070	1.000	0.998	11.131	0.259	0.259
2.0	0.236	0.01076	-0.002	0.026	0.091	1.000	0.998	21.938	0.259	0.259
3.0	0.353	0.01105	-0.003	0.016	0.105	1.000	0.998	31.951	0.259	0.259
4.0	0.469	0.01135	-0.004	0.013	0.132	1.000	0.998	41.286	0.259	0.259
5.0	0.581	0.01187	-0.005	0.008	0.149	1.000	0.998	48.889	0.260	0.259
6.0	0.686	0.01109	-0.006	0.006	0.172	0.996	0.998	61.900	0.260	0.259
7.0	0.785	0.01167	-0.007	0.004	0.199	0.994	0.998	67.258	0.261	0.260
8.0	0.873	0.01241	-0.009	0.004	0.217	0.993	0.998	70.359	0.263	0.260
9.0	0.949	0.01324	-0.010	0.004	0.251	0.990	0.998	71.657	0.265	0.260
10.0	1.010	0.01273	-0.011	0.004	0.263	0.983	0.998	79.277	0.269	0.260
11.0	1.051	0.01855	-0.012	0.003	0.299	0.961	0.998	56.650	0.282	0.261
12.0	1.063	0.02160	-0.012	0.003	0.314	0.884	0.998	49.236	0.212	0.262
13.0	1.026	0.03226	-0.012	0.003	0.349	0.653	0.999	31.798	0.266	0.262
14.0	0.911	0.08856	-0.010	0.001	0.367	0.140	0.999	10.288	0.271	0.261
15.0	0.884	0.10749	-0.010	0.001	0.402	0.088	0.999	8.226	0.256	0.261
16.0	0.838	0.12622	-0.009	0.001	0.424	0.060	0.999	6.642	0.252	0.261
17.0	0.788	0.14503	-0.009	0.000	0.457	0.045	0.999	5.434	0.246	0.262
18.0	0.736	0.15878	-0.010	0.001	0.491	0.043	0.999	4.635	0.244	0.263
19.0	0.682	0.18119	-0.010	0.001	0.515	0.039	0.999	3.763	0.245	0.265
20.0	0.628	0.20169	-0.010	0.001	0.556	0.036	0.998	3.116	0.245	0.266


