Name = NACA 0021
Mach = 0; Re = 30000; T.U. = 1.0; T.L. = 1.0
Surface Finish = 2; Stall model = 0; Transition model = 1; Aspect Ratio = 0; ground effect = 0
?	Cl	Cd	Cm 0.25	T.U.	T.L.	S.U.	S.L.	L/D	A.C.	C.P.
[°]	[-]	[-]	[-]	[-]	[-]	[-]	[-]	[-]	[-]	[-]
-20.0	-1.612	0.28502	0.026	0.934	0.022	0.962	0.042	-5.656	0.272	0.266
-19.0	-1.582	0.25799	0.025	0.926	0.024	0.961	0.046	-6.134	0.269	0.266
-18.0	-1.546	0.23276	0.025	0.918	0.026	0.959	0.052	-6.642	0.265	0.266
-17.0	-1.503	0.20870	0.024	0.911	0.029	0.956	0.059	-7.200	0.264	0.266
-16.0	-1.453	0.18742	0.023	0.904	0.032	0.952	0.067	-7.751	0.260	0.266
-15.0	-1.398	0.16649	0.023	0.892	0.035	0.948	0.082	-8.396	0.258	0.266
-14.0	-1.337	0.14783	0.022	0.881	0.040	0.945	0.100	-9.044	0.258	0.267
-13.0	-1.272	0.13032	0.022	0.869	0.046	0.940	0.128	-9.763	0.256	0.267
-12.0	-1.206	0.11359	0.022	0.851	0.055	0.937	0.172	-10.614	0.255	0.268
-11.0	-1.139	0.09717	0.021	0.836	0.063	0.933	0.243	-11.725	0.258	0.269
-10.0	-1.064	0.08324	0.021	0.812	0.078	0.930	0.316	-12.782	0.262	0.269
-9.0	-0.986	0.07102	0.019	0.789	0.094	0.924	0.404	-13.879	0.266	0.270
-8.0	-0.897	0.06210	0.018	0.759	0.119	0.921	0.473	-14.437	0.268	0.270
-7.0	-0.802	0.05490	0.016	0.724	0.146	0.919	0.544	-14.609	0.269	0.270
-6.0	-0.701	0.04938	0.014	0.684	0.177	0.917	0.612	-14.194	0.270	0.270
-5.0	-0.594	0.04522	0.012	0.640	0.211	0.914	0.673	-13.138	0.270	0.270
-4.0	-0.482	0.04216	0.010	0.593	0.247	0.911	0.729	-11.443	0.270	0.270
-3.0	-0.366	0.03998	0.007	0.545	0.285	0.907	0.777	-9.161	0.270	0.270
-2.0	-0.247	0.03854	0.005	0.497	0.324	0.898	0.816	-6.399	0.270	0.270
-1.0	-0.124	0.03767	0.003	0.451	0.364	0.886	0.846	-3.299	0.270	0.270
0.0	0.000	0.03732	-0.000	0.407	0.407	0.870	0.870	0.000	0.270	0.250
1.0	0.124	0.03767	-0.003	0.364	0.451	0.846	0.886	3.299	0.270	0.270
2.0	0.247	0.03854	-0.005	0.324	0.497	0.816	0.898	6.399	0.270	0.270
3.0	0.366	0.03998	-0.007	0.285	0.545	0.777	0.907	9.161	0.270	0.270
4.0	0.482	0.04216	-0.010	0.247	0.593	0.729	0.911	11.443	0.270	0.270
5.0	0.594	0.04522	-0.012	0.211	0.640	0.673	0.914	13.138	0.270	0.270
6.0	0.701	0.04938	-0.014	0.177	0.684	0.612	0.917	14.194	0.270	0.270
7.0	0.802	0.05490	-0.016	0.146	0.724	0.544	0.919	14.609	0.269	0.270
8.0	0.897	0.06210	-0.018	0.119	0.759	0.473	0.921	14.437	0.268	0.270
9.0	0.986	0.07102	-0.019	0.094	0.789	0.404	0.924	13.879	0.266	0.270
10.0	1.064	0.08324	-0.021	0.078	0.812	0.316	0.930	12.782	0.262	0.269
11.0	1.139	0.09717	-0.021	0.063	0.836	0.243	0.933	11.725	0.258	0.269
12.0	1.206	0.11359	-0.022	0.055	0.851	0.172	0.937	10.614	0.255	0.268
13.0	1.272	0.13032	-0.022	0.046	0.869	0.128	0.940	9.763	0.256	0.267
14.0	1.337	0.14783	-0.022	0.040	0.881	0.100	0.945	9.044	0.258	0.267
15.0	1.398	0.16649	-0.023	0.035	0.892	0.082	0.948	8.396	0.258	0.266
16.0	1.453	0.18742	-0.023	0.032	0.904	0.067	0.952	7.751	0.260	0.266
17.0	1.503	0.20870	-0.024	0.029	0.911	0.059	0.956	7.200	0.264	0.266
18.0	1.546	0.23276	-0.025	0.026	0.918	0.052	0.959	6.642	0.265	0.266
19.0	1.582	0.25799	-0.025	0.024	0.926	0.046	0.961	6.134	0.269	0.266
20.0	1.612	0.28502	-0.026	0.022	0.934	0.042	0.962	5.656	0.272	0.266

Name = NACA 0021
Mach = 0; Re = 430000; T.U. = 1.0; T.L. = 1.0
Surface Finish = 2; Stall model = 0; Transition model = 1; Aspect Ratio = 0; ground effect = 0
?	Cl	Cd	Cm 0.25	T.U.	T.L.	S.U.	S.L.	L/D	A.C.	C.P.
[°]	[-]	[-]	[-]	[-]	[-]	[-]	[-]	[-]	[-]	[-]
-20.0	-1.729	0.13266	0.040	0.877	0.016	0.991	0.336	-13.036	0.296	0.273
-19.0	-1.711	0.11537	0.039	0.860	0.017	0.991	0.374	-14.827	0.291	0.273
-18.0	-1.684	0.09946	0.038	0.843	0.018	0.992	0.415	-16.937	0.285	0.272
-17.0	-1.651	0.08519	0.037	0.822	0.020	0.992	0.459	-19.379	0.281	0.272
-16.0	-1.611	0.07203	0.036	0.800	0.024	0.992	0.511	-22.371	0.278	0.272
-15.0	-1.563	0.06102	0.034	0.771	0.027	0.992	0.564	-25.613	0.277	0.272
-14.0	-1.506	0.05196	0.033	0.742	0.029	0.992	0.617	-28.978	0.276	0.272
-13.0	-1.440	0.04454	0.031	0.708	0.032	0.991	0.671	-32.320	0.275	0.272
-12.0	-1.365	0.03838	0.029	0.668	0.037	0.991	0.724	-35.563	0.274	0.271
-11.0	-1.282	0.03341	0.027	0.627	0.044	0.991	0.774	-38.360	0.273	0.271
-10.0	-1.188	0.02964	0.025	0.587	0.050	0.991	0.817	-40.068	0.272	0.271
-9.0	-1.086	0.02661	0.023	0.548	0.059	0.991	0.853	-40.826	0.272	0.271
-8.0	-0.979	0.02416	0.021	0.508	0.070	0.991	0.883	-40.517	0.272	0.271
-7.0	-0.866	0.02220	0.018	0.469	0.084	0.990	0.908	-39.012	0.271	0.271
-6.0	-0.749	0.01989	0.016	0.433	0.100	0.989	0.926	-37.636	0.271	0.271
-5.0	-0.628	0.01842	0.013	0.400	0.119	0.987	0.941	-34.108	0.271	0.271
-4.0	-0.505	0.01719	0.011	0.364	0.141	0.986	0.952	-29.390	0.271	0.271
-3.0	-0.380	0.01615	0.008	0.333	0.165	0.983	0.961	-23.553	0.271	0.271
-2.0	-0.254	0.01818	0.005	0.303	0.189	0.982	0.967	-13.990	0.271	0.271
-1.0	-0.127	0.01791	0.003	0.272	0.216	0.979	0.973	-7.119	0.271	0.271
0.0	0.000	0.01786	-0.000	0.245	0.245	0.977	0.977	0.000	0.271	0.250
1.0	0.127	0.01791	-0.003	0.216	0.272	0.973	0.979	7.119	0.271	0.271
2.0	0.254	0.01818	-0.005	0.189	0.303	0.967	0.982	13.990	0.271	0.271
3.0	0.380	0.01615	-0.008	0.165	0.333	0.961	0.983	23.553	0.271	0.271
4.0	0.505	0.01719	-0.011	0.141	0.364	0.952	0.986	29.390	0.271	0.271
5.0	0.628	0.01842	-0.013	0.119	0.400	0.941	0.987	34.108	0.271	0.271
6.0	0.749	0.01989	-0.016	0.100	0.433	0.926	0.989	37.636	0.271	0.271
7.0	0.866	0.02220	-0.018	0.084	0.469	0.908	0.990	39.012	0.271	0.271
8.0	0.979	0.02416	-0.021	0.070	0.508	0.883	0.991	40.517	0.272	0.271
9.0	1.086	0.02661	-0.023	0.059	0.548	0.853	0.991	40.826	0.272	0.271
10.0	1.188	0.02964	-0.025	0.050	0.587	0.817	0.991	40.068	0.272	0.271
11.0	1.282	0.03341	-0.027	0.044	0.627	0.774	0.991	38.360	0.273	0.271
12.0	1.365	0.03838	-0.029	0.037	0.668	0.724	0.991	35.563	0.274	0.271
13.0	1.440	0.04454	-0.031	0.032	0.708	0.671	0.991	32.320	0.275	0.272
14.0	1.506	0.05196	-0.033	0.029	0.742	0.617	0.992	28.978	0.276	0.272
15.0	1.563	0.06102	-0.034	0.027	0.771	0.564	0.992	25.613	0.277	0.272
16.0	1.611	0.07203	-0.036	0.024	0.800	0.511	0.992	22.371	0.278	0.272
17.0	1.651	0.08519	-0.037	0.020	0.822	0.459	0.992	19.379	0.281	0.272
18.0	1.684	0.09946	-0.038	0.018	0.843	0.415	0.992	16.937	0.285	0.272
19.0	1.711	0.11537	-0.039	0.017	0.860	0.374	0.991	14.827	0.291	0.273
20.0	1.729	0.13266	-0.040	0.016	0.877	0.336	0.991	13.036	0.296	0.273

Name = NACA 0021
Mach = 0; Re = 830000; T.U. = 1.0; T.L. = 1.0
Surface Finish = 2; Stall model = 0; Transition model = 1; Aspect Ratio = 0; ground effect = 0
?	Cl	Cd	Cm 0.25	T.U.	T.L.	S.U.	S.L.	L/D	A.C.	C.P.
[°]	[-]	[-]	[-]	[-]	[-]	[-]	[-]	[-]	[-]	[-]
-20.0	-1.750	0.11472	0.041	0.829	0.013	0.993	0.388	-15.255	0.302	0.273
-19.0	-1.731	0.09947	0.040	0.804	0.014	0.993	0.426	-17.399	0.296	0.273
-18.0	-1.704	0.08591	0.039	0.777	0.015	0.993	0.466	-19.834	0.288	0.273
-17.0	-1.669	0.07372	0.037	0.752	0.016	0.994	0.509	-22.646	0.283	0.272
-16.0	-1.628	0.06271	0.036	0.715	0.018	0.993	0.557	-25.958	0.280	0.272
-15.0	-1.579	0.05293	0.035	0.678	0.020	0.993	0.611	-29.835	0.278	0.272
-14.0	-1.523	0.04435	0.033	0.640	0.025	0.993	0.670	-34.334	0.276	0.272
-13.0	-1.454	0.03832	0.031	0.605	0.027	0.992	0.719	-37.949	0.275	0.272
-12.0	-1.377	0.03345	0.030	0.563	0.030	0.992	0.765	-41.167	0.274	0.271
-11.0	-1.291	0.02964	0.028	0.524	0.033	0.992	0.807	-43.544	0.273	0.271
-10.0	-1.195	0.02639	0.025	0.489	0.039	0.991	0.846	-45.271	0.272	0.271
-9.0	-1.092	0.02378	0.023	0.455	0.047	0.991	0.878	-45.904	0.272	0.271
-8.0	-0.983	0.02184	0.021	0.418	0.054	0.991	0.902	-44.989	0.272	0.271
-7.0	-0.869	0.02007	0.018	0.389	0.064	0.991	0.922	-43.275	0.271	0.271
-6.0	-0.750	0.01867	0.016	0.357	0.076	0.990	0.938	-40.204	0.271	0.271
-5.0	-0.629	0.01743	0.013	0.326	0.092	0.989	0.950	-36.101	0.271	0.271
-4.0	-0.506	0.01574	0.011	0.301	0.108	0.988	0.960	-32.138	0.271	0.271
-3.0	-0.381	0.01485	0.008	0.270	0.129	0.986	0.966	-25.641	0.271	0.271
-2.0	-0.255	0.01411	0.005	0.247	0.147	0.984	0.972	-18.044	0.271	0.271
-1.0	-0.128	0.01652	0.003	0.218	0.172	0.982	0.977	-7.725	0.271	0.271
0.0	0.000	0.01639	-0.000	0.194	0.194	0.979	0.979	0.000	0.271	0.250
1.0	0.128	0.01652	-0.003	0.172	0.218	0.977	0.982	7.725	0.271	0.271
2.0	0.255	0.01411	-0.005	0.147	0.247	0.972	0.984	18.044	0.271	0.271
3.0	0.381	0.01485	-0.008	0.129	0.270	0.966	0.986	25.641	0.271	0.271
4.0	0.506	0.01574	-0.011	0.108	0.301	0.960	0.988	32.138	0.271	0.271
5.0	0.629	0.01743	-0.013	0.092	0.326	0.950	0.989	36.101	0.271	0.271
6.0	0.750	0.01867	-0.016	0.076	0.357	0.938	0.990	40.204	0.271	0.271
7.0	0.869	0.02007	-0.018	0.064	0.389	0.922	0.991	43.275	0.271	0.271
8.0	0.983	0.02184	-0.021	0.054	0.418	0.902	0.991	44.989	0.272	0.271
9.0	1.092	0.02378	-0.023	0.047	0.455	0.878	0.991	45.904	0.272	0.271
10.0	1.195	0.02639	-0.025	0.039	0.489	0.846	0.991	45.271	0.272	0.271
11.0	1.291	0.02964	-0.028	0.033	0.524	0.807	0.992	43.544	0.273	0.271
12.0	1.377	0.03345	-0.030	0.030	0.563	0.765	0.992	41.167	0.274	0.271
13.0	1.454	0.03832	-0.031	0.027	0.605	0.719	0.992	37.949	0.275	0.272
14.0	1.523	0.04435	-0.033	0.025	0.640	0.670	0.993	34.334	0.276	0.272
15.0	1.579	0.05293	-0.035	0.020	0.678	0.611	0.993	29.835	0.278	0.272
16.0	1.628	0.06271	-0.036	0.018	0.715	0.557	0.993	25.958	0.280	0.272
17.0	1.669	0.07372	-0.037	0.016	0.752	0.509	0.994	22.646	0.283	0.272
18.0	1.704	0.08591	-0.039	0.015	0.777	0.466	0.993	19.834	0.288	0.273
19.0	1.731	0.09947	-0.040	0.014	0.804	0.426	0.993	17.399	0.296	0.273
20.0	1.750	0.11472	-0.041	0.013	0.829	0.388	0.993	15.255	0.302	0.273

Name = NACA 0021
Mach = 0; Re = 1230000; T.U. = 1.0; T.L. = 1.0
Surface Finish = 2; Stall model = 0; Transition model = 1; Aspect Ratio = 0; ground effect = 0
?	Cl	Cd	Cm 0.25	T.U.	T.L.	S.U.	S.L.	L/D	A.C.	C.P.
[°]	[-]	[-]	[-]	[-]	[-]	[-]	[-]	[-]	[-]	[-]
-20.0	-1.761	0.10556	0.041	0.778	0.012	0.994	0.416	-16.684	0.304	0.273
-19.0	-1.741	0.09179	0.040	0.752	0.013	0.994	0.452	-18.968	0.298	0.273
-18.0	-1.714	0.07897	0.039	0.716	0.013	0.994	0.493	-21.710	0.289	0.273
-17.0	-1.680	0.06783	0.038	0.680	0.014	0.994	0.537	-24.762	0.284	0.273
-16.0	-1.638	0.05779	0.037	0.645	0.015	0.994	0.585	-28.336	0.281	0.272
-15.0	-1.587	0.04913	0.035	0.609	0.017	0.993	0.635	-32.305	0.278	0.272
-14.0	-1.529	0.04171	0.033	0.568	0.019	0.993	0.688	-36.651	0.277	0.272
-13.0	-1.462	0.03544	0.032	0.531	0.024	0.993	0.743	-41.256	0.275	0.272
-12.0	-1.383	0.03100	0.030	0.502	0.027	0.992	0.787	-44.628	0.274	0.271
-11.0	-1.296	0.02767	0.028	0.463	0.029	0.992	0.826	-46.828	0.273	0.271
-10.0	-1.198	0.02488	0.025	0.430	0.033	0.992	0.860	-48.150	0.272	0.271
-9.0	-1.094	0.02250	0.023	0.402	0.039	0.991	0.888	-48.630	0.272	0.271
-8.0	-0.985	0.02064	0.021	0.368	0.046	0.991	0.912	-47.699	0.272	0.271
-7.0	-0.870	0.01908	0.018	0.347	0.053	0.991	0.930	-45.600	0.271	0.271
-6.0	-0.751	0.01776	0.016	0.312	0.065	0.991	0.944	-42.314	0.271	0.271
-5.0	-0.630	0.01667	0.013	0.288	0.076	0.990	0.955	-37.796	0.271	0.271
-4.0	-0.506	0.01504	0.011	0.261	0.091	0.989	0.963	-33.659	0.271	0.271
-3.0	-0.381	0.01420	0.008	0.236	0.106	0.987	0.969	-26.843	0.271	0.271
-2.0	-0.255	0.01349	0.005	0.213	0.128	0.985	0.976	-18.894	0.271	0.271
-1.0	-0.128	0.01307	0.003	0.187	0.144	0.983	0.978	-9.765	0.271	0.271
0.0	0.000	0.01573	-0.000	0.169	0.169	0.981	0.981	0.000	0.271	0.250
1.0	0.128	0.01307	-0.003	0.144	0.187	0.978	0.983	9.765	0.271	0.271
2.0	0.255	0.01349	-0.005	0.128	0.213	0.976	0.985	18.894	0.271	0.271
3.0	0.381	0.01420	-0.008	0.106	0.236	0.969	0.987	26.843	0.271	0.271
4.0	0.506	0.01504	-0.011	0.091	0.261	0.963	0.989	33.659	0.271	0.271
5.0	0.630	0.01667	-0.013	0.076	0.288	0.955	0.990	37.796	0.271	0.271
6.0	0.751	0.01776	-0.016	0.065	0.312	0.944	0.991	42.314	0.271	0.271
7.0	0.870	0.01908	-0.018	0.053	0.347	0.930	0.991	45.600	0.271	0.271
8.0	0.985	0.02064	-0.021	0.046	0.368	0.912	0.991	47.699	0.272	0.271
9.0	1.094	0.02250	-0.023	0.039	0.402	0.888	0.991	48.630	0.272	0.271
10.0	1.198	0.02488	-0.025	0.033	0.430	0.860	0.992	48.150	0.272	0.271
11.0	1.296	0.02767	-0.028	0.029	0.463	0.826	0.992	46.828	0.273	0.271
12.0	1.383	0.03100	-0.030	0.027	0.502	0.787	0.992	44.628	0.274	0.271
13.0	1.462	0.03544	-0.032	0.024	0.531	0.743	0.993	41.256	0.275	0.272
14.0	1.529	0.04171	-0.033	0.019	0.568	0.688	0.993	36.651	0.277	0.272
15.0	1.587	0.04913	-0.035	0.017	0.609	0.635	0.993	32.305	0.278	0.272
16.0	1.638	0.05779	-0.037	0.015	0.645	0.585	0.994	28.336	0.281	0.272
17.0	1.680	0.06783	-0.038	0.014	0.680	0.537	0.994	24.762	0.284	0.273
18.0	1.714	0.07897	-0.039	0.013	0.716	0.493	0.994	21.710	0.289	0.273
19.0	1.741	0.09179	-0.040	0.013	0.752	0.452	0.994	18.968	0.298	0.273
20.0	1.761	0.10556	-0.041	0.012	0.778	0.416	0.994	16.684	0.304	0.273

Name = NACA 0021
Mach = 0; Re = 1630000; T.U. = 1.0; T.L. = 1.0
Surface Finish = 2; Stall model = 0; Transition model = 1; Aspect Ratio = 0; ground effect = 0
?	Cl	Cd	Cm 0.25	T.U.	T.L.	S.U.	S.L.	L/D	A.C.	C.P.
[°]	[-]	[-]	[-]	[-]	[-]	[-]	[-]	[-]	[-]	[-]
-20.0	-1.769	0.09972	0.042	0.729	0.011	0.994	0.435	-17.737	0.306	0.274
-19.0	-1.749	0.08640	0.041	0.701	0.012	0.994	0.472	-20.244	0.299	0.273
-18.0	-1.722	0.07429	0.039	0.663	0.013	0.994	0.514	-23.185	0.290	0.273
-17.0	-1.687	0.06399	0.038	0.624	0.013	0.994	0.556	-26.357	0.285	0.273
-16.0	-1.644	0.05441	0.037	0.589	0.014	0.994	0.604	-30.221	0.281	0.272
-15.0	-1.593	0.04655	0.035	0.556	0.015	0.994	0.652	-34.221	0.279	0.272
-14.0	-1.534	0.03975	0.034	0.517	0.017	0.993	0.703	-38.583	0.277	0.272
-13.0	-1.465	0.03417	0.032	0.485	0.019	0.993	0.753	-42.881	0.275	0.272
-12.0	-1.388	0.02934	0.030	0.455	0.025	0.993	0.803	-47.319	0.274	0.272
-11.0	-1.299	0.02630	0.028	0.420	0.027	0.992	0.839	-49.406	0.273	0.271
-10.0	-1.201	0.02379	0.026	0.397	0.030	0.992	0.870	-50.482	0.272	0.271
-9.0	-1.096	0.02169	0.023	0.362	0.033	0.992	0.896	-50.518	0.272	0.271
-8.0	-0.986	0.01982	0.021	0.339	0.042	0.992	0.918	-49.745	0.272	0.271
-7.0	-0.871	0.01837	0.018	0.309	0.048	0.991	0.935	-47.414	0.271	0.271
-6.0	-0.752	0.01720	0.016	0.284	0.055	0.991	0.947	-43.725	0.271	0.271
-5.0	-0.630	0.01605	0.013	0.259	0.069	0.990	0.958	-39.271	0.271	0.271
-4.0	-0.506	0.01528	0.011	0.234	0.078	0.989	0.965	-33.158	0.271	0.271
-3.0	-0.381	0.01372	0.008	0.213	0.097	0.989	0.972	-27.793	0.271	0.271
-2.0	-0.255	0.01312	0.005	0.188	0.109	0.986	0.977	-19.424	0.271	0.271
-1.0	-0.128	0.01263	0.003	0.170	0.131	0.984	0.979	-10.104	0.271	0.271
0.0	0.000	0.01533	-0.000	0.146	0.146	0.982	0.982	0.000	0.271	0.250
1.0	0.128	0.01263	-0.003	0.131	0.170	0.979	0.984	10.104	0.271	0.271
2.0	0.255	0.01312	-0.005	0.109	0.188	0.977	0.986	19.424	0.271	0.271
3.0	0.381	0.01372	-0.008	0.097	0.213	0.972	0.989	27.793	0.271	0.271
4.0	0.506	0.01528	-0.011	0.078	0.234	0.965	0.989	33.158	0.271	0.271
5.0	0.630	0.01605	-0.013	0.069	0.259	0.958	0.990	39.271	0.271	0.271
6.0	0.752	0.01720	-0.016	0.055	0.284	0.947	0.991	43.725	0.271	0.271
7.0	0.871	0.01837	-0.018	0.048	0.309	0.935	0.991	47.414	0.271	0.271
8.0	0.986	0.01982	-0.021	0.042	0.339	0.918	0.992	49.745	0.272	0.271
9.0	1.096	0.02169	-0.023	0.033	0.362	0.896	0.992	50.518	0.272	0.271
10.0	1.201	0.02379	-0.026	0.030	0.397	0.870	0.992	50.482	0.272	0.271
11.0	1.299	0.02630	-0.028	0.027	0.420	0.839	0.992	49.406	0.273	0.271
12.0	1.388	0.02934	-0.030	0.025	0.455	0.803	0.993	47.319	0.274	0.272
13.0	1.465	0.03417	-0.032	0.019	0.485	0.753	0.993	42.881	0.275	0.272
14.0	1.534	0.03975	-0.034	0.017	0.517	0.703	0.993	38.583	0.277	0.272
15.0	1.593	0.04655	-0.035	0.015	0.556	0.652	0.994	34.221	0.279	0.272
16.0	1.644	0.05441	-0.037	0.014	0.589	0.604	0.994	30.221	0.281	0.272
17.0	1.687	0.06399	-0.038	0.013	0.624	0.556	0.994	26.357	0.285	0.273
18.0	1.722	0.07429	-0.039	0.013	0.663	0.514	0.994	23.185	0.290	0.273
19.0	1.749	0.08640	-0.041	0.012	0.701	0.472	0.994	20.244	0.299	0.273
20.0	1.769	0.09972	-0.042	0.011	0.729	0.435	0.994	17.737	0.306	0.274

Name = NACA 0021
Mach = 0; Re = 2030000; T.U. = 1.0; T.L. = 1.0
Surface Finish = 2; Stall model = 0; Transition model = 1; Aspect Ratio = 0; ground effect = 0
?	Cl	Cd	Cm 0.25	T.U.	T.L.	S.U.	S.L.	L/D	A.C.	C.P.
[°]	[-]	[-]	[-]	[-]	[-]	[-]	[-]	[-]	[-]	[-]
-20.0	-1.772	0.09751	0.042	0.686	0.010	0.995	0.442	-18.168	0.309	0.274
-19.0	-1.755	0.08241	0.041	0.657	0.011	0.994	0.488	-21.297	0.300	0.273
-18.0	-1.728	0.07097	0.040	0.616	0.012	0.994	0.529	-24.350	0.291	0.273
-17.0	-1.694	0.06063	0.038	0.579	0.013	0.994	0.574	-27.931	0.285	0.273
-16.0	-1.650	0.05195	0.037	0.553	0.013	0.994	0.619	-31.761	0.282	0.272
-15.0	-1.598	0.04446	0.035	0.513	0.014	0.994	0.667	-35.941	0.279	0.272
-14.0	-1.537	0.03819	0.034	0.479	0.015	0.993	0.715	-40.257	0.277	0.272
-13.0	-1.468	0.03302	0.032	0.453	0.017	0.993	0.763	-44.462	0.276	0.272
-12.0	-1.390	0.02871	0.030	0.417	0.020	0.993	0.808	-48.391	0.274	0.272
-11.0	-1.302	0.02528	0.028	0.397	0.026	0.993	0.849	-51.495	0.273	0.271
-10.0	-1.203	0.02297	0.026	0.361	0.028	0.992	0.878	-52.353	0.272	0.271
-9.0	-1.097	0.02103	0.023	0.340	0.030	0.992	0.902	-52.180	0.272	0.271
-8.0	-0.987	0.01936	0.021	0.310	0.036	0.992	0.922	-50.951	0.272	0.271
-7.0	-0.872	0.01785	0.018	0.288	0.045	0.991	0.939	-48.826	0.271	0.271
-6.0	-0.752	0.01672	0.016	0.261	0.050	0.991	0.950	-44.982	0.271	0.271
-5.0	-0.631	0.01568	0.013	0.239	0.060	0.990	0.960	-40.212	0.271	0.271
-4.0	-0.507	0.01484	0.011	0.216	0.072	0.990	0.967	-34.140	0.271	0.271
-3.0	-0.381	0.01348	0.008	0.194	0.083	0.989	0.973	-28.292	0.271	0.271
-2.0	-0.255	0.01275	0.005	0.173	0.100	0.987	0.978	-19.999	0.271	0.271
-1.0	-0.128	0.01241	0.003	0.152	0.115	0.985	0.980	-10.288	0.271	0.271
0.0	0.000	0.00904	-0.000	0.135	0.135	0.983	0.983	0.000	0.271	0.250
1.0	0.128	0.01241	-0.003	0.115	0.152	0.980	0.985	10.288	0.271	0.271
2.0	0.255	0.01275	-0.005	0.100	0.173	0.978	0.987	19.999	0.271	0.271
3.0	0.381	0.01348	-0.008	0.083	0.194	0.973	0.989	28.292	0.271	0.271
4.0	0.507	0.01484	-0.011	0.072	0.216	0.967	0.990	34.140	0.271	0.271
5.0	0.631	0.01568	-0.013	0.060	0.239	0.960	0.990	40.212	0.271	0.271
6.0	0.752	0.01672	-0.016	0.050	0.261	0.950	0.991	44.982	0.271	0.271
7.0	0.872	0.01785	-0.018	0.045	0.288	0.939	0.991	48.826	0.271	0.271
8.0	0.987	0.01936	-0.021	0.036	0.310	0.922	0.992	50.951	0.272	0.271
9.0	1.097	0.02103	-0.023	0.030	0.340	0.902	0.992	52.180	0.272	0.271
10.0	1.203	0.02297	-0.026	0.028	0.361	0.878	0.992	52.353	0.272	0.271
11.0	1.302	0.02528	-0.028	0.026	0.397	0.849	0.993	51.495	0.273	0.271
12.0	1.390	0.02871	-0.030	0.020	0.417	0.808	0.993	48.391	0.274	0.272
13.0	1.468	0.03302	-0.032	0.017	0.453	0.763	0.993	44.462	0.276	0.272
14.0	1.537	0.03819	-0.034	0.015	0.479	0.715	0.993	40.257	0.277	0.272
15.0	1.598	0.04446	-0.035	0.014	0.513	0.667	0.994	35.941	0.279	0.272
16.0	1.650	0.05195	-0.037	0.013	0.553	0.619	0.994	31.761	0.282	0.272
17.0	1.694	0.06063	-0.038	0.013	0.579	0.574	0.994	27.931	0.285	0.273
18.0	1.728	0.07097	-0.040	0.012	0.616	0.529	0.994	24.350	0.291	0.273
19.0	1.755	0.08241	-0.041	0.011	0.657	0.488	0.994	21.297	0.300	0.273
20.0	1.772	0.09751	-0.042	0.010	0.686	0.442	0.995	18.168	0.309	0.274

Name = NACA 0021
Mach = 0; Re = 2430000; T.U. = 1.0; T.L. = 1.0
Surface Finish = 2; Stall model = 0; Transition model = 1; Aspect Ratio = 0; ground effect = 0
?	Cl	Cd	Cm 0.25	T.U.	T.L.	S.U.	S.L.	L/D	A.C.	C.P.
[°]	[-]	[-]	[-]	[-]	[-]	[-]	[-]	[-]	[-]	[-]
-20.0	-1.772	0.09709	0.042	0.654	0.007	0.995	0.442	-18.247	0.312	0.274
-19.0	-1.758	0.08082	0.041	0.614	0.010	0.995	0.494	-21.747	0.302	0.273
-18.0	-1.733	0.06823	0.040	0.577	0.011	0.994	0.542	-25.399	0.291	0.273
-17.0	-1.698	0.05820	0.039	0.552	0.012	0.995	0.587	-29.179	0.286	0.273
-16.0	-1.655	0.04989	0.037	0.512	0.013	0.994	0.633	-33.164	0.282	0.272
-15.0	-1.603	0.04268	0.036	0.480	0.013	0.994	0.680	-37.547	0.279	0.272
-14.0	-1.541	0.03685	0.034	0.454	0.014	0.993	0.726	-41.827	0.277	0.272
-13.0	-1.471	0.03208	0.032	0.419	0.015	0.993	0.772	-45.842	0.276	0.272
-12.0	-1.391	0.02803	0.030	0.399	0.018	0.993	0.815	-49.647	0.274	0.272
-11.0	-1.303	0.02473	0.028	0.364	0.023	0.993	0.854	-52.704	0.273	0.271
-10.0	-1.204	0.02230	0.026	0.347	0.027	0.992	0.884	-54.003	0.272	0.271
-9.0	-1.098	0.02051	0.023	0.313	0.028	0.992	0.907	-53.551	0.272	0.271
-8.0	-0.987	0.01896	0.021	0.298	0.032	0.992	0.926	-52.082	0.272	0.271
-7.0	-0.872	0.01747	0.018	0.265	0.040	0.992	0.941	-49.934	0.271	0.271
-6.0	-0.753	0.01630	0.016	0.251	0.047	0.991	0.953	-46.174	0.271	0.271
-5.0	-0.631	0.01535	0.013	0.220	0.054	0.991	0.962	-41.088	0.271	0.271
-4.0	-0.507	0.01445	0.011	0.207	0.069	0.990	0.969	-35.089	0.271	0.271
-3.0	-0.382	0.01390	0.008	0.177	0.076	0.989	0.975	-27.439	0.271	0.271
-2.0	-0.255	0.01243	0.005	0.165	0.094	0.988	0.979	-20.505	0.271	0.271
-1.0	-0.128	0.01223	0.003	0.139	0.105	0.986	0.981	-10.445	0.271	0.271
0.0	0.000	0.00889	-0.000	0.127	0.127	0.983	0.983	0.000	0.271	0.250
1.0	0.128	0.01223	-0.003	0.105	0.139	0.981	0.986	10.445	0.271	0.271
2.0	0.255	0.01243	-0.005	0.094	0.165	0.979	0.988	20.505	0.271	0.271
3.0	0.382	0.01390	-0.008	0.076	0.177	0.975	0.989	27.439	0.271	0.271
4.0	0.507	0.01445	-0.011	0.069	0.207	0.969	0.990	35.089	0.271	0.271
5.0	0.631	0.01535	-0.013	0.054	0.220	0.962	0.991	41.088	0.271	0.271
6.0	0.753	0.01630	-0.016	0.047	0.251	0.953	0.991	46.174	0.271	0.271
7.0	0.872	0.01747	-0.018	0.040	0.265	0.941	0.992	49.934	0.271	0.271
8.0	0.987	0.01896	-0.021	0.032	0.298	0.926	0.992	52.082	0.272	0.271
9.0	1.098	0.02051	-0.023	0.028	0.313	0.907	0.992	53.551	0.272	0.271
10.0	1.204	0.02230	-0.026	0.027	0.347	0.884	0.992	54.003	0.272	0.271
11.0	1.303	0.02473	-0.028	0.023	0.364	0.854	0.993	52.704	0.273	0.271
12.0	1.391	0.02803	-0.030	0.018	0.399	0.815	0.993	49.647	0.274	0.272
13.0	1.471	0.03208	-0.032	0.015	0.419	0.772	0.993	45.842	0.276	0.272
14.0	1.541	0.03685	-0.034	0.014	0.454	0.726	0.993	41.827	0.277	0.272
15.0	1.603	0.04268	-0.036	0.013	0.480	0.680	0.994	37.547	0.279	0.272
16.0	1.655	0.04989	-0.037	0.013	0.512	0.633	0.994	33.164	0.282	0.272
17.0	1.698	0.05820	-0.039	0.012	0.552	0.587	0.995	29.179	0.286	0.273
18.0	1.733	0.06823	-0.040	0.011	0.577	0.542	0.994	25.399	0.291	0.273
19.0	1.758	0.08082	-0.041	0.010	0.614	0.494	0.995	21.747	0.302	0.273
20.0	1.772	0.09709	-0.042	0.007	0.654	0.442	0.995	18.247	0.312	0.274

Name = NACA 0021
Mach = 0; Re = 2830000; T.U. = 1.0; T.L. = 1.0
Surface Finish = 2; Stall model = 0; Transition model = 1; Aspect Ratio = 0; ground effect = 0
?	Cl	Cd	Cm 0.25	T.U.	T.L.	S.U.	S.L.	L/D	A.C.	C.P.
[°]	[-]	[-]	[-]	[-]	[-]	[-]	[-]	[-]	[-]	[-]
-20.0	-1.772	0.09601	0.042	0.615	0.006	0.995	0.444	-18.462	0.310	0.274
-19.0	-1.756	0.08123	0.041	0.579	0.007	0.995	0.491	-21.621	0.303	0.273
-18.0	-1.737	0.06604	0.040	0.555	0.011	0.995	0.552	-26.300	0.292	0.273
-17.0	-1.702	0.05629	0.039	0.515	0.012	0.995	0.598	-30.241	0.286	0.273
-16.0	-1.658	0.04822	0.037	0.486	0.012	0.994	0.643	-34.394	0.282	0.272
-15.0	-1.606	0.04142	0.036	0.457	0.013	0.994	0.689	-38.765	0.279	0.272
-14.0	-1.544	0.03577	0.034	0.425	0.013	0.994	0.735	-43.162	0.277	0.272
-13.0	-1.473	0.03115	0.032	0.402	0.015	0.993	0.780	-47.294	0.276	0.272
-12.0	-1.393	0.02740	0.030	0.369	0.017	0.993	0.821	-50.858	0.274	0.272
-11.0	-1.304	0.02437	0.028	0.351	0.020	0.993	0.857	-53.520	0.273	0.271
-10.0	-1.205	0.02175	0.026	0.319	0.026	0.993	0.889	-55.429	0.272	0.271
-9.0	-1.099	0.02000	0.023	0.301	0.027	0.992	0.911	-54.953	0.272	0.271
-8.0	-0.988	0.01857	0.021	0.270	0.030	0.992	0.929	-53.193	0.272	0.271
-7.0	-0.872	0.01718	0.018	0.255	0.036	0.992	0.943	-50.788	0.271	0.271
-6.0	-0.753	0.01602	0.016	0.226	0.045	0.991	0.956	-47.018	0.271	0.271
-5.0	-0.631	0.01511	0.013	0.211	0.049	0.991	0.963	-41.761	0.271	0.271
-4.0	-0.507	0.01435	0.011	0.185	0.060	0.990	0.970	-35.334	0.271	0.271
-3.0	-0.382	0.01361	0.008	0.170	0.072	0.990	0.976	-28.035	0.271	0.271
-2.0	-0.255	0.01239	0.005	0.147	0.083	0.989	0.979	-20.584	0.271	0.271
-1.0	-0.128	0.01195	0.003	0.133	0.099	0.986	0.982	-10.688	0.271	0.271
0.0	0.000	0.00882	-0.000	0.113	0.113	0.984	0.984	0.000	0.271	0.250
1.0	0.128	0.01195	-0.003	0.099	0.133	0.982	0.986	10.688	0.271	0.271
2.0	0.255	0.01239	-0.005	0.083	0.147	0.979	0.989	20.584	0.271	0.271
3.0	0.382	0.01361	-0.008	0.072	0.170	0.976	0.990	28.035	0.271	0.271
4.0	0.507	0.01435	-0.011	0.060	0.185	0.970	0.990	35.334	0.271	0.271
5.0	0.631	0.01511	-0.013	0.049	0.211	0.963	0.991	41.761	0.271	0.271
6.0	0.753	0.01602	-0.016	0.045	0.226	0.956	0.991	47.018	0.271	0.271
7.0	0.872	0.01718	-0.018	0.036	0.255	0.943	0.992	50.788	0.271	0.271
8.0	0.988	0.01857	-0.021	0.030	0.270	0.929	0.992	53.193	0.272	0.271
9.0	1.099	0.02000	-0.023	0.027	0.301	0.911	0.992	54.953	0.272	0.271
10.0	1.205	0.02175	-0.026	0.026	0.319	0.889	0.993	55.429	0.272	0.271
11.0	1.304	0.02437	-0.028	0.020	0.351	0.857	0.993	53.520	0.273	0.271
12.0	1.393	0.02740	-0.030	0.017	0.369	0.821	0.993	50.858	0.274	0.272
13.0	1.473	0.03115	-0.032	0.015	0.402	0.780	0.993	47.294	0.276	0.272
14.0	1.544	0.03577	-0.034	0.013	0.425	0.735	0.994	43.162	0.277	0.272
15.0	1.606	0.04142	-0.036	0.013	0.457	0.689	0.994	38.765	0.279	0.272
16.0	1.658	0.04822	-0.037	0.012	0.486	0.643	0.994	34.394	0.282	0.272
17.0	1.702	0.05629	-0.039	0.012	0.515	0.598	0.995	30.241	0.286	0.273
18.0	1.737	0.06604	-0.040	0.011	0.555	0.552	0.995	26.300	0.292	0.273
19.0	1.756	0.08123	-0.041	0.007	0.579	0.491	0.995	21.621	0.303	0.273
20.0	1.772	0.09601	-0.042	0.006	0.615	0.444	0.995	18.462	0.310	0.274

Name = NACA 0021
Mach = 0; Re = 3230000; T.U. = 1.0; T.L. = 1.0
Surface Finish = 2; Stall model = 0; Transition model = 1; Aspect Ratio = 0; ground effect = 0
?	Cl	Cd	Cm 0.25	T.U.	T.L.	S.U.	S.L.	L/D	A.C.	C.P.
[°]	[-]	[-]	[-]	[-]	[-]	[-]	[-]	[-]	[-]	[-]
-20.0	-1.775	0.09416	0.042	0.587	0.005	0.995	0.451	-18.850	0.309	0.274
-19.0	-1.758	0.08026	0.041	0.558	0.006	0.995	0.494	-21.898	0.302	0.273
-18.0	-1.735	0.06693	0.040	0.520	0.008	0.995	0.547	-25.921	0.292	0.273
-17.0	-1.706	0.05470	0.039	0.501	0.011	0.995	0.607	-31.180	0.286	0.273
-16.0	-1.662	0.04687	0.037	0.461	0.012	0.995	0.652	-35.453	0.282	0.272
-15.0	-1.609	0.04026	0.036	0.436	0.012	0.994	0.698	-39.959	0.279	0.272
-14.0	-1.547	0.03481	0.034	0.407	0.013	0.994	0.744	-44.437	0.277	0.272
-13.0	-1.475	0.03044	0.032	0.380	0.014	0.993	0.787	-48.459	0.276	0.272
-12.0	-1.395	0.02684	0.030	0.355	0.015	0.993	0.827	-51.962	0.274	0.272
-11.0	-1.305	0.02401	0.028	0.329	0.018	0.993	0.861	-54.371	0.273	0.271
-10.0	-1.206	0.02139	0.026	0.306	0.024	0.993	0.893	-56.393	0.272	0.271
-9.0	-1.100	0.01963	0.023	0.283	0.026	0.992	0.915	-56.034	0.272	0.271
-8.0	-0.989	0.01823	0.021	0.259	0.029	0.992	0.932	-54.228	0.272	0.271
-7.0	-0.873	0.01694	0.018	0.240	0.032	0.992	0.945	-51.523	0.271	0.271
-6.0	-0.753	0.01566	0.016	0.216	0.044	0.992	0.958	-48.119	0.271	0.271
-5.0	-0.631	0.01482	0.013	0.201	0.047	0.991	0.964	-42.602	0.271	0.271
-4.0	-0.507	0.01412	0.011	0.176	0.055	0.990	0.971	-35.923	0.271	0.271
-3.0	-0.382	0.01333	0.008	0.164	0.070	0.990	0.977	-28.644	0.271	0.271
-2.0	-0.255	0.01222	0.005	0.139	0.077	0.989	0.979	-20.873	0.271	0.271
-1.0	-0.128	0.00867	0.003	0.129	0.097	0.987	0.982	-14.730	0.271	0.271
0.0	0.000	0.00871	-0.000	0.105	0.105	0.985	0.985	0.000	0.271	0.250
1.0	0.128	0.00867	-0.003	0.097	0.129	0.982	0.987	14.730	0.271	0.271
2.0	0.255	0.01222	-0.005	0.077	0.139	0.979	0.989	20.873	0.271	0.271
3.0	0.382	0.01333	-0.008	0.070	0.164	0.977	0.990	28.644	0.271	0.271
4.0	0.507	0.01412	-0.011	0.055	0.176	0.971	0.990	35.923	0.271	0.271
5.0	0.631	0.01482	-0.013	0.047	0.201	0.964	0.991	42.602	0.271	0.271
6.0	0.753	0.01566	-0.016	0.044	0.216	0.958	0.992	48.119	0.271	0.271
7.0	0.873	0.01694	-0.018	0.032	0.240	0.945	0.992	51.523	0.271	0.271
8.0	0.989	0.01823	-0.021	0.029	0.259	0.932	0.992	54.228	0.272	0.271
9.0	1.100	0.01963	-0.023	0.026	0.283	0.915	0.992	56.034	0.272	0.271
10.0	1.206	0.02139	-0.026	0.024	0.306	0.893	0.993	56.393	0.272	0.271
11.0	1.305	0.02401	-0.028	0.018	0.329	0.861	0.993	54.371	0.273	0.271
12.0	1.395	0.02684	-0.030	0.015	0.355	0.827	0.993	51.962	0.274	0.272
13.0	1.475	0.03044	-0.032	0.014	0.380	0.787	0.993	48.459	0.276	0.272
14.0	1.547	0.03481	-0.034	0.013	0.407	0.744	0.994	44.437	0.277	0.272
15.0	1.609	0.04026	-0.036	0.012	0.436	0.698	0.994	39.959	0.279	0.272
16.0	1.662	0.04687	-0.037	0.012	0.461	0.652	0.995	35.453	0.282	0.272
17.0	1.706	0.05470	-0.039	0.011	0.501	0.607	0.995	31.180	0.286	0.273
18.0	1.735	0.06693	-0.040	0.008	0.520	0.547	0.995	25.921	0.292	0.273
19.0	1.758	0.08026	-0.041	0.006	0.558	0.494	0.995	21.898	0.302	0.273
20.0	1.775	0.09416	-0.042	0.005	0.587	0.451	0.995	18.850	0.309	0.274

Name = NACA 0021
Mach = 0; Re = 3630000; T.U. = 1.0; T.L. = 1.0
Surface Finish = 2; Stall model = 0; Transition model = 1; Aspect Ratio = 0; ground effect = 0
?	Cl	Cd	Cm 0.25	T.U.	T.L.	S.U.	S.L.	L/D	A.C.	C.P.
[°]	[-]	[-]	[-]	[-]	[-]	[-]	[-]	[-]	[-]	[-]
-20.0	-1.777	0.09265	0.042	0.563	0.005	0.995	0.456	-19.182	0.309	0.274
-19.0	-1.759	0.07921	0.041	0.529	0.005	0.995	0.498	-22.207	0.302	0.273
-18.0	-1.735	0.06655	0.040	0.505	0.007	0.995	0.548	-26.075	0.292	0.273
-17.0	-1.705	0.05473	0.039	0.469	0.010	0.995	0.606	-31.155	0.286	0.273
-16.0	-1.665	0.04570	0.037	0.450	0.011	0.995	0.660	-36.424	0.282	0.272
-15.0	-1.612	0.03916	0.036	0.413	0.012	0.994	0.707	-41.156	0.280	0.272
-14.0	-1.549	0.03396	0.034	0.398	0.013	0.994	0.751	-45.619	0.277	0.272
-13.0	-1.477	0.02975	0.032	0.361	0.013	0.994	0.793	-49.668	0.276	0.272
-12.0	-1.396	0.02629	0.030	0.348	0.015	0.993	0.832	-53.107	0.275	0.272
-11.0	-1.306	0.02359	0.028	0.313	0.017	0.993	0.865	-55.387	0.273	0.271
-10.0	-1.207	0.02121	0.026	0.299	0.020	0.993	0.894	-56.900	0.272	0.271
-9.0	-1.101	0.01928	0.023	0.267	0.025	0.992	0.917	-57.090	0.272	0.271
-8.0	-0.989	0.01789	0.021	0.253	0.027	0.992	0.935	-55.275	0.272	0.271
-7.0	-0.873	0.01674	0.018	0.224	0.031	0.992	0.947	-52.153	0.271	0.271
-6.0	-0.754	0.01555	0.016	0.210	0.038	0.992	0.958	-48.470	0.271	0.271
-5.0	-0.631	0.01465	0.013	0.185	0.046	0.991	0.966	-43.090	0.271	0.271
-4.0	-0.507	0.01396	0.011	0.170	0.051	0.990	0.972	-36.323	0.271	0.271
-3.0	-0.382	0.01311	0.008	0.148	0.066	0.990	0.978	-29.114	0.271	0.271
-2.0	-0.255	0.01275	0.005	0.134	0.073	0.989	0.980	-20.007	0.271	0.271
-1.0	-0.128	0.00860	0.003	0.115	0.087	0.987	0.983	-14.859	0.271	0.271
0.0	0.000	0.00858	-0.000	0.101	0.101	0.985	0.985	0.000	0.271	0.250
1.0	0.128	0.00860	-0.003	0.087	0.115	0.983	0.987	14.859	0.271	0.271
2.0	0.255	0.01275	-0.005	0.073	0.134	0.980	0.989	20.007	0.271	0.271
3.0	0.382	0.01311	-0.008	0.066	0.148	0.978	0.990	29.114	0.271	0.271
4.0	0.507	0.01396	-0.011	0.051	0.170	0.972	0.990	36.323	0.271	0.271
5.0	0.631	0.01465	-0.013	0.046	0.185	0.966	0.991	43.090	0.271	0.271
6.0	0.754	0.01555	-0.016	0.038	0.210	0.958	0.992	48.470	0.271	0.271
7.0	0.873	0.01674	-0.018	0.031	0.224	0.947	0.992	52.153	0.271	0.271
8.0	0.989	0.01789	-0.021	0.027	0.253	0.935	0.992	55.275	0.272	0.271
9.0	1.101	0.01928	-0.023	0.025	0.267	0.917	0.992	57.090	0.272	0.271
10.0	1.207	0.02121	-0.026	0.020	0.299	0.894	0.993	56.900	0.272	0.271
11.0	1.306	0.02359	-0.028	0.017	0.313	0.865	0.993	55.387	0.273	0.271
12.0	1.396	0.02629	-0.030	0.015	0.348	0.832	0.993	53.107	0.275	0.272
13.0	1.477	0.02975	-0.032	0.013	0.361	0.793	0.994	49.668	0.276	0.272
14.0	1.549	0.03396	-0.034	0.013	0.398	0.751	0.994	45.619	0.277	0.272
15.0	1.612	0.03916	-0.036	0.012	0.413	0.707	0.994	41.156	0.280	0.272
16.0	1.665	0.04570	-0.037	0.011	0.450	0.660	0.995	36.424	0.282	0.272
17.0	1.705	0.05473	-0.039	0.010	0.469	0.606	0.995	31.155	0.286	0.273
18.0	1.735	0.06655	-0.040	0.007	0.505	0.548	0.995	26.075	0.292	0.273
19.0	1.759	0.07921	-0.041	0.005	0.529	0.498	0.995	22.207	0.302	0.273
20.0	1.777	0.09265	-0.042	0.005	0.563	0.456	0.995	19.182	0.309	0.274

Name = NACA 0021
Mach = 0; Re = 4030000; T.U. = 1.0; T.L. = 1.0
Surface Finish = 2; Stall model = 0; Transition model = 1; Aspect Ratio = 0; ground effect = 0
?	Cl	Cd	Cm 0.25	T.U.	T.L.	S.U.	S.L.	L/D	A.C.	C.P.
[°]	[-]	[-]	[-]	[-]	[-]	[-]	[-]	[-]	[-]	[-]
-20.0	-1.780	0.09093	0.042	0.548	0.005	0.995	0.462	-19.570	0.309	0.274
-19.0	-1.762	0.07774	0.041	0.511	0.005	0.995	0.504	-22.660	0.302	0.273
-18.0	-1.736	0.06612	0.040	0.482	0.006	0.995	0.549	-26.255	0.292	0.273
-17.0	-1.704	0.05499	0.039	0.456	0.008	0.995	0.603	-30.996	0.287	0.273
-16.0	-1.668	0.04453	0.038	0.424	0.011	0.995	0.669	-37.445	0.282	0.272
-15.0	-1.614	0.03833	0.036	0.403	0.012	0.995	0.713	-42.107	0.280	0.272
-14.0	-1.551	0.03330	0.034	0.373	0.012	0.994	0.757	-46.583	0.277	0.272
-13.0	-1.479	0.02916	0.032	0.352	0.013	0.994	0.799	-50.719	0.276	0.272
-12.0	-1.398	0.02583	0.030	0.324	0.014	0.993	0.837	-54.113	0.275	0.272
-11.0	-1.307	0.02326	0.028	0.304	0.015	0.993	0.869	-56.197	0.273	0.271
-10.0	-1.207	0.02100	0.026	0.280	0.018	0.993	0.897	-57.486	0.272	0.271
-9.0	-1.101	0.01897	0.023	0.259	0.025	0.993	0.920	-58.053	0.272	0.271
-8.0	-0.989	0.01763	0.021	0.241	0.027	0.993	0.936	-56.121	0.272	0.271
-7.0	-0.873	0.01646	0.018	0.216	0.029	0.992	0.948	-53.046	0.271	0.271
-6.0	-0.754	0.01534	0.016	0.206	0.035	0.992	0.960	-49.146	0.271	0.271
-5.0	-0.631	0.01441	0.013	0.177	0.045	0.991	0.967	-43.821	0.271	0.271
-4.0	-0.507	0.01371	0.011	0.167	0.049	0.991	0.973	-36.997	0.271	0.271
-3.0	-0.382	0.01311	0.008	0.140	0.059	0.990	0.978	-29.111	0.271	0.271
-2.0	-0.255	0.01261	0.005	0.131	0.071	0.989	0.981	-20.226	0.271	0.271
-1.0	-0.128	0.00856	0.003	0.108	0.080	0.988	0.983	-14.925	0.271	0.271
0.0	0.000	0.00845	-0.000	0.098	0.098	0.986	0.986	0.000	0.271	0.250
1.0	0.128	0.00856	-0.003	0.080	0.108	0.983	0.988	14.925	0.271	0.271
2.0	0.255	0.01261	-0.005	0.071	0.131	0.981	0.989	20.226	0.271	0.271
3.0	0.382	0.01311	-0.008	0.059	0.140	0.978	0.990	29.111	0.271	0.271
4.0	0.507	0.01371	-0.011	0.049	0.167	0.973	0.991	36.997	0.271	0.271
5.0	0.631	0.01441	-0.013	0.045	0.177	0.967	0.991	43.821	0.271	0.271
6.0	0.754	0.01534	-0.016	0.035	0.206	0.960	0.992	49.146	0.271	0.271
7.0	0.873	0.01646	-0.018	0.029	0.216	0.948	0.992	53.046	0.271	0.271
8.0	0.989	0.01763	-0.021	0.027	0.241	0.936	0.993	56.121	0.272	0.271
9.0	1.101	0.01897	-0.023	0.025	0.259	0.920	0.993	58.053	0.272	0.271
10.0	1.207	0.02100	-0.026	0.018	0.280	0.897	0.993	57.486	0.272	0.271
11.0	1.307	0.02326	-0.028	0.015	0.304	0.869	0.993	56.197	0.273	0.271
12.0	1.398	0.02583	-0.030	0.014	0.324	0.837	0.993	54.113	0.275	0.272
13.0	1.479	0.02916	-0.032	0.013	0.352	0.799	0.994	50.719	0.276	0.272
14.0	1.551	0.03330	-0.034	0.012	0.373	0.757	0.994	46.583	0.277	0.272
15.0	1.614	0.03833	-0.036	0.012	0.403	0.713	0.995	42.107	0.280	0.272
16.0	1.668	0.04453	-0.038	0.011	0.424	0.669	0.995	37.445	0.282	0.272
17.0	1.704	0.05499	-0.039	0.008	0.456	0.603	0.995	30.996	0.287	0.273
18.0	1.736	0.06612	-0.040	0.006	0.482	0.549	0.995	26.255	0.292	0.273
19.0	1.762	0.07774	-0.041	0.005	0.511	0.504	0.995	22.660	0.302	0.273
20.0	1.780	0.09093	-0.042	0.005	0.548	0.462	0.995	19.570	0.309	0.274

Name = NACA 0021
Mach = 0; Re = 4430000; T.U. = 1.0; T.L. = 1.0
Surface Finish = 2; Stall model = 0; Transition model = 1; Aspect Ratio = 0; ground effect = 0
?	Cl	Cd	Cm 0.25	T.U.	T.L.	S.U.	S.L.	L/D	A.C.	C.P.
[°]	[-]	[-]	[-]	[-]	[-]	[-]	[-]	[-]	[-]	[-]
-20.0	-1.782	0.08945	0.042	0.520	0.004	0.996	0.467	-19.919	0.309	0.274
-19.0	-1.763	0.07678	0.041	0.502	0.005	0.995	0.508	-22.965	0.302	0.273
-18.0	-1.737	0.06523	0.040	0.463	0.005	0.995	0.553	-26.635	0.292	0.273
-17.0	-1.705	0.05463	0.039	0.448	0.007	0.995	0.605	-31.208	0.286	0.273
-16.0	-1.667	0.04467	0.037	0.410	0.010	0.995	0.666	-37.310	0.282	0.272
-15.0	-1.616	0.03758	0.036	0.397	0.011	0.995	0.719	-43.006	0.280	0.272
-14.0	-1.553	0.03260	0.034	0.360	0.012	0.994	0.764	-47.644	0.278	0.272
-13.0	-1.481	0.02863	0.032	0.347	0.013	0.994	0.804	-51.717	0.276	0.272
-12.0	-1.399	0.02543	0.030	0.311	0.014	0.993	0.841	-55.006	0.275	0.272
-11.0	-1.308	0.02285	0.028	0.299	0.015	0.993	0.873	-57.249	0.273	0.271
-10.0	-1.208	0.02075	0.026	0.267	0.017	0.993	0.899	-58.214	0.272	0.271
-9.0	-1.102	0.01873	0.023	0.254	0.024	0.993	0.922	-58.815	0.272	0.271
-8.0	-0.990	0.01736	0.021	0.225	0.026	0.993	0.939	-57.020	0.272	0.271
-7.0	-0.874	0.01627	0.018	0.211	0.028	0.992	0.950	-53.698	0.271	0.271
-6.0	-0.754	0.01523	0.016	0.188	0.032	0.992	0.960	-49.510	0.271	0.271
-5.0	-0.632	0.01423	0.013	0.172	0.044	0.991	0.968	-44.399	0.271	0.271
-4.0	-0.507	0.01363	0.011	0.154	0.047	0.991	0.974	-37.236	0.271	0.271
-3.0	-0.382	0.01311	0.008	0.136	0.054	0.990	0.978	-29.127	0.271	0.271
-2.0	-0.255	0.01238	0.005	0.125	0.070	0.990	0.981	-20.603	0.271	0.271
-1.0	-0.128	0.00845	0.003	0.104	0.076	0.989	0.983	-15.123	0.271	0.271
0.0	0.000	0.00833	-0.000	0.096	0.096	0.986	0.986	0.000	0.271	0.250
1.0	0.128	0.00845	-0.003	0.076	0.104	0.983	0.989	15.123	0.271	0.271
2.0	0.255	0.01238	-0.005	0.070	0.125	0.981	0.990	20.603	0.271	0.271
3.0	0.382	0.01311	-0.008	0.054	0.136	0.978	0.990	29.127	0.271	0.271
4.0	0.507	0.01363	-0.011	0.047	0.154	0.974	0.991	37.236	0.271	0.271
5.0	0.632	0.01423	-0.013	0.044	0.172	0.968	0.991	44.399	0.271	0.271
6.0	0.754	0.01523	-0.016	0.032	0.188	0.960	0.992	49.510	0.271	0.271
7.0	0.874	0.01627	-0.018	0.028	0.211	0.950	0.992	53.698	0.271	0.271
8.0	0.990	0.01736	-0.021	0.026	0.225	0.939	0.993	57.020	0.272	0.271
9.0	1.102	0.01873	-0.023	0.024	0.254	0.922	0.993	58.815	0.272	0.271
10.0	1.208	0.02075	-0.026	0.017	0.267	0.899	0.993	58.214	0.272	0.271
11.0	1.308	0.02285	-0.028	0.015	0.299	0.873	0.993	57.249	0.273	0.271
12.0	1.399	0.02543	-0.030	0.014	0.311	0.841	0.993	55.006	0.275	0.272
13.0	1.481	0.02863	-0.032	0.013	0.347	0.804	0.994	51.717	0.276	0.272
14.0	1.553	0.03260	-0.034	0.012	0.360	0.764	0.994	47.644	0.278	0.272
15.0	1.616	0.03758	-0.036	0.011	0.397	0.719	0.995	43.006	0.280	0.272
16.0	1.667	0.04467	-0.037	0.010	0.410	0.666	0.995	37.310	0.282	0.272
17.0	1.705	0.05463	-0.039	0.007	0.448	0.605	0.995	31.208	0.286	0.273
18.0	1.737	0.06523	-0.040	0.005	0.463	0.553	0.995	26.635	0.292	0.273
19.0	1.763	0.07678	-0.041	0.005	0.502	0.508	0.995	22.965	0.302	0.273
20.0	1.782	0.08945	-0.042	0.004	0.520	0.467	0.996	19.919	0.309	0.274

Name = NACA 0021
Mach = 0; Re = 4830000; T.U. = 1.0; T.L. = 1.0
Surface Finish = 2; Stall model = 0; Transition model = 1; Aspect Ratio = 0; ground effect = 0
?	Cl	Cd	Cm 0.25	T.U.	T.L.	S.U.	S.L.	L/D	A.C.	C.P.
[°]	[-]	[-]	[-]	[-]	[-]	[-]	[-]	[-]	[-]	[-]
-20.0	-1.784	0.08823	0.042	0.508	0.004	0.996	0.472	-20.215	0.310	0.274
-19.0	-1.765	0.07560	0.041	0.477	0.004	0.995	0.513	-23.348	0.302	0.273
-18.0	-1.739	0.06415	0.040	0.454	0.005	0.995	0.558	-27.114	0.292	0.273
-17.0	-1.706	0.05419	0.039	0.422	0.006	0.995	0.607	-31.476	0.286	0.273
-16.0	-1.666	0.04498	0.037	0.402	0.008	0.995	0.663	-37.036	0.283	0.272
-15.0	-1.618	0.03682	0.036	0.372	0.011	0.995	0.726	-43.953	0.280	0.272
-14.0	-1.555	0.03204	0.034	0.353	0.012	0.994	0.768	-48.535	0.278	0.272
-13.0	-1.482	0.02819	0.032	0.326	0.012	0.994	0.808	-52.570	0.276	0.272
-12.0	-1.400	0.02503	0.030	0.305	0.013	0.994	0.845	-55.945	0.275	0.272
-11.0	-1.309	0.02257	0.028	0.285	0.014	0.993	0.875	-57.995	0.273	0.271
-10.0	-1.208	0.02052	0.026	0.260	0.016	0.993	0.902	-58.898	0.272	0.271
-9.0	-1.102	0.01862	0.023	0.251	0.021	0.993	0.924	-59.194	0.272	0.271
-8.0	-0.990	0.01716	0.021	0.218	0.026	0.993	0.940	-57.699	0.272	0.271
-7.0	-0.874	0.01604	0.018	0.208	0.027	0.992	0.952	-54.504	0.271	0.271
-6.0	-0.754	0.01508	0.016	0.180	0.031	0.992	0.961	-49.983	0.271	0.271
-5.0	-0.632	0.01414	0.013	0.169	0.040	0.991	0.968	-44.662	0.271	0.271
-4.0	-0.508	0.01350	0.011	0.145	0.046	0.991	0.975	-37.594	0.271	0.271
-3.0	-0.382	0.01289	0.008	0.133	0.051	0.990	0.978	-29.615	0.271	0.271
-2.0	-0.255	0.00918	0.005	0.114	0.068	0.990	0.982	-27.803	0.271	0.271
-1.0	-0.128	0.00838	0.003	0.101	0.073	0.989	0.984	-15.244	0.271	0.271
0.0	0.000	0.00835	-0.000	0.089	0.089	0.986	0.986	0.000	0.271	0.250
1.0	0.128	0.00838	-0.003	0.073	0.101	0.984	0.989	15.244	0.271	0.271
2.0	0.255	0.00918	-0.005	0.068	0.114	0.982	0.990	27.803	0.271	0.271
3.0	0.382	0.01289	-0.008	0.051	0.133	0.978	0.990	29.615	0.271	0.271
4.0	0.508	0.01350	-0.011	0.046	0.145	0.975	0.991	37.594	0.271	0.271
5.0	0.632	0.01414	-0.013	0.040	0.169	0.968	0.991	44.662	0.271	0.271
6.0	0.754	0.01508	-0.016	0.031	0.180	0.961	0.992	49.983	0.271	0.271
7.0	0.874	0.01604	-0.018	0.027	0.208	0.952	0.992	54.504	0.271	0.271
8.0	0.990	0.01716	-0.021	0.026	0.218	0.940	0.993	57.699	0.272	0.271
9.0	1.102	0.01862	-0.023	0.021	0.251	0.924	0.993	59.194	0.272	0.271
10.0	1.208	0.02052	-0.026	0.016	0.260	0.902	0.993	58.898	0.272	0.271
11.0	1.309	0.02257	-0.028	0.014	0.285	0.875	0.993	57.995	0.273	0.271
12.0	1.400	0.02503	-0.030	0.013	0.305	0.845	0.994	55.945	0.275	0.272
13.0	1.482	0.02819	-0.032	0.012	0.326	0.808	0.994	52.570	0.276	0.272
14.0	1.555	0.03204	-0.034	0.012	0.353	0.768	0.994	48.535	0.278	0.272
15.0	1.618	0.03682	-0.036	0.011	0.372	0.726	0.995	43.953	0.280	0.272
16.0	1.666	0.04498	-0.037	0.008	0.402	0.663	0.995	37.036	0.283	0.272
17.0	1.706	0.05419	-0.039	0.006	0.422	0.607	0.995	31.476	0.286	0.273
18.0	1.739	0.06415	-0.040	0.005	0.454	0.558	0.995	27.114	0.292	0.273
19.0	1.765	0.07560	-0.041	0.004	0.477	0.513	0.995	23.348	0.302	0.273
20.0	1.784	0.08823	-0.042	0.004	0.508	0.472	0.996	20.215	0.310	0.274

Name = NACA 0021
Mach = 0; Re = 5230000; T.U. = 1.0; T.L. = 1.0
Surface Finish = 2; Stall model = 0; Transition model = 1; Aspect Ratio = 0; ground effect = 0
?	Cl	Cd	Cm 0.25	T.U.	T.L.	S.U.	S.L.	L/D	A.C.	C.P.
[°]	[-]	[-]	[-]	[-]	[-]	[-]	[-]	[-]	[-]	[-]
-20.0	-1.786	0.08663	0.043	0.502	0.004	0.996	0.478	-20.615	0.310	0.274
-19.0	-1.768	0.07420	0.041	0.463	0.004	0.996	0.520	-23.821	0.302	0.273
-18.0	-1.741	0.06325	0.040	0.449	0.005	0.995	0.564	-27.530	0.292	0.273
-17.0	-1.707	0.05361	0.039	0.410	0.005	0.995	0.611	-31.840	0.287	0.273
-16.0	-1.666	0.04478	0.037	0.397	0.007	0.995	0.664	-37.204	0.283	0.272
-15.0	-1.620	0.03628	0.036	0.361	0.011	0.995	0.730	-44.645	0.280	0.272
-14.0	-1.557	0.03145	0.034	0.348	0.012	0.994	0.774	-49.497	0.278	0.272
-13.0	-1.483	0.02775	0.032	0.314	0.012	0.994	0.813	-53.452	0.276	0.272
-12.0	-1.401	0.02469	0.030	0.301	0.013	0.994	0.848	-56.751	0.275	0.272
-11.0	-1.310	0.02233	0.028	0.270	0.014	0.993	0.878	-58.659	0.273	0.271
-10.0	-1.209	0.02029	0.026	0.256	0.015	0.993	0.904	-59.577	0.272	0.271
-9.0	-1.102	0.01854	0.023	0.231	0.018	0.993	0.924	-59.443	0.272	0.271
-8.0	-0.990	0.01697	0.021	0.214	0.025	0.993	0.941	-58.382	0.272	0.271
-7.0	-0.874	0.01588	0.018	0.199	0.027	0.992	0.953	-55.072	0.271	0.271
-6.0	-0.754	0.01491	0.016	0.175	0.030	0.992	0.962	-50.582	0.271	0.271
-5.0	-0.632	0.01400	0.013	0.167	0.036	0.991	0.969	-45.137	0.271	0.271
-4.0	-0.508	0.01327	0.011	0.140	0.045	0.991	0.976	-38.244	0.271	0.271
-3.0	-0.382	0.01277	0.008	0.131	0.049	0.990	0.979	-29.894	0.271	0.271
-2.0	-0.255	0.00916	0.005	0.108	0.063	0.990	0.982	-27.852	0.271	0.271
-1.0	-0.128	0.00826	0.003	0.099	0.072	0.989	0.985	-15.468	0.271	0.271
0.0	0.000	0.00827	-0.000	0.082	0.082	0.987	0.987	0.000	0.271	0.250
1.0	0.128	0.00826	-0.003	0.072	0.099	0.985	0.989	15.468	0.271	0.271
2.0	0.255	0.00916	-0.005	0.063	0.108	0.982	0.990	27.852	0.271	0.271
3.0	0.382	0.01277	-0.008	0.049	0.131	0.979	0.990	29.894	0.271	0.271
4.0	0.508	0.01327	-0.011	0.045	0.140	0.976	0.991	38.244	0.271	0.271
5.0	0.632	0.01400	-0.013	0.036	0.167	0.969	0.991	45.137	0.271	0.271
6.0	0.754	0.01491	-0.016	0.030	0.175	0.962	0.992	50.582	0.271	0.271
7.0	0.874	0.01588	-0.018	0.027	0.199	0.953	0.992	55.072	0.271	0.271
8.0	0.990	0.01697	-0.021	0.025	0.214	0.941	0.993	58.382	0.272	0.271
9.0	1.102	0.01854	-0.023	0.018	0.231	0.924	0.993	59.443	0.272	0.271
10.0	1.209	0.02029	-0.026	0.015	0.256	0.904	0.993	59.577	0.272	0.271
11.0	1.310	0.02233	-0.028	0.014	0.270	0.878	0.993	58.659	0.273	0.271
12.0	1.401	0.02469	-0.030	0.013	0.301	0.848	0.994	56.751	0.275	0.272
13.0	1.483	0.02775	-0.032	0.012	0.314	0.813	0.994	53.452	0.276	0.272
14.0	1.557	0.03145	-0.034	0.012	0.348	0.774	0.994	49.497	0.278	0.272
15.0	1.620	0.03628	-0.036	0.011	0.361	0.730	0.995	44.645	0.280	0.272
16.0	1.666	0.04478	-0.037	0.007	0.397	0.664	0.995	37.204	0.283	0.272
17.0	1.707	0.05361	-0.039	0.005	0.410	0.611	0.995	31.840	0.287	0.273
18.0	1.741	0.06325	-0.040	0.005	0.449	0.564	0.995	27.530	0.292	0.273
19.0	1.768	0.07420	-0.041	0.004	0.463	0.520	0.996	23.821	0.302	0.273
20.0	1.786	0.08663	-0.043	0.004	0.502	0.478	0.996	20.615	0.310	0.274

Name = NACA 0021
Mach = 0; Re = 5630000; T.U. = 1.0; T.L. = 1.0
Surface Finish = 2; Stall model = 0; Transition model = 1; Aspect Ratio = 0; ground effect = 0
?	Cl	Cd	Cm 0.25	T.U.	T.L.	S.U.	S.L.	L/D	A.C.	C.P.
[°]	[-]	[-]	[-]	[-]	[-]	[-]	[-]	[-]	[-]	[-]
-20.0	-1.787	0.08568	0.043	0.479	0.004	0.996	0.482	-20.862	0.311	0.274
-19.0	-1.769	0.07330	0.042	0.455	0.004	0.996	0.524	-24.134	0.303	0.273
-18.0	-1.743	0.06240	0.040	0.425	0.004	0.995	0.567	-27.929	0.293	0.273
-17.0	-1.709	0.05285	0.039	0.403	0.005	0.996	0.615	-32.328	0.287	0.273
-16.0	-1.667	0.04452	0.037	0.377	0.006	0.995	0.666	-37.429	0.283	0.272
-15.0	-1.618	0.03685	0.036	0.355	0.008	0.995	0.724	-43.905	0.280	0.272
-14.0	-1.558	0.03106	0.034	0.334	0.011	0.994	0.778	-50.158	0.278	0.272
-13.0	-1.485	0.02737	0.032	0.307	0.012	0.994	0.817	-54.237	0.276	0.272
-12.0	-1.402	0.02434	0.030	0.297	0.013	0.994	0.852	-57.595	0.275	0.272
-11.0	-1.311	0.02200	0.028	0.263	0.014	0.994	0.881	-59.572	0.273	0.271
-10.0	-1.210	0.02005	0.026	0.253	0.015	0.993	0.906	-60.337	0.272	0.271
-9.0	-1.102	0.01841	0.023	0.222	0.017	0.993	0.926	-59.900	0.272	0.271
-8.0	-0.991	0.01674	0.021	0.211	0.025	0.993	0.943	-59.193	0.272	0.271
-7.0	-0.874	0.01573	0.018	0.186	0.026	0.993	0.955	-55.588	0.271	0.271
-6.0	-0.754	0.01477	0.016	0.172	0.029	0.992	0.963	-51.062	0.271	0.271
-5.0	-0.632	0.01392	0.013	0.155	0.033	0.991	0.970	-45.406	0.271	0.271
-4.0	-0.508	0.01321	0.011	0.136	0.045	0.991	0.976	-38.426	0.271	0.271
-3.0	-0.382	0.01265	0.008	0.130	0.048	0.990	0.979	-30.185	0.271	0.271
-2.0	-0.255	0.00900	0.005	0.105	0.058	0.990	0.982	-28.341	0.271	0.271
-1.0	-0.128	0.00820	0.003	0.098	0.071	0.990	0.985	-15.581	0.271	0.271
0.0	0.000	0.00827	-0.000	0.078	0.078	0.987	0.987	0.000	0.271	0.250
1.0	0.128	0.00820	-0.003	0.071	0.098	0.985	0.990	15.581	0.271	0.271
2.0	0.255	0.00900	-0.005	0.058	0.105	0.982	0.990	28.341	0.271	0.271
3.0	0.382	0.01265	-0.008	0.048	0.130	0.979	0.990	30.185	0.271	0.271
4.0	0.508	0.01321	-0.011	0.045	0.136	0.976	0.991	38.426	0.271	0.271
5.0	0.632	0.01392	-0.013	0.033	0.155	0.970	0.991	45.406	0.271	0.271
6.0	0.754	0.01477	-0.016	0.029	0.172	0.963	0.992	51.062	0.271	0.271
7.0	0.874	0.01573	-0.018	0.026	0.186	0.955	0.993	55.588	0.271	0.271
8.0	0.991	0.01674	-0.021	0.025	0.211	0.943	0.993	59.193	0.272	0.271
9.0	1.102	0.01841	-0.023	0.017	0.222	0.926	0.993	59.900	0.272	0.271
10.0	1.210	0.02005	-0.026	0.015	0.253	0.906	0.993	60.337	0.272	0.271
11.0	1.311	0.02200	-0.028	0.014	0.263	0.881	0.994	59.572	0.273	0.271
12.0	1.402	0.02434	-0.030	0.013	0.297	0.852	0.994	57.595	0.275	0.272
13.0	1.485	0.02737	-0.032	0.012	0.307	0.817	0.994	54.237	0.276	0.272
14.0	1.558	0.03106	-0.034	0.011	0.334	0.778	0.994	50.158	0.278	0.272
15.0	1.618	0.03685	-0.036	0.008	0.355	0.724	0.995	43.905	0.280	0.272
16.0	1.667	0.04452	-0.037	0.006	0.377	0.666	0.995	37.429	0.283	0.272
17.0	1.709	0.05285	-0.039	0.005	0.403	0.615	0.996	32.328	0.287	0.273
18.0	1.743	0.06240	-0.040	0.004	0.425	0.567	0.995	27.929	0.293	0.273
19.0	1.769	0.07330	-0.042	0.004	0.455	0.524	0.996	24.134	0.303	0.273
20.0	1.787	0.08568	-0.043	0.004	0.479	0.482	0.996	20.862	0.311	0.274

Name = NACA 0021
Mach = 0; Re = 6030000; T.U. = 1.0; T.L. = 1.0
Surface Finish = 2; Stall model = 0; Transition model = 1; Aspect Ratio = 0; ground effect = 0
?	Cl	Cd	Cm 0.25	T.U.	T.L.	S.U.	S.L.	L/D	A.C.	C.P.
[°]	[-]	[-]	[-]	[-]	[-]	[-]	[-]	[-]	[-]	[-]
-20.0	-1.790	0.08440	0.043	0.465	0.004	0.996	0.487	-21.203	0.310	0.274
-19.0	-1.770	0.07245	0.042	0.450	0.004	0.996	0.527	-24.437	0.303	0.273
-18.0	-1.744	0.06167	0.040	0.413	0.004	0.995	0.571	-28.281	0.293	0.273
-17.0	-1.710	0.05217	0.039	0.399	0.005	0.996	0.619	-32.776	0.287	0.273
-16.0	-1.668	0.04411	0.038	0.364	0.005	0.995	0.669	-37.805	0.283	0.272
-15.0	-1.618	0.03689	0.036	0.350	0.007	0.995	0.724	-43.848	0.280	0.272
-14.0	-1.559	0.03056	0.034	0.319	0.011	0.994	0.782	-51.022	0.278	0.272
-13.0	-1.486	0.02699	0.032	0.303	0.012	0.994	0.821	-55.058	0.276	0.272
-12.0	-1.403	0.02406	0.030	0.278	0.013	0.994	0.855	-58.306	0.275	0.272
-11.0	-1.311	0.02178	0.028	0.259	0.013	0.994	0.884	-60.202	0.273	0.271
-10.0	-1.210	0.01985	0.026	0.248	0.014	0.993	0.908	-60.943	0.272	0.271
-9.0	-1.103	0.01823	0.023	0.217	0.016	0.993	0.927	-60.502	0.272	0.271
-8.0	-0.991	0.01663	0.021	0.208	0.024	0.993	0.944	-59.586	0.272	0.271
-7.0	-0.875	0.01554	0.018	0.180	0.026	0.993	0.956	-56.273	0.271	0.271
-6.0	-0.754	0.01464	0.016	0.169	0.028	0.992	0.963	-51.539	0.271	0.271
-5.0	-0.632	0.01385	0.013	0.146	0.032	0.991	0.971	-45.619	0.271	0.271
-4.0	-0.508	0.01309	0.011	0.134	0.044	0.991	0.977	-38.783	0.271	0.271
-3.0	-0.382	0.01254	0.008	0.119	0.047	0.991	0.979	-30.451	0.271	0.271
-2.0	-0.255	0.00901	0.005	0.102	0.054	0.990	0.982	-28.322	0.271	0.271
-1.0	-0.128	0.00814	0.003	0.097	0.070	0.990	0.985	-15.711	0.271	0.271
0.0	0.000	0.00817	-0.000	0.075	0.075	0.987	0.987	0.000	0.271	0.250
1.0	0.128	0.00814	-0.003	0.070	0.097	0.985	0.990	15.711	0.271	0.271
2.0	0.255	0.00901	-0.005	0.054	0.102	0.982	0.990	28.322	0.271	0.271
3.0	0.382	0.01254	-0.008	0.047	0.119	0.979	0.991	30.451	0.271	0.271
4.0	0.508	0.01309	-0.011	0.044	0.134	0.977	0.991	38.783	0.271	0.271
5.0	0.632	0.01385	-0.013	0.032	0.146	0.971	0.991	45.619	0.271	0.271
6.0	0.754	0.01464	-0.016	0.028	0.169	0.963	0.992	51.539	0.271	0.271
7.0	0.875	0.01554	-0.018	0.026	0.180	0.956	0.993	56.273	0.271	0.271
8.0	0.991	0.01663	-0.021	0.024	0.208	0.944	0.993	59.586	0.272	0.271
9.0	1.103	0.01823	-0.023	0.016	0.217	0.927	0.993	60.502	0.272	0.271
10.0	1.210	0.01985	-0.026	0.014	0.248	0.908	0.993	60.943	0.272	0.271
11.0	1.311	0.02178	-0.028	0.013	0.259	0.884	0.994	60.202	0.273	0.271
12.0	1.403	0.02406	-0.030	0.013	0.278	0.855	0.994	58.306	0.275	0.272
13.0	1.486	0.02699	-0.032	0.012	0.303	0.821	0.994	55.058	0.276	0.272
14.0	1.559	0.03056	-0.034	0.011	0.319	0.782	0.994	51.022	0.278	0.272
15.0	1.618	0.03689	-0.036	0.007	0.350	0.724	0.995	43.848	0.280	0.272
16.0	1.668	0.04411	-0.038	0.005	0.364	0.669	0.995	37.805	0.283	0.272
17.0	1.710	0.05217	-0.039	0.005	0.399	0.619	0.996	32.776	0.287	0.273
18.0	1.744	0.06167	-0.040	0.004	0.413	0.571	0.995	28.281	0.293	0.273
19.0	1.770	0.07245	-0.042	0.004	0.450	0.527	0.996	24.437	0.303	0.273
20.0	1.790	0.08440	-0.043	0.004	0.465	0.487	0.996	21.203	0.310	0.274

Name = NACA 0021
Mach = 0; Re = 6430000; T.U. = 1.0; T.L. = 1.0
Surface Finish = 2; Stall model = 0; Transition model = 1; Aspect Ratio = 0; ground effect = 0
?	Cl	Cd	Cm 0.25	T.U.	T.L.	S.U.	S.L.	L/D	A.C.	C.P.
[°]	[-]	[-]	[-]	[-]	[-]	[-]	[-]	[-]	[-]	[-]
-20.0	-1.791	0.08360	0.043	0.458	0.004	0.996	0.490	-21.420	0.312	0.274
-19.0	-1.772	0.07139	0.042	0.435	0.004	0.996	0.532	-24.826	0.303	0.273
-18.0	-1.746	0.06071	0.040	0.406	0.004	0.996	0.576	-28.762	0.293	0.273
-17.0	-1.711	0.05160	0.039	0.391	0.004	0.996	0.622	-33.169	0.287	0.273
-16.0	-1.669	0.04358	0.038	0.357	0.005	0.996	0.672	-38.292	0.283	0.273
-15.0	-1.618	0.03668	0.036	0.347	0.006	0.995	0.725	-44.109	0.280	0.272
-14.0	-1.560	0.03023	0.034	0.311	0.011	0.994	0.786	-51.616	0.278	0.272
-13.0	-1.487	0.02661	0.032	0.300	0.012	0.994	0.825	-55.888	0.276	0.272
-12.0	-1.404	0.02378	0.030	0.268	0.013	0.994	0.858	-59.030	0.275	0.272
-11.0	-1.312	0.02156	0.028	0.256	0.013	0.994	0.886	-60.851	0.273	0.271
-10.0	-1.210	0.01968	0.026	0.232	0.014	0.993	0.910	-61.493	0.272	0.271
-9.0	-1.103	0.01809	0.023	0.214	0.015	0.993	0.929	-60.965	0.272	0.271
-8.0	-0.991	0.01660	0.021	0.204	0.021	0.993	0.944	-59.711	0.272	0.271
-7.0	-0.875	0.01542	0.018	0.176	0.025	0.993	0.957	-56.727	0.271	0.271
-6.0	-0.754	0.01450	0.016	0.168	0.028	0.992	0.964	-52.031	0.271	0.271
-5.0	-0.632	0.01370	0.013	0.141	0.031	0.992	0.971	-46.118	0.271	0.271
-4.0	-0.508	0.01287	0.011	0.132	0.044	0.991	0.977	-39.443	0.271	0.271
-3.0	-0.382	0.01244	0.008	0.111	0.046	0.991	0.980	-30.698	0.271	0.271
-2.0	-0.255	0.00894	0.005	0.100	0.051	0.990	0.983	-28.528	0.271	0.271
-1.0	-0.128	0.00884	0.003	0.089	0.069	0.990	0.985	-14.461	0.271	0.271
0.0	0.000	0.00806	-0.000	0.073	0.073	0.988	0.988	0.000	0.271	0.250
1.0	0.128	0.00884	-0.003	0.069	0.089	0.985	0.990	14.461	0.271	0.271
2.0	0.255	0.00894	-0.005	0.051	0.100	0.983	0.990	28.528	0.271	0.271
3.0	0.382	0.01244	-0.008	0.046	0.111	0.980	0.991	30.698	0.271	0.271
4.0	0.508	0.01287	-0.011	0.044	0.132	0.977	0.991	39.443	0.271	0.271
5.0	0.632	0.01370	-0.013	0.031	0.141	0.971	0.992	46.118	0.271	0.271
6.0	0.754	0.01450	-0.016	0.028	0.168	0.964	0.992	52.031	0.271	0.271
7.0	0.875	0.01542	-0.018	0.025	0.176	0.957	0.993	56.727	0.271	0.271
8.0	0.991	0.01660	-0.021	0.021	0.204	0.944	0.993	59.711	0.272	0.271
9.0	1.103	0.01809	-0.023	0.015	0.214	0.929	0.993	60.965	0.272	0.271
10.0	1.210	0.01968	-0.026	0.014	0.232	0.910	0.993	61.493	0.272	0.271
11.0	1.312	0.02156	-0.028	0.013	0.256	0.886	0.994	60.851	0.273	0.271
12.0	1.404	0.02378	-0.030	0.013	0.268	0.858	0.994	59.030	0.275	0.272
13.0	1.487	0.02661	-0.032	0.012	0.300	0.825	0.994	55.888	0.276	0.272
14.0	1.560	0.03023	-0.034	0.011	0.311	0.786	0.994	51.616	0.278	0.272
15.0	1.618	0.03668	-0.036	0.006	0.347	0.725	0.995	44.109	0.280	0.272
16.0	1.669	0.04358	-0.038	0.005	0.357	0.672	0.996	38.292	0.283	0.273
17.0	1.711	0.05160	-0.039	0.004	0.391	0.622	0.996	33.169	0.287	0.273
18.0	1.746	0.06071	-0.040	0.004	0.406	0.576	0.996	28.762	0.293	0.273
19.0	1.772	0.07139	-0.042	0.004	0.435	0.532	0.996	24.826	0.303	0.273
20.0	1.791	0.08360	-0.043	0.004	0.458	0.490	0.996	21.420	0.312	0.274


