Name = NACA 0024
Mach = 0; Re = 30000; T.U. = 1.0; T.L. = 1.0
Surface Finish = 2; Stall model = 0; Transition model = 1; Aspect Ratio = 0; ground effect = 0
?	Cl	Cd	Cm 0.25	T.U.	T.L.	S.U.	S.L.	L/D	A.C.	C.P.
[°]	[-]	[-]	[-]	[-]	[-]	[-]	[-]	[-]	[-]	[-]
-20.0	-1.736	0.27018	0.035	0.911	0.034	0.952	0.078	-6.427	0.270	0.270
-19.0	-1.698	0.24405	0.035	0.906	0.037	0.948	0.087	-6.957	0.270	0.270
-18.0	-1.652	0.22064	0.034	0.895	0.041	0.945	0.096	-7.489	0.267	0.270
-17.0	-1.602	0.19825	0.033	0.885	0.046	0.941	0.111	-8.080	0.264	0.271
-16.0	-1.546	0.17746	0.032	0.875	0.050	0.938	0.130	-8.711	0.263	0.271
-15.0	-1.486	0.15775	0.031	0.862	0.056	0.935	0.155	-9.417	0.262	0.271
-14.0	-1.417	0.13986	0.031	0.847	0.062	0.930	0.186	-10.132	0.264	0.272
-13.0	-1.344	0.12350	0.030	0.833	0.072	0.924	0.220	-10.882	0.265	0.272
-12.0	-1.268	0.10849	0.028	0.811	0.082	0.921	0.262	-11.684	0.266	0.272
-11.0	-1.187	0.09498	0.027	0.792	0.094	0.915	0.309	-12.500	0.268	0.273
-10.0	-1.100	0.08377	0.025	0.764	0.111	0.912	0.354	-13.137	0.270	0.273
-9.0	-1.009	0.07405	0.023	0.734	0.128	0.909	0.403	-13.629	0.271	0.273
-8.0	-0.912	0.06615	0.021	0.702	0.150	0.905	0.450	-13.790	0.272	0.273
-7.0	-0.811	0.05948	0.019	0.663	0.173	0.902	0.500	-13.641	0.272	0.274
-6.0	-0.706	0.05413	0.017	0.622	0.198	0.897	0.550	-13.046	0.273	0.274
-5.0	-0.597	0.04982	0.014	0.580	0.225	0.892	0.601	-11.987	0.273	0.274
-4.0	-0.484	0.04649	0.012	0.537	0.254	0.884	0.652	-10.419	0.274	0.274
-3.0	-0.368	0.04404	0.009	0.497	0.284	0.874	0.700	-8.354	0.274	0.274
-2.0	-0.248	0.04234	0.006	0.457	0.315	0.858	0.744	-5.857	0.274	0.274
-1.0	-0.125	0.04128	0.003	0.418	0.348	0.840	0.782	-3.032	0.274	0.274
0.0	0.000	0.04075	-0.000	0.382	0.382	0.814	0.814	0.000	0.274	0.250
1.0	0.125	0.04128	-0.003	0.348	0.418	0.782	0.840	3.032	0.274	0.274
2.0	0.248	0.04234	-0.006	0.315	0.457	0.744	0.859	5.857	0.274	0.274
3.0	0.368	0.04403	-0.009	0.284	0.497	0.700	0.874	8.355	0.274	0.274
4.0	0.484	0.04648	-0.012	0.254	0.538	0.652	0.884	10.421	0.274	0.274
5.0	0.597	0.04982	-0.014	0.225	0.580	0.601	0.892	11.987	0.273	0.274
6.0	0.706	0.05412	-0.017	0.198	0.622	0.550	0.897	13.048	0.273	0.274
7.0	0.811	0.05947	-0.019	0.173	0.663	0.500	0.902	13.643	0.272	0.274
8.0	0.912	0.06613	-0.021	0.150	0.702	0.450	0.905	13.793	0.272	0.273
9.0	1.009	0.07403	-0.023	0.128	0.734	0.403	0.909	13.633	0.271	0.273
10.0	1.101	0.08381	-0.025	0.111	0.764	0.354	0.912	13.133	0.270	0.273
11.0	1.187	0.09498	-0.027	0.094	0.792	0.309	0.915	12.501	0.268	0.273
12.0	1.268	0.10849	-0.028	0.082	0.811	0.262	0.921	11.685	0.266	0.272
13.0	1.344	0.12350	-0.030	0.072	0.833	0.220	0.924	10.882	0.265	0.272
14.0	1.417	0.13985	-0.031	0.062	0.847	0.186	0.931	10.132	0.264	0.272
15.0	1.486	0.15775	-0.031	0.056	0.861	0.155	0.935	9.417	0.262	0.271
16.0	1.546	0.17746	-0.032	0.050	0.875	0.130	0.938	8.711	0.263	0.271
17.0	1.602	0.19825	-0.033	0.046	0.885	0.111	0.941	8.080	0.264	0.271
18.0	1.652	0.22064	-0.034	0.041	0.894	0.096	0.945	7.489	0.267	0.270
19.0	1.698	0.24405	-0.035	0.037	0.906	0.087	0.947	6.957	0.270	0.270
20.0	1.736	0.27018	-0.035	0.034	0.912	0.078	0.952	6.427	0.270	0.270

Name = NACA 0024
Mach = 0; Re = 430000; T.U. = 1.0; T.L. = 1.0
Surface Finish = 2; Stall model = 0; Transition model = 1; Aspect Ratio = 0; ground effect = 0
?	Cl	Cd	Cm 0.25	T.U.	T.L.	S.U.	S.L.	L/D	A.C.	C.P.
[°]	[-]	[-]	[-]	[-]	[-]	[-]	[-]	[-]	[-]	[-]
-20.0	-1.877	0.11802	0.050	0.843	0.025	0.990	0.409	-15.908	0.292	0.276
-19.0	-1.844	0.10422	0.048	0.825	0.027	0.991	0.439	-17.694	0.290	0.276
-18.0	-1.804	0.09133	0.047	0.804	0.028	0.991	0.472	-19.754	0.286	0.276
-17.0	-1.756	0.07971	0.045	0.780	0.031	0.990	0.507	-22.034	0.283	0.276
-16.0	-1.701	0.06930	0.043	0.755	0.033	0.990	0.545	-24.550	0.281	0.276
-15.0	-1.639	0.06009	0.042	0.721	0.037	0.990	0.586	-27.281	0.279	0.275
-14.0	-1.567	0.05197	0.040	0.689	0.042	0.990	0.629	-30.156	0.277	0.275
-13.0	-1.488	0.04523	0.037	0.656	0.047	0.990	0.671	-32.895	0.277	0.275
-12.0	-1.402	0.03966	0.035	0.617	0.052	0.990	0.712	-35.340	0.276	0.275
-11.0	-1.310	0.03500	0.033	0.578	0.059	0.989	0.754	-37.425	0.276	0.275
-10.0	-1.212	0.03063	0.030	0.543	0.069	0.988	0.793	-39.559	0.276	0.275
-9.0	-1.106	0.02749	0.027	0.507	0.078	0.987	0.826	-40.231	0.275	0.275
-8.0	-0.995	0.02487	0.025	0.471	0.090	0.986	0.855	-40.015	0.275	0.275
-7.0	-0.880	0.02270	0.022	0.440	0.103	0.984	0.881	-38.761	0.275	0.275
-6.0	-0.761	0.02307	0.019	0.407	0.119	0.982	0.902	-32.982	0.275	0.275
-5.0	-0.638	0.02178	0.016	0.376	0.136	0.981	0.918	-29.306	0.275	0.275
-4.0	-0.514	0.02075	0.013	0.349	0.155	0.979	0.932	-24.748	0.275	0.275
-3.0	-0.387	0.02006	0.010	0.318	0.175	0.977	0.942	-19.285	0.275	0.275
-2.0	-0.259	0.01950	0.006	0.295	0.197	0.973	0.952	-13.276	0.275	0.275
-1.0	-0.130	0.01917	0.003	0.267	0.219	0.969	0.960	-6.772	0.275	0.275
0.0	0.000	0.01903	-0.000	0.243	0.243	0.964	0.964	0.000	0.275	0.250
1.0	0.130	0.01917	-0.003	0.219	0.267	0.960	0.969	6.773	0.275	0.275
2.0	0.259	0.01948	-0.006	0.197	0.295	0.952	0.973	13.288	0.275	0.275
3.0	0.387	0.02003	-0.010	0.175	0.318	0.943	0.977	19.320	0.275	0.275
4.0	0.514	0.02073	-0.013	0.155	0.350	0.933	0.979	24.775	0.275	0.275
5.0	0.638	0.02177	-0.016	0.136	0.376	0.918	0.981	29.330	0.275	0.275
6.0	0.761	0.02307	-0.019	0.119	0.407	0.902	0.982	32.985	0.275	0.275
7.0	0.880	0.02270	-0.022	0.103	0.440	0.881	0.984	38.768	0.275	0.275
8.0	0.995	0.02487	-0.025	0.090	0.471	0.855	0.985	40.012	0.275	0.275
9.0	1.106	0.02750	-0.027	0.078	0.507	0.826	0.987	40.221	0.275	0.275
10.0	1.212	0.03060	-0.030	0.069	0.543	0.793	0.989	39.598	0.276	0.275
11.0	1.310	0.03500	-0.033	0.059	0.578	0.754	0.989	37.421	0.276	0.275
12.0	1.402	0.03966	-0.035	0.052	0.616	0.713	0.990	35.345	0.276	0.275
13.0	1.488	0.04520	-0.037	0.047	0.657	0.671	0.990	32.919	0.277	0.275
14.0	1.567	0.05193	-0.040	0.042	0.689	0.629	0.990	30.178	0.277	0.275
15.0	1.639	0.06008	-0.042	0.037	0.722	0.586	0.990	27.285	0.279	0.275
16.0	1.701	0.06933	-0.043	0.033	0.755	0.545	0.990	24.539	0.281	0.276
17.0	1.756	0.07968	-0.045	0.031	0.780	0.507	0.990	22.041	0.283	0.276
18.0	1.804	0.09127	-0.047	0.028	0.804	0.472	0.991	19.764	0.286	0.276
19.0	1.844	0.10421	-0.048	0.027	0.825	0.439	0.991	17.697	0.290	0.276
20.0	1.877	0.11813	-0.050	0.025	0.843	0.409	0.990	15.892	0.292	0.276

Name = NACA 0024
Mach = 0; Re = 830000; T.U. = 1.0; T.L. = 1.0
Surface Finish = 2; Stall model = 0; Transition model = 1; Aspect Ratio = 0; ground effect = 0
?	Cl	Cd	Cm 0.25	T.U.	T.L.	S.U.	S.L.	L/D	A.C.	C.P.
[°]	[-]	[-]	[-]	[-]	[-]	[-]	[-]	[-]	[-]	[-]
-20.0	-1.891	0.10605	0.050	0.789	0.018	0.992	0.441	-17.833	0.294	0.277
-19.0	-1.859	0.09248	0.049	0.760	0.020	0.992	0.475	-20.105	0.291	0.276
-18.0	-1.821	0.07968	0.048	0.731	0.023	0.992	0.514	-22.850	0.287	0.276
-17.0	-1.774	0.06897	0.046	0.704	0.026	0.991	0.552	-25.717	0.284	0.276
-16.0	-1.718	0.06023	0.044	0.666	0.028	0.991	0.588	-28.517	0.282	0.276
-15.0	-1.654	0.05247	0.042	0.629	0.030	0.991	0.627	-31.525	0.279	0.275
-14.0	-1.580	0.04580	0.040	0.595	0.033	0.991	0.666	-34.494	0.278	0.275
-13.0	-1.499	0.03990	0.038	0.560	0.037	0.991	0.707	-37.571	0.277	0.275
-12.0	-1.413	0.03477	0.036	0.522	0.043	0.990	0.750	-40.638	0.277	0.275
-11.0	-1.319	0.03097	0.033	0.490	0.048	0.990	0.786	-42.584	0.276	0.275
-10.0	-1.218	0.02790	0.030	0.457	0.053	0.989	0.819	-43.662	0.276	0.275
-9.0	-1.112	0.02467	0.028	0.425	0.061	0.989	0.850	-45.059	0.275	0.275
-8.0	-0.999	0.02239	0.025	0.399	0.071	0.988	0.876	-44.642	0.275	0.275
-7.0	-0.883	0.02059	0.022	0.366	0.080	0.986	0.897	-42.875	0.275	0.275
-6.0	-0.763	0.01891	0.019	0.344	0.095	0.985	0.915	-40.340	0.275	0.275
-5.0	-0.640	0.01767	0.016	0.313	0.106	0.983	0.930	-36.219	0.275	0.275
-4.0	-0.515	0.01902	0.013	0.290	0.123	0.981	0.941	-27.051	0.275	0.275
-3.0	-0.388	0.01837	0.010	0.264	0.139	0.979	0.951	-21.100	0.275	0.275
-2.0	-0.259	0.01788	0.006	0.242	0.158	0.977	0.959	-14.500	0.275	0.275
-1.0	-0.130	0.01759	0.003	0.218	0.176	0.974	0.964	-7.388	0.275	0.275
0.0	0.000	0.01748	-0.000	0.198	0.198	0.969	0.969	0.000	0.275	0.250
1.0	0.130	0.01762	-0.003	0.176	0.218	0.964	0.973	7.375	0.275	0.275
2.0	0.259	0.01788	-0.006	0.158	0.242	0.959	0.977	14.496	0.275	0.275
3.0	0.388	0.01835	-0.010	0.139	0.264	0.951	0.979	21.121	0.275	0.275
4.0	0.515	0.01900	-0.013	0.123	0.290	0.941	0.981	27.084	0.275	0.275
5.0	0.640	0.01765	-0.016	0.106	0.313	0.930	0.983	36.242	0.275	0.275
6.0	0.763	0.01890	-0.019	0.095	0.344	0.915	0.985	40.370	0.275	0.275
7.0	0.883	0.02059	-0.022	0.080	0.366	0.897	0.986	42.883	0.275	0.275
8.0	0.999	0.02239	-0.025	0.071	0.399	0.876	0.987	44.636	0.275	0.275
9.0	1.112	0.02468	-0.028	0.061	0.424	0.850	0.989	45.041	0.275	0.275
10.0	1.218	0.02785	-0.030	0.053	0.458	0.819	0.990	43.739	0.276	0.275
11.0	1.319	0.03099	-0.033	0.048	0.491	0.787	0.990	42.561	0.276	0.275
12.0	1.413	0.03475	-0.036	0.043	0.522	0.750	0.990	40.663	0.277	0.275
13.0	1.499	0.03991	-0.038	0.037	0.560	0.707	0.990	37.566	0.277	0.275
14.0	1.580	0.04576	-0.040	0.033	0.595	0.666	0.991	34.518	0.278	0.275
15.0	1.654	0.05244	-0.042	0.030	0.629	0.626	0.991	31.539	0.279	0.275
16.0	1.718	0.06026	-0.044	0.028	0.665	0.588	0.991	28.504	0.282	0.276
17.0	1.774	0.06900	-0.046	0.026	0.703	0.552	0.991	25.705	0.284	0.276
18.0	1.821	0.07972	-0.048	0.023	0.731	0.514	0.992	22.840	0.287	0.276
19.0	1.859	0.09244	-0.049	0.020	0.761	0.475	0.992	20.114	0.291	0.276
20.0	1.891	0.10618	-0.050	0.018	0.789	0.441	0.992	17.812	0.294	0.277

Name = NACA 0024
Mach = 0; Re = 1230000; T.U. = 1.0; T.L. = 1.0
Surface Finish = 2; Stall model = 0; Transition model = 1; Aspect Ratio = 0; ground effect = 0
?	Cl	Cd	Cm 0.25	T.U.	T.L.	S.U.	S.L.	L/D	A.C.	C.P.
[°]	[-]	[-]	[-]	[-]	[-]	[-]	[-]	[-]	[-]	[-]
-20.0	-1.899	0.09941	0.051	0.733	0.015	0.993	0.460	-19.107	0.295	0.277
-19.0	-1.867	0.08699	0.049	0.706	0.016	0.993	0.493	-21.459	0.292	0.276
-18.0	-1.827	0.07564	0.048	0.669	0.018	0.993	0.528	-24.150	0.288	0.276
-17.0	-1.780	0.06507	0.046	0.634	0.021	0.992	0.569	-27.360	0.284	0.276
-16.0	-1.727	0.05542	0.044	0.605	0.025	0.992	0.613	-31.160	0.282	0.276
-15.0	-1.662	0.04845	0.042	0.565	0.027	0.991	0.650	-34.313	0.280	0.276
-14.0	-1.587	0.04248	0.040	0.530	0.028	0.991	0.688	-37.354	0.278	0.275
-13.0	-1.505	0.03727	0.038	0.503	0.031	0.991	0.727	-40.393	0.277	0.275
-12.0	-1.417	0.03288	0.036	0.466	0.035	0.990	0.765	-43.102	0.277	0.275
-11.0	-1.323	0.02902	0.033	0.438	0.041	0.990	0.803	-45.592	0.276	0.275
-10.0	-1.222	0.02609	0.031	0.407	0.047	0.990	0.835	-46.853	0.276	0.275
-9.0	-1.114	0.02382	0.028	0.378	0.051	0.989	0.861	-46.763	0.276	0.275
-8.0	-1.001	0.02130	0.025	0.354	0.059	0.989	0.885	-47.006	0.275	0.275
-7.0	-0.885	0.01948	0.022	0.325	0.070	0.987	0.906	-45.413	0.275	0.275
-6.0	-0.764	0.01809	0.019	0.304	0.078	0.986	0.921	-42.214	0.275	0.275
-5.0	-0.641	0.01681	0.016	0.276	0.092	0.984	0.936	-38.114	0.275	0.275
-4.0	-0.515	0.01817	0.013	0.256	0.104	0.982	0.945	-28.347	0.275	0.275
-3.0	-0.388	0.01758	0.010	0.231	0.119	0.980	0.955	-22.059	0.275	0.275
-2.0	-0.259	0.01706	0.006	0.212	0.135	0.978	0.962	-15.204	0.275	0.275
-1.0	-0.130	0.01685	0.003	0.190	0.151	0.976	0.967	-7.713	0.275	0.275
0.0	0.000	0.01672	-0.000	0.172	0.172	0.972	0.972	0.000	0.275	0.250
1.0	0.130	0.01685	-0.003	0.151	0.190	0.967	0.976	7.714	0.275	0.275
2.0	0.259	0.01709	-0.006	0.135	0.212	0.961	0.978	15.173	0.275	0.275
3.0	0.388	0.01757	-0.010	0.119	0.231	0.955	0.980	22.080	0.275	0.275
4.0	0.515	0.01813	-0.013	0.104	0.256	0.946	0.982	28.403	0.275	0.275
5.0	0.641	0.01678	-0.016	0.092	0.276	0.936	0.984	38.173	0.275	0.275
6.0	0.764	0.01808	-0.019	0.078	0.304	0.921	0.986	42.245	0.275	0.275
7.0	0.885	0.01946	-0.022	0.070	0.325	0.907	0.987	45.452	0.275	0.275
8.0	1.001	0.02130	-0.025	0.059	0.354	0.885	0.989	46.999	0.275	0.275
9.0	1.114	0.02384	-0.028	0.051	0.378	0.861	0.989	46.723	0.276	0.275
10.0	1.222	0.02610	-0.031	0.047	0.407	0.835	0.990	46.826	0.276	0.275
11.0	1.323	0.02903	-0.033	0.041	0.438	0.803	0.990	45.578	0.276	0.275
12.0	1.417	0.03286	-0.036	0.035	0.466	0.765	0.990	43.133	0.277	0.275
13.0	1.505	0.03725	-0.038	0.031	0.503	0.727	0.991	40.420	0.277	0.275
14.0	1.587	0.04248	-0.040	0.028	0.530	0.688	0.991	37.364	0.278	0.275
15.0	1.662	0.04848	-0.042	0.027	0.565	0.650	0.991	34.292	0.280	0.276
16.0	1.727	0.05544	-0.044	0.025	0.605	0.613	0.992	31.146	0.282	0.276
17.0	1.780	0.06505	-0.046	0.021	0.634	0.568	0.992	27.364	0.284	0.276
18.0	1.827	0.07567	-0.048	0.018	0.669	0.528	0.993	24.140	0.287	0.276
19.0	1.867	0.08698	-0.049	0.016	0.706	0.493	0.992	21.463	0.292	0.276
20.0	1.899	0.09953	-0.051	0.015	0.733	0.460	0.992	19.084	0.295	0.277

Name = NACA 0024
Mach = 0; Re = 1630000; T.U. = 1.0; T.L. = 1.0
Surface Finish = 2; Stall model = 0; Transition model = 1; Aspect Ratio = 0; ground effect = 0
?	Cl	Cd	Cm 0.25	T.U.	T.L.	S.U.	S.L.	L/D	A.C.	C.P.
[°]	[-]	[-]	[-]	[-]	[-]	[-]	[-]	[-]	[-]	[-]
-20.0	-1.906	0.09472	0.051	0.685	0.013	0.993	0.476	-20.122	0.296	0.277
-19.0	-1.873	0.08296	0.050	0.657	0.015	0.993	0.507	-22.572	0.293	0.277
-18.0	-1.832	0.07245	0.048	0.619	0.015	0.993	0.541	-25.285	0.288	0.276
-17.0	-1.785	0.06265	0.046	0.584	0.017	0.992	0.580	-28.485	0.285	0.276
-16.0	-1.730	0.05379	0.045	0.556	0.020	0.992	0.621	-32.158	0.282	0.276
-15.0	-1.669	0.04567	0.043	0.518	0.025	0.992	0.667	-36.539	0.280	0.276
-14.0	-1.593	0.04016	0.040	0.489	0.027	0.991	0.704	-39.661	0.278	0.275
-13.0	-1.510	0.03541	0.038	0.458	0.028	0.991	0.741	-42.638	0.277	0.275
-12.0	-1.421	0.03142	0.036	0.427	0.031	0.991	0.776	-45.223	0.277	0.275
-11.0	-1.325	0.02811	0.033	0.402	0.034	0.990	0.811	-47.157	0.276	0.275
-10.0	-1.225	0.02507	0.031	0.370	0.042	0.990	0.844	-48.838	0.276	0.275
-9.0	-1.116	0.02279	0.028	0.350	0.047	0.990	0.870	-48.985	0.276	0.275
-8.0	-1.003	0.02109	0.025	0.320	0.051	0.989	0.891	-47.532	0.275	0.275
-7.0	-0.885	0.01886	0.022	0.301	0.060	0.989	0.911	-46.941	0.275	0.275
-6.0	-0.765	0.01743	0.019	0.273	0.071	0.987	0.926	-43.871	0.275	0.275
-5.0	-0.641	0.01631	0.016	0.255	0.079	0.985	0.939	-39.294	0.275	0.275
-4.0	-0.515	0.01524	0.013	0.229	0.096	0.983	0.949	-33.812	0.275	0.275
-3.0	-0.388	0.01701	0.010	0.212	0.105	0.981	0.958	-22.811	0.275	0.275
-2.0	-0.259	0.01664	0.006	0.189	0.121	0.979	0.963	-15.596	0.275	0.275
-1.0	-0.130	0.01631	0.003	0.172	0.136	0.977	0.969	-7.976	0.275	0.275
0.0	0.000	0.01630	-0.000	0.153	0.153	0.973	0.973	0.000	0.275	0.250
1.0	0.130	0.01631	-0.003	0.136	0.172	0.969	0.977	7.976	0.275	0.275
2.0	0.259	0.01664	-0.006	0.121	0.189	0.963	0.979	15.593	0.275	0.275
3.0	0.388	0.01702	-0.010	0.105	0.212	0.958	0.981	22.805	0.275	0.275
4.0	0.515	0.01521	-0.013	0.096	0.229	0.950	0.983	33.890	0.275	0.275
5.0	0.641	0.01628	-0.016	0.079	0.255	0.939	0.985	39.383	0.275	0.275
6.0	0.765	0.01741	-0.019	0.071	0.273	0.927	0.987	43.917	0.275	0.275
7.0	0.885	0.01885	-0.022	0.060	0.301	0.911	0.989	46.979	0.275	0.275
8.0	1.003	0.02105	-0.025	0.051	0.320	0.892	0.989	47.638	0.275	0.275
9.0	1.116	0.02283	-0.028	0.047	0.350	0.870	0.990	48.889	0.276	0.275
10.0	1.225	0.02503	-0.031	0.042	0.370	0.844	0.990	48.929	0.276	0.275
11.0	1.326	0.02807	-0.033	0.034	0.402	0.811	0.990	47.220	0.276	0.275
12.0	1.421	0.03141	-0.036	0.031	0.426	0.777	0.991	45.236	0.277	0.275
13.0	1.510	0.03541	-0.038	0.028	0.457	0.742	0.991	42.649	0.277	0.275
14.0	1.593	0.04013	-0.040	0.027	0.489	0.704	0.991	39.689	0.278	0.275
15.0	1.669	0.04567	-0.043	0.025	0.517	0.667	0.992	36.538	0.280	0.276
16.0	1.730	0.05379	-0.045	0.020	0.556	0.621	0.992	32.160	0.282	0.276
17.0	1.785	0.06268	-0.046	0.017	0.584	0.580	0.992	28.472	0.285	0.276
18.0	1.832	0.07242	-0.048	0.015	0.619	0.541	0.993	25.293	0.288	0.276
19.0	1.873	0.08290	-0.050	0.015	0.657	0.507	0.993	22.589	0.293	0.277
20.0	1.906	0.09472	-0.051	0.013	0.685	0.475	0.993	20.121	0.296	0.277

Name = NACA 0024
Mach = 0; Re = 2030000; T.U. = 1.0; T.L. = 1.0
Surface Finish = 2; Stall model = 0; Transition model = 1; Aspect Ratio = 0; ground effect = 0
?	Cl	Cd	Cm 0.25	T.U.	T.L.	S.U.	S.L.	L/D	A.C.	C.P.
[°]	[-]	[-]	[-]	[-]	[-]	[-]	[-]	[-]	[-]	[-]
-20.0	-1.911	0.09087	0.052	0.648	0.013	0.993	0.488	-21.030	0.296	0.277
-19.0	-1.878	0.07949	0.050	0.613	0.014	0.993	0.520	-23.628	0.293	0.277
-18.0	-1.837	0.06959	0.048	0.577	0.014	0.993	0.553	-26.392	0.288	0.276
-17.0	-1.789	0.06025	0.047	0.553	0.016	0.992	0.591	-29.691	0.285	0.276
-16.0	-1.733	0.05222	0.045	0.514	0.017	0.992	0.629	-33.182	0.282	0.276
-15.0	-1.670	0.04497	0.043	0.483	0.020	0.992	0.671	-37.139	0.280	0.276
-14.0	-1.597	0.03847	0.041	0.456	0.025	0.991	0.717	-41.512	0.278	0.275
-13.0	-1.514	0.03400	0.038	0.424	0.027	0.991	0.752	-44.519	0.278	0.275
-12.0	-1.424	0.03027	0.036	0.402	0.028	0.991	0.787	-47.041	0.277	0.275
-11.0	-1.328	0.02720	0.033	0.370	0.031	0.991	0.818	-48.808	0.276	0.275
-10.0	-1.226	0.02448	0.031	0.350	0.035	0.990	0.849	-50.073	0.276	0.275
-9.0	-1.118	0.02204	0.028	0.320	0.044	0.990	0.877	-50.711	0.276	0.275
-8.0	-1.004	0.02043	0.025	0.302	0.047	0.990	0.897	-49.143	0.275	0.275
-7.0	-0.886	0.01843	0.022	0.274	0.053	0.989	0.915	-48.068	0.275	0.275
-6.0	-0.765	0.01696	0.019	0.256	0.065	0.987	0.931	-45.135	0.275	0.275
-5.0	-0.641	0.01591	0.016	0.232	0.072	0.986	0.941	-40.314	0.275	0.275
-4.0	-0.516	0.01494	0.013	0.214	0.082	0.984	0.951	-34.502	0.275	0.275
-3.0	-0.388	0.01661	0.010	0.194	0.098	0.982	0.960	-23.373	0.275	0.275
-2.0	-0.260	0.01624	0.006	0.174	0.107	0.980	0.965	-15.984	0.275	0.275
-1.0	-0.130	0.01591	0.003	0.159	0.129	0.978	0.971	-8.180	0.275	0.275
0.0	0.000	0.01594	-0.000	0.139	0.139	0.975	0.975	0.000	0.275	0.250
1.0	0.130	0.01590	-0.003	0.129	0.159	0.971	0.978	8.180	0.275	0.275
2.0	0.260	0.01624	-0.006	0.107	0.174	0.965	0.980	15.981	0.275	0.275
3.0	0.388	0.01661	-0.010	0.098	0.194	0.960	0.982	23.367	0.275	0.275
4.0	0.516	0.01493	-0.013	0.082	0.214	0.951	0.984	34.543	0.275	0.275
5.0	0.641	0.01587	-0.016	0.072	0.232	0.942	0.986	40.407	0.275	0.275
6.0	0.765	0.01695	-0.019	0.065	0.256	0.931	0.987	45.165	0.275	0.275
7.0	0.886	0.01842	-0.022	0.053	0.274	0.915	0.989	48.106	0.275	0.275
8.0	1.004	0.02045	-0.025	0.047	0.302	0.897	0.989	49.090	0.275	0.275
9.0	1.118	0.02206	-0.028	0.044	0.320	0.877	0.990	50.660	0.276	0.275
10.0	1.226	0.02449	-0.031	0.035	0.350	0.849	0.990	50.041	0.276	0.275
11.0	1.328	0.02722	-0.033	0.031	0.370	0.819	0.991	48.776	0.276	0.275
12.0	1.424	0.03026	-0.036	0.028	0.402	0.787	0.991	47.058	0.277	0.275
13.0	1.514	0.03402	-0.038	0.027	0.423	0.753	0.991	44.490	0.278	0.275
14.0	1.597	0.03844	-0.041	0.025	0.456	0.717	0.991	41.541	0.278	0.275
15.0	1.670	0.04497	-0.043	0.020	0.483	0.671	0.992	37.139	0.280	0.276
16.0	1.733	0.05225	-0.045	0.017	0.514	0.629	0.992	33.168	0.282	0.276
17.0	1.789	0.06028	-0.047	0.016	0.553	0.591	0.992	29.677	0.285	0.276
18.0	1.837	0.06962	-0.048	0.014	0.577	0.553	0.993	26.381	0.288	0.276
19.0	1.878	0.07943	-0.050	0.014	0.613	0.520	0.993	23.645	0.293	0.277
20.0	1.911	0.09098	-0.052	0.013	0.648	0.488	0.993	21.005	0.296	0.277

Name = NACA 0024
Mach = 0; Re = 2430000; T.U. = 1.0; T.L. = 1.0
Surface Finish = 2; Stall model = 0; Transition model = 1; Aspect Ratio = 0; ground effect = 0
?	Cl	Cd	Cm 0.25	T.U.	T.L.	S.U.	S.L.	L/D	A.C.	C.P.
[°]	[-]	[-]	[-]	[-]	[-]	[-]	[-]	[-]	[-]	[-]
-20.0	-1.915	0.08811	0.052	0.612	0.012	0.993	0.497	-21.733	0.297	0.277
-19.0	-1.882	0.07685	0.050	0.576	0.013	0.993	0.530	-24.490	0.293	0.277
-18.0	-1.841	0.06743	0.048	0.553	0.013	0.993	0.562	-27.295	0.289	0.276
-17.0	-1.792	0.05840	0.047	0.514	0.015	0.992	0.600	-30.691	0.285	0.276
-16.0	-1.736	0.05072	0.045	0.485	0.016	0.992	0.638	-34.234	0.283	0.276
-15.0	-1.672	0.04406	0.043	0.457	0.017	0.992	0.677	-37.949	0.280	0.276
-14.0	-1.598	0.03798	0.041	0.427	0.021	0.992	0.720	-42.069	0.278	0.275
-13.0	-1.517	0.03283	0.038	0.403	0.026	0.991	0.762	-46.193	0.278	0.275
-12.0	-1.426	0.02934	0.036	0.373	0.027	0.991	0.796	-48.624	0.277	0.275
-11.0	-1.330	0.02646	0.033	0.352	0.028	0.991	0.826	-50.251	0.277	0.275
-10.0	-1.227	0.02394	0.031	0.324	0.032	0.990	0.854	-51.251	0.276	0.275
-9.0	-1.119	0.02170	0.028	0.305	0.038	0.990	0.881	-51.540	0.276	0.275
-8.0	-1.005	0.01990	0.025	0.280	0.045	0.990	0.902	-50.501	0.275	0.275
-7.0	-0.887	0.01856	0.022	0.259	0.049	0.989	0.918	-47.775	0.275	0.275
-6.0	-0.766	0.01673	0.019	0.240	0.056	0.988	0.933	-45.772	0.275	0.275
-5.0	-0.642	0.01552	0.016	0.217	0.069	0.986	0.944	-41.334	0.275	0.275
-4.0	-0.516	0.01464	0.013	0.204	0.075	0.985	0.953	-35.236	0.275	0.275
-3.0	-0.388	0.01633	0.010	0.178	0.089	0.982	0.961	-23.780	0.275	0.275
-2.0	-0.260	0.01590	0.006	0.168	0.101	0.981	0.966	-16.327	0.275	0.275
-1.0	-0.130	0.01573	0.003	0.143	0.113	0.978	0.972	-8.270	0.275	0.275
0.0	0.000	0.01559	-0.000	0.132	0.132	0.976	0.976	0.000	0.275	0.250
1.0	0.130	0.01573	-0.003	0.113	0.143	0.972	0.978	8.271	0.275	0.275
2.0	0.260	0.01590	-0.006	0.101	0.168	0.966	0.981	16.324	0.275	0.275
3.0	0.388	0.01636	-0.010	0.089	0.178	0.961	0.982	23.729	0.275	0.275
4.0	0.516	0.01462	-0.013	0.075	0.204	0.953	0.985	35.277	0.275	0.275
5.0	0.642	0.01549	-0.016	0.069	0.217	0.945	0.986	41.431	0.275	0.275
6.0	0.766	0.01672	-0.019	0.056	0.240	0.933	0.988	45.802	0.275	0.275
7.0	0.887	0.01855	-0.022	0.049	0.259	0.918	0.989	47.811	0.275	0.275
8.0	1.005	0.01990	-0.025	0.045	0.280	0.902	0.990	50.502	0.275	0.275
9.0	1.119	0.02166	-0.028	0.038	0.305	0.881	0.990	51.642	0.276	0.275
10.0	1.227	0.02396	-0.031	0.032	0.324	0.854	0.990	51.204	0.276	0.275
11.0	1.330	0.02647	-0.033	0.028	0.352	0.826	0.991	50.234	0.277	0.275
12.0	1.426	0.02932	-0.036	0.027	0.373	0.796	0.991	48.657	0.277	0.275
13.0	1.517	0.03282	-0.038	0.026	0.403	0.762	0.991	46.209	0.278	0.275
14.0	1.598	0.03797	-0.041	0.021	0.427	0.720	0.992	42.083	0.278	0.275
15.0	1.672	0.04406	-0.043	0.017	0.457	0.677	0.992	37.950	0.280	0.276
16.0	1.736	0.05071	-0.045	0.016	0.485	0.638	0.992	34.236	0.283	0.276
17.0	1.792	0.05843	-0.047	0.015	0.514	0.600	0.992	30.677	0.285	0.276
18.0	1.841	0.06746	-0.048	0.013	0.553	0.562	0.993	27.283	0.289	0.276
19.0	1.882	0.07686	-0.050	0.013	0.576	0.531	0.993	24.489	0.293	0.277
20.0	1.915	0.08809	-0.052	0.012	0.612	0.497	0.993	21.739	0.297	0.277

Name = NACA 0024
Mach = 0; Re = 2830000; T.U. = 1.0; T.L. = 1.0
Surface Finish = 2; Stall model = 0; Transition model = 1; Aspect Ratio = 0; ground effect = 0
?	Cl	Cd	Cm 0.25	T.U.	T.L.	S.U.	S.L.	L/D	A.C.	C.P.
[°]	[-]	[-]	[-]	[-]	[-]	[-]	[-]	[-]	[-]	[-]
-20.0	-1.919	0.08561	0.052	0.578	0.012	0.993	0.506	-22.414	0.297	0.277
-19.0	-1.886	0.07474	0.050	0.555	0.012	0.993	0.539	-25.231	0.294	0.277
-18.0	-1.844	0.06537	0.049	0.517	0.013	0.993	0.572	-28.214	0.289	0.276
-17.0	-1.796	0.05675	0.047	0.494	0.014	0.992	0.608	-31.644	0.285	0.276
-16.0	-1.739	0.04938	0.045	0.460	0.015	0.992	0.646	-35.218	0.283	0.276
-15.0	-1.675	0.04301	0.043	0.434	0.016	0.992	0.684	-38.932	0.280	0.276
-14.0	-1.599	0.03741	0.041	0.407	0.018	0.992	0.724	-42.751	0.278	0.275
-13.0	-1.519	0.03211	0.038	0.382	0.024	0.992	0.768	-47.289	0.278	0.275
-12.0	-1.428	0.02853	0.036	0.356	0.026	0.991	0.802	-50.067	0.277	0.275
-11.0	-1.331	0.02580	0.033	0.335	0.027	0.991	0.832	-51.605	0.277	0.275
-10.0	-1.228	0.02343	0.031	0.308	0.029	0.991	0.859	-52.415	0.276	0.275
-9.0	-1.119	0.02135	0.028	0.293	0.034	0.990	0.883	-52.427	0.276	0.275
-8.0	-1.006	0.01945	0.025	0.264	0.044	0.990	0.906	-51.702	0.275	0.275
-7.0	-0.887	0.01817	0.022	0.252	0.047	0.989	0.921	-48.824	0.275	0.275
-6.0	-0.766	0.01646	0.019	0.222	0.051	0.989	0.935	-46.529	0.275	0.275
-5.0	-0.642	0.01526	0.016	0.210	0.064	0.987	0.946	-42.058	0.275	0.275
-4.0	-0.516	0.01438	0.013	0.185	0.072	0.985	0.956	-35.895	0.275	0.275
-3.0	-0.388	0.01361	0.010	0.171	0.080	0.983	0.962	-28.534	0.275	0.275
-2.0	-0.260	0.01563	0.006	0.151	0.097	0.981	0.968	-16.619	0.275	0.275
-1.0	-0.130	0.01548	0.003	0.136	0.105	0.979	0.973	-8.409	0.275	0.275
0.0	0.000	0.01535	-0.000	0.123	0.123	0.977	0.977	0.000	0.275	0.250
1.0	0.130	0.01548	-0.003	0.105	0.136	0.973	0.979	8.410	0.275	0.275
2.0	0.260	0.01563	-0.006	0.097	0.151	0.968	0.981	16.616	0.275	0.275
3.0	0.388	0.01362	-0.010	0.080	0.171	0.962	0.983	28.525	0.275	0.275
4.0	0.516	0.01436	-0.013	0.072	0.185	0.956	0.985	35.935	0.275	0.275
5.0	0.642	0.01523	-0.016	0.064	0.210	0.946	0.987	42.157	0.275	0.275
6.0	0.766	0.01643	-0.019	0.051	0.222	0.935	0.989	46.634	0.275	0.275
7.0	0.887	0.01816	-0.022	0.047	0.252	0.921	0.989	48.859	0.275	0.275
8.0	1.006	0.01946	-0.025	0.044	0.264	0.906	0.990	51.677	0.275	0.275
9.0	1.119	0.02133	-0.028	0.034	0.293	0.883	0.990	52.479	0.276	0.275
10.0	1.228	0.02345	-0.031	0.029	0.308	0.859	0.991	52.379	0.276	0.275
11.0	1.331	0.02582	-0.033	0.027	0.335	0.832	0.991	51.572	0.277	0.275
12.0	1.429	0.02853	-0.036	0.026	0.356	0.803	0.991	50.082	0.277	0.275
13.0	1.519	0.03213	-0.038	0.024	0.381	0.768	0.991	47.260	0.278	0.275
14.0	1.599	0.03740	-0.041	0.018	0.407	0.724	0.992	42.765	0.278	0.275
15.0	1.674	0.04299	-0.043	0.016	0.434	0.684	0.992	38.949	0.280	0.276
16.0	1.739	0.04940	-0.045	0.015	0.460	0.646	0.992	35.203	0.283	0.276
17.0	1.796	0.05678	-0.047	0.014	0.494	0.608	0.992	31.630	0.285	0.276
18.0	1.844	0.06540	-0.049	0.013	0.517	0.572	0.993	28.202	0.289	0.276
19.0	1.886	0.07481	-0.050	0.012	0.555	0.539	0.993	25.205	0.294	0.277
20.0	1.919	0.08554	-0.052	0.012	0.578	0.506	0.993	22.432	0.297	0.277

Name = NACA 0024
Mach = 0; Re = 3230000; T.U. = 1.0; T.L. = 1.0
Surface Finish = 2; Stall model = 0; Transition model = 1; Aspect Ratio = 0; ground effect = 0
?	Cl	Cd	Cm 0.25	T.U.	T.L.	S.U.	S.L.	L/D	A.C.	C.P.
[°]	[-]	[-]	[-]	[-]	[-]	[-]	[-]	[-]	[-]	[-]
-20.0	-1.922	0.08345	0.052	0.559	0.011	0.993	0.514	-23.033	0.297	0.277
-19.0	-1.889	0.07288	0.050	0.523	0.012	0.993	0.547	-25.918	0.294	0.277
-18.0	-1.848	0.06363	0.049	0.503	0.012	0.993	0.580	-29.036	0.289	0.276
-17.0	-1.799	0.05540	0.047	0.465	0.013	0.993	0.616	-32.466	0.286	0.276
-16.0	-1.742	0.04819	0.045	0.449	0.014	0.992	0.653	-36.147	0.283	0.276
-15.0	-1.677	0.04195	0.043	0.411	0.015	0.992	0.691	-39.976	0.280	0.276
-14.0	-1.601	0.03673	0.041	0.397	0.016	0.992	0.729	-43.587	0.278	0.275
-13.0	-1.519	0.03204	0.038	0.362	0.019	0.992	0.769	-47.401	0.278	0.275
-12.0	-1.430	0.02787	0.036	0.348	0.025	0.991	0.808	-51.324	0.277	0.275
-11.0	-1.333	0.02524	0.033	0.314	0.026	0.991	0.837	-52.796	0.277	0.275
-10.0	-1.229	0.02295	0.031	0.300	0.028	0.991	0.863	-53.563	0.276	0.275
-9.0	-1.120	0.02102	0.028	0.271	0.031	0.990	0.886	-53.265	0.276	0.275
-8.0	-1.006	0.01927	0.025	0.256	0.038	0.990	0.908	-52.193	0.275	0.275
-7.0	-0.888	0.01783	0.022	0.231	0.045	0.990	0.924	-49.799	0.275	0.275
-6.0	-0.766	0.01617	0.019	0.214	0.049	0.989	0.937	-47.398	0.275	0.275
-5.0	-0.642	0.01511	0.016	0.197	0.056	0.987	0.947	-42.494	0.275	0.275
-4.0	-0.516	0.01412	0.013	0.176	0.070	0.986	0.957	-36.557	0.275	0.275
-3.0	-0.388	0.01345	0.010	0.167	0.075	0.983	0.963	-28.885	0.275	0.275
-2.0	-0.260	0.01547	0.006	0.141	0.089	0.982	0.968	-16.790	0.275	0.275
-1.0	-0.130	0.01521	0.003	0.131	0.100	0.979	0.974	-8.558	0.275	0.275
0.0	0.000	0.01521	-0.000	0.111	0.111	0.977	0.977	0.000	0.275	0.250
1.0	0.130	0.01521	-0.003	0.100	0.131	0.974	0.979	8.559	0.275	0.275
2.0	0.260	0.01547	-0.006	0.089	0.141	0.968	0.982	16.786	0.275	0.275
3.0	0.388	0.01340	-0.010	0.075	0.167	0.963	0.984	28.996	0.275	0.275
4.0	0.516	0.01410	-0.013	0.070	0.176	0.957	0.986	36.599	0.275	0.275
5.0	0.642	0.01509	-0.016	0.056	0.197	0.947	0.987	42.551	0.275	0.275
6.0	0.766	0.01614	-0.019	0.049	0.214	0.937	0.989	47.473	0.275	0.275
7.0	0.888	0.01782	-0.022	0.045	0.231	0.924	0.990	49.835	0.275	0.275
8.0	1.006	0.01926	-0.025	0.038	0.256	0.908	0.990	52.227	0.275	0.275
9.0	1.120	0.02106	-0.028	0.031	0.271	0.887	0.990	53.177	0.276	0.275
10.0	1.229	0.02296	-0.031	0.028	0.300	0.864	0.991	53.546	0.276	0.275
11.0	1.333	0.02525	-0.033	0.026	0.314	0.838	0.991	52.789	0.277	0.275
12.0	1.430	0.02785	-0.036	0.025	0.347	0.808	0.991	51.358	0.277	0.275
13.0	1.519	0.03203	-0.038	0.019	0.361	0.769	0.992	47.420	0.278	0.275
14.0	1.601	0.03671	-0.041	0.016	0.397	0.729	0.992	43.601	0.278	0.275
15.0	1.677	0.04195	-0.043	0.015	0.412	0.691	0.992	39.978	0.280	0.276
16.0	1.742	0.04821	-0.045	0.014	0.449	0.653	0.992	36.132	0.283	0.276
17.0	1.799	0.05543	-0.047	0.013	0.465	0.616	0.993	32.451	0.286	0.276
18.0	1.848	0.06366	-0.049	0.012	0.503	0.580	0.993	29.024	0.289	0.276
19.0	1.889	0.07290	-0.050	0.012	0.523	0.546	0.993	25.910	0.294	0.277
20.0	1.922	0.08338	-0.052	0.011	0.559	0.514	0.993	23.052	0.297	0.277

Name = NACA 0024
Mach = 0; Re = 3630000; T.U. = 1.0; T.L. = 1.0
Surface Finish = 2; Stall model = 0; Transition model = 1; Aspect Ratio = 0; ground effect = 0
?	Cl	Cd	Cm 0.25	T.U.	T.L.	S.U.	S.L.	L/D	A.C.	C.P.
[°]	[-]	[-]	[-]	[-]	[-]	[-]	[-]	[-]	[-]	[-]
-20.0	-1.925	0.08165	0.052	0.534	0.011	0.993	0.520	-23.577	0.298	0.277
-19.0	-1.892	0.07132	0.051	0.508	0.012	0.994	0.553	-26.524	0.294	0.277
-18.0	-1.850	0.06218	0.049	0.474	0.012	0.993	0.587	-29.758	0.289	0.276
-17.0	-1.801	0.05410	0.047	0.453	0.013	0.993	0.623	-33.297	0.286	0.276
-16.0	-1.745	0.04710	0.045	0.420	0.013	0.992	0.660	-37.036	0.283	0.276
-15.0	-1.679	0.04106	0.043	0.401	0.014	0.992	0.697	-40.892	0.280	0.276
-14.0	-1.603	0.03607	0.041	0.370	0.015	0.992	0.734	-44.435	0.278	0.275
-13.0	-1.520	0.03163	0.038	0.352	0.017	0.992	0.772	-48.046	0.278	0.275
-12.0	-1.431	0.02748	0.036	0.325	0.023	0.991	0.812	-52.087	0.277	0.275
-11.0	-1.334	0.02471	0.033	0.305	0.026	0.991	0.842	-53.986	0.277	0.275
-10.0	-1.230	0.02257	0.031	0.284	0.027	0.991	0.868	-54.524	0.276	0.275
-9.0	-1.121	0.02069	0.028	0.261	0.029	0.990	0.889	-54.164	0.276	0.275
-8.0	-1.006	0.01903	0.025	0.251	0.034	0.990	0.910	-52.868	0.275	0.275
-7.0	-0.888	0.01752	0.022	0.219	0.044	0.990	0.927	-50.717	0.275	0.275
-6.0	-0.767	0.01648	0.019	0.209	0.047	0.989	0.939	-46.526	0.275	0.275
-5.0	-0.642	0.01499	0.016	0.183	0.052	0.987	0.948	-42.860	0.275	0.275
-4.0	-0.516	0.01391	0.013	0.171	0.068	0.986	0.958	-37.121	0.275	0.275
-3.0	-0.389	0.01326	0.010	0.151	0.072	0.984	0.964	-29.303	0.275	0.275
-2.0	-0.260	0.01528	0.006	0.136	0.080	0.982	0.969	-17.007	0.275	0.275
-1.0	-0.130	0.01496	0.003	0.127	0.098	0.980	0.975	-8.704	0.275	0.275
0.0	0.000	0.01500	-0.000	0.105	0.105	0.978	0.978	0.000	0.275	0.250
1.0	0.130	0.01496	-0.003	0.098	0.127	0.975	0.980	8.704	0.275	0.275
2.0	0.260	0.01528	-0.006	0.080	0.136	0.969	0.982	17.003	0.275	0.275
3.0	0.389	0.01326	-0.010	0.072	0.151	0.964	0.984	29.294	0.275	0.275
4.0	0.516	0.01391	-0.013	0.068	0.171	0.958	0.986	37.108	0.275	0.275
5.0	0.642	0.01495	-0.016	0.052	0.183	0.949	0.987	42.964	0.275	0.275
6.0	0.767	0.01644	-0.019	0.047	0.209	0.939	0.989	46.631	0.275	0.275
7.0	0.888	0.01750	-0.022	0.044	0.219	0.927	0.990	50.752	0.275	0.275
8.0	1.006	0.01905	-0.025	0.034	0.251	0.910	0.990	52.837	0.275	0.275
9.0	1.121	0.02070	-0.028	0.029	0.261	0.889	0.990	54.133	0.276	0.275
10.0	1.230	0.02253	-0.031	0.027	0.284	0.868	0.991	54.612	0.276	0.275
11.0	1.334	0.02473	-0.033	0.026	0.305	0.842	0.991	53.961	0.277	0.275
12.0	1.431	0.02747	-0.036	0.023	0.325	0.812	0.991	52.110	0.277	0.275
13.0	1.520	0.03162	-0.038	0.017	0.352	0.772	0.992	48.065	0.278	0.275
14.0	1.603	0.03606	-0.041	0.015	0.370	0.734	0.992	44.450	0.278	0.275
15.0	1.679	0.04106	-0.043	0.014	0.402	0.697	0.992	40.895	0.280	0.276
16.0	1.744	0.04710	-0.045	0.013	0.420	0.660	0.992	37.036	0.283	0.276
17.0	1.801	0.05413	-0.047	0.013	0.453	0.623	0.993	33.282	0.286	0.276
18.0	1.850	0.06220	-0.049	0.012	0.474	0.587	0.993	29.746	0.289	0.276
19.0	1.892	0.07131	-0.051	0.012	0.507	0.553	0.993	26.527	0.294	0.277
20.0	1.925	0.08158	-0.052	0.011	0.533	0.520	0.993	23.597	0.298	0.277

Name = NACA 0024
Mach = 0; Re = 4030000; T.U. = 1.0; T.L. = 1.0
Surface Finish = 2; Stall model = 0; Transition model = 1; Aspect Ratio = 0; ground effect = 0
?	Cl	Cd	Cm 0.25	T.U.	T.L.	S.U.	S.L.	L/D	A.C.	C.P.
[°]	[-]	[-]	[-]	[-]	[-]	[-]	[-]	[-]	[-]	[-]
-20.0	-1.922	0.08352	0.052	0.514	0.008	0.994	0.512	-23.008	0.298	0.277
-19.0	-1.895	0.06964	0.051	0.491	0.012	0.994	0.560	-27.205	0.294	0.277
-18.0	-1.853	0.06096	0.049	0.459	0.012	0.993	0.593	-30.394	0.289	0.276
-17.0	-1.804	0.05300	0.047	0.436	0.012	0.993	0.629	-34.038	0.286	0.276
-16.0	-1.746	0.04623	0.045	0.407	0.013	0.993	0.665	-37.773	0.283	0.276
-15.0	-1.681	0.04033	0.043	0.389	0.013	0.992	0.703	-41.691	0.280	0.276
-14.0	-1.604	0.03543	0.041	0.358	0.014	0.992	0.739	-45.280	0.278	0.275
-13.0	-1.521	0.03118	0.039	0.347	0.016	0.992	0.776	-48.777	0.278	0.275
-12.0	-1.431	0.02748	0.036	0.312	0.019	0.991	0.812	-52.098	0.277	0.275
-11.0	-1.335	0.02428	0.034	0.300	0.025	0.991	0.846	-54.998	0.277	0.275
-10.0	-1.231	0.02217	0.031	0.268	0.027	0.991	0.872	-55.554	0.276	0.275
-9.0	-1.121	0.02037	0.028	0.255	0.028	0.991	0.892	-55.047	0.276	0.275
-8.0	-1.007	0.01888	0.025	0.230	0.031	0.990	0.911	-53.316	0.275	0.275
-7.0	-0.889	0.01732	0.022	0.214	0.041	0.990	0.929	-51.319	0.275	0.275
-6.0	-0.767	0.01622	0.019	0.200	0.046	0.989	0.940	-47.269	0.275	0.275
-5.0	-0.642	0.01478	0.016	0.176	0.050	0.988	0.950	-43.478	0.275	0.275
-4.0	-0.516	0.01383	0.013	0.168	0.059	0.986	0.959	-37.350	0.275	0.275
-3.0	-0.389	0.01306	0.010	0.142	0.070	0.985	0.965	-29.747	0.275	0.275
-2.0	-0.260	0.01516	0.006	0.132	0.076	0.982	0.970	-17.135	0.275	0.275
-1.0	-0.130	0.01481	0.003	0.114	0.096	0.981	0.976	-8.792	0.275	0.275
0.0	0.000	0.01484	-0.000	0.102	0.102	0.978	0.978	0.000	0.275	0.250
1.0	0.130	0.01489	-0.003	0.096	0.114	0.976	0.980	8.747	0.275	0.275
2.0	0.260	0.01517	-0.006	0.076	0.132	0.970	0.982	17.131	0.275	0.275
3.0	0.389	0.01307	-0.010	0.070	0.142	0.965	0.985	29.738	0.275	0.275
4.0	0.516	0.01383	-0.013	0.059	0.168	0.959	0.986	37.337	0.275	0.275
5.0	0.642	0.01476	-0.016	0.050	0.176	0.950	0.988	43.535	0.275	0.275
6.0	0.767	0.01619	-0.019	0.046	0.200	0.941	0.989	47.377	0.275	0.275
7.0	0.889	0.01730	-0.022	0.041	0.214	0.929	0.990	51.357	0.275	0.275
8.0	1.007	0.01885	-0.025	0.031	0.230	0.911	0.990	53.412	0.275	0.275
9.0	1.121	0.02039	-0.028	0.028	0.255	0.893	0.991	55.010	0.276	0.275
10.0	1.232	0.02218	-0.031	0.027	0.268	0.872	0.991	55.537	0.276	0.275
11.0	1.335	0.02425	-0.034	0.025	0.300	0.846	0.991	55.056	0.277	0.275
12.0	1.431	0.02746	-0.036	0.019	0.312	0.812	0.991	52.120	0.277	0.275
13.0	1.521	0.03117	-0.039	0.016	0.346	0.776	0.992	48.797	0.278	0.275
14.0	1.604	0.03542	-0.041	0.014	0.358	0.739	0.992	45.293	0.278	0.275
15.0	1.681	0.04033	-0.043	0.013	0.389	0.702	0.992	41.680	0.280	0.276
16.0	1.746	0.04625	-0.045	0.013	0.407	0.665	0.993	37.757	0.283	0.276
17.0	1.804	0.05302	-0.047	0.012	0.436	0.629	0.993	34.022	0.286	0.276
18.0	1.853	0.06099	-0.049	0.012	0.459	0.593	0.993	30.381	0.289	0.276
19.0	1.895	0.06965	-0.051	0.012	0.492	0.560	0.993	27.201	0.294	0.277
20.0	1.921	0.08355	-0.052	0.008	0.514	0.512	0.993	22.997	0.298	0.277

Name = NACA 0024
Mach = 0; Re = 4430000; T.U. = 1.0; T.L. = 1.0
Surface Finish = 2; Stall model = 0; Transition model = 1; Aspect Ratio = 0; ground effect = 0
?	Cl	Cd	Cm 0.25	T.U.	T.L.	S.U.	S.L.	L/D	A.C.	C.P.
[°]	[-]	[-]	[-]	[-]	[-]	[-]	[-]	[-]	[-]	[-]
-20.0	-1.921	0.08353	0.052	0.505	0.006	0.994	0.512	-23.003	0.298	0.277
-19.0	-1.893	0.07044	0.051	0.468	0.009	0.994	0.556	-26.871	0.294	0.277
-18.0	-1.855	0.05984	0.049	0.451	0.011	0.994	0.598	-30.996	0.289	0.276
-17.0	-1.806	0.05205	0.047	0.416	0.012	0.993	0.635	-34.697	0.286	0.276
-16.0	-1.749	0.04524	0.045	0.400	0.013	0.993	0.672	-38.659	0.283	0.276
-15.0	-1.683	0.03960	0.043	0.367	0.013	0.992	0.708	-42.500	0.280	0.276
-14.0	-1.606	0.03485	0.041	0.352	0.013	0.992	0.744	-46.079	0.279	0.275
-13.0	-1.522	0.03076	0.039	0.323	0.015	0.992	0.779	-49.492	0.278	0.275
-12.0	-1.432	0.02724	0.036	0.305	0.017	0.992	0.815	-52.580	0.277	0.275
-11.0	-1.336	0.02388	0.034	0.286	0.025	0.991	0.850	-55.955	0.277	0.275
-10.0	-1.232	0.02183	0.031	0.260	0.026	0.991	0.875	-56.444	0.276	0.275
-9.0	-1.122	0.02008	0.028	0.252	0.028	0.991	0.896	-55.875	0.276	0.275
-8.0	-1.007	0.01863	0.025	0.220	0.030	0.990	0.913	-54.050	0.275	0.275
-7.0	-0.889	0.01723	0.022	0.210	0.036	0.990	0.930	-51.573	0.275	0.275
-6.0	-0.767	0.01607	0.019	0.185	0.045	0.989	0.942	-47.736	0.275	0.275
-5.0	-0.643	0.01454	0.016	0.172	0.048	0.989	0.952	-44.192	0.275	0.275
-4.0	-0.516	0.01372	0.013	0.157	0.054	0.987	0.960	-37.643	0.275	0.275
-3.0	-0.389	0.01292	0.010	0.137	0.069	0.985	0.966	-30.094	0.275	0.275
-2.0	-0.260	0.01236	0.006	0.130	0.073	0.983	0.971	-21.022	0.275	0.275
-1.0	-0.130	0.01479	0.003	0.107	0.085	0.981	0.976	-8.808	0.275	0.275
0.0	0.000	0.01469	-0.000	0.099	0.099	0.978	0.978	0.000	0.275	0.250
1.0	0.130	0.01479	-0.003	0.085	0.107	0.976	0.981	8.809	0.275	0.275
2.0	0.260	0.01237	-0.006	0.073	0.130	0.971	0.983	21.017	0.275	0.275
3.0	0.389	0.01292	-0.010	0.069	0.137	0.966	0.985	30.086	0.275	0.275
4.0	0.516	0.01372	-0.013	0.054	0.157	0.960	0.987	37.630	0.275	0.275
5.0	0.643	0.01455	-0.016	0.048	0.172	0.952	0.989	44.183	0.275	0.275
6.0	0.767	0.01608	-0.019	0.045	0.185	0.942	0.989	47.701	0.275	0.275
7.0	0.889	0.01724	-0.022	0.036	0.210	0.930	0.990	51.557	0.275	0.275
8.0	1.007	0.01864	-0.025	0.030	0.220	0.913	0.990	54.019	0.275	0.275
9.0	1.122	0.02005	-0.028	0.028	0.252	0.896	0.991	55.956	0.276	0.275
10.0	1.232	0.02185	-0.031	0.026	0.260	0.875	0.991	56.401	0.276	0.275
11.0	1.336	0.02389	-0.034	0.025	0.286	0.850	0.991	55.929	0.277	0.275
12.0	1.432	0.02722	-0.036	0.017	0.305	0.815	0.992	52.603	0.277	0.275
13.0	1.522	0.03076	-0.039	0.015	0.323	0.780	0.992	49.497	0.278	0.275
14.0	1.606	0.03484	-0.041	0.013	0.351	0.744	0.992	46.093	0.279	0.275
15.0	1.683	0.03960	-0.043	0.013	0.368	0.708	0.992	42.503	0.280	0.276
16.0	1.749	0.04523	-0.045	0.013	0.400	0.671	0.993	38.659	0.283	0.276
17.0	1.806	0.05204	-0.047	0.012	0.416	0.634	0.993	34.698	0.286	0.276
18.0	1.855	0.05987	-0.049	0.011	0.451	0.598	0.994	30.983	0.289	0.276
19.0	1.893	0.07044	-0.051	0.009	0.469	0.556	0.993	26.875	0.294	0.277
20.0	1.921	0.08354	-0.052	0.006	0.504	0.511	0.994	22.997	0.298	0.277

Name = NACA 0024
Mach = 0; Re = 4830000; T.U. = 1.0; T.L. = 1.0
Surface Finish = 2; Stall model = 0; Transition model = 1; Aspect Ratio = 0; ground effect = 0
?	Cl	Cd	Cm 0.25	T.U.	T.L.	S.U.	S.L.	L/D	A.C.	C.P.
[°]	[-]	[-]	[-]	[-]	[-]	[-]	[-]	[-]	[-]	[-]
-20.0	-1.922	0.08282	0.052	0.486	0.005	0.994	0.514	-23.213	0.298	0.277
-19.0	-1.891	0.07121	0.051	0.458	0.007	0.994	0.552	-26.557	0.294	0.277
-18.0	-1.857	0.05867	0.049	0.435	0.011	0.994	0.604	-31.655	0.289	0.276
-17.0	-1.808	0.05100	0.047	0.407	0.012	0.993	0.640	-35.457	0.286	0.276
-16.0	-1.751	0.04449	0.045	0.390	0.012	0.993	0.676	-39.345	0.283	0.276
-15.0	-1.685	0.03895	0.043	0.358	0.013	0.993	0.713	-43.253	0.280	0.276
-14.0	-1.608	0.03427	0.041	0.347	0.013	0.992	0.749	-46.911	0.279	0.275
-13.0	-1.524	0.03029	0.039	0.312	0.014	0.992	0.784	-50.300	0.278	0.275
-12.0	-1.433	0.02693	0.036	0.301	0.016	0.992	0.817	-53.200	0.277	0.275
-11.0	-1.336	0.02386	0.034	0.270	0.021	0.991	0.850	-55.999	0.277	0.275
-10.0	-1.233	0.02154	0.031	0.256	0.025	0.991	0.878	-57.231	0.276	0.275
-9.0	-1.123	0.01983	0.028	0.235	0.027	0.991	0.898	-56.605	0.276	0.275
-8.0	-1.007	0.01841	0.025	0.215	0.029	0.990	0.915	-54.727	0.275	0.275
-7.0	-0.889	0.01708	0.022	0.207	0.033	0.990	0.931	-52.049	0.275	0.275
-6.0	-0.767	0.01582	0.019	0.178	0.044	0.990	0.944	-48.509	0.275	0.275
-5.0	-0.643	0.01435	0.016	0.169	0.047	0.989	0.953	-44.795	0.275	0.275
-4.0	-0.517	0.01361	0.013	0.146	0.052	0.987	0.961	-37.954	0.275	0.275
-3.0	-0.389	0.01276	0.010	0.134	0.068	0.985	0.967	-30.477	0.275	0.275
-2.0	-0.260	0.01223	0.006	0.123	0.071	0.983	0.972	-21.255	0.275	0.275
-1.0	-0.130	0.01468	0.003	0.104	0.079	0.981	0.976	-8.874	0.275	0.275
0.0	0.000	0.01447	-0.000	0.097	0.097	0.979	0.979	0.000	0.275	0.250
1.0	0.130	0.01467	-0.003	0.079	0.104	0.976	0.981	8.875	0.275	0.275
2.0	0.260	0.01223	-0.006	0.071	0.123	0.972	0.983	21.250	0.275	0.275
3.0	0.389	0.01276	-0.010	0.068	0.134	0.967	0.985	30.468	0.275	0.275
4.0	0.517	0.01361	-0.013	0.052	0.146	0.961	0.987	37.942	0.275	0.275
5.0	0.643	0.01435	-0.016	0.047	0.169	0.953	0.989	44.785	0.275	0.275
6.0	0.767	0.01583	-0.019	0.044	0.178	0.944	0.990	48.475	0.275	0.275
7.0	0.889	0.01709	-0.022	0.033	0.207	0.931	0.990	52.033	0.275	0.275
8.0	1.007	0.01840	-0.025	0.029	0.215	0.915	0.990	54.759	0.275	0.275
9.0	1.123	0.01984	-0.028	0.027	0.235	0.898	0.991	56.569	0.276	0.275
10.0	1.233	0.02152	-0.031	0.025	0.256	0.878	0.991	57.292	0.276	0.275
11.0	1.337	0.02388	-0.034	0.021	0.270	0.851	0.991	55.966	0.277	0.275
12.0	1.433	0.02692	-0.036	0.016	0.301	0.817	0.992	53.224	0.277	0.275
13.0	1.524	0.03028	-0.039	0.014	0.312	0.784	0.992	50.322	0.278	0.275
14.0	1.608	0.03426	-0.041	0.013	0.347	0.749	0.992	46.925	0.279	0.275
15.0	1.685	0.03895	-0.043	0.013	0.358	0.713	0.993	43.257	0.280	0.276
16.0	1.751	0.04451	-0.045	0.012	0.390	0.676	0.993	39.329	0.283	0.276
17.0	1.808	0.05102	-0.047	0.012	0.407	0.640	0.993	35.441	0.286	0.276
18.0	1.857	0.05870	-0.049	0.011	0.435	0.604	0.994	31.642	0.289	0.276
19.0	1.891	0.07124	-0.051	0.007	0.459	0.552	0.993	26.549	0.294	0.277
20.0	1.922	0.08292	-0.052	0.005	0.486	0.514	0.994	23.185	0.298	0.277

Name = NACA 0024
Mach = 0; Re = 5230000; T.U. = 1.0; T.L. = 1.0
Surface Finish = 2; Stall model = 0; Transition model = 1; Aspect Ratio = 0; ground effect = 0
?	Cl	Cd	Cm 0.25	T.U.	T.L.	S.U.	S.L.	L/D	A.C.	C.P.
[°]	[-]	[-]	[-]	[-]	[-]	[-]	[-]	[-]	[-]	[-]
-20.0	-1.924	0.08196	0.052	0.468	0.005	0.994	0.517	-23.470	0.298	0.277
-19.0	-1.892	0.07092	0.051	0.452	0.006	0.994	0.553	-26.673	0.294	0.277
-18.0	-1.856	0.05943	0.049	0.417	0.009	0.994	0.600	-31.225	0.289	0.276
-17.0	-1.810	0.05027	0.047	0.401	0.012	0.993	0.645	-36.009	0.286	0.276
-16.0	-1.752	0.04382	0.045	0.369	0.012	0.993	0.681	-39.989	0.283	0.276
-15.0	-1.687	0.03824	0.043	0.352	0.013	0.993	0.718	-44.105	0.280	0.276
-14.0	-1.609	0.03379	0.041	0.328	0.013	0.992	0.753	-47.621	0.279	0.275
-13.0	-1.525	0.02990	0.039	0.306	0.013	0.992	0.788	-50.990	0.278	0.275
-12.0	-1.434	0.02662	0.036	0.296	0.015	0.992	0.820	-53.860	0.277	0.275
-11.0	-1.337	0.02377	0.034	0.263	0.019	0.991	0.852	-56.236	0.277	0.275
-10.0	-1.234	0.02124	0.031	0.253	0.025	0.991	0.880	-58.072	0.276	0.275
-9.0	-1.123	0.01961	0.028	0.224	0.026	0.991	0.901	-57.261	0.276	0.275
-8.0	-1.008	0.01822	0.025	0.211	0.028	0.990	0.917	-55.300	0.275	0.275
-7.0	-0.889	0.01692	0.022	0.193	0.031	0.990	0.932	-52.563	0.275	0.275
-6.0	-0.767	0.01566	0.019	0.174	0.042	0.990	0.945	-48.999	0.275	0.275
-5.0	-0.643	0.01423	0.016	0.167	0.046	0.989	0.954	-45.187	0.275	0.275
-4.0	-0.517	0.01347	0.013	0.140	0.050	0.987	0.961	-38.352	0.275	0.275
-3.0	-0.389	0.01268	0.010	0.132	0.060	0.986	0.967	-30.655	0.275	0.275
-2.0	-0.260	0.01212	0.006	0.113	0.070	0.983	0.973	-21.442	0.275	0.275
-1.0	-0.130	0.01456	0.003	0.101	0.075	0.981	0.977	-8.947	0.275	0.275
0.0	0.000	0.01424	-0.000	0.096	0.096	0.979	0.979	0.000	0.275	0.250
1.0	0.130	0.01456	-0.003	0.075	0.101	0.977	0.981	8.947	0.275	0.275
2.0	0.260	0.01213	-0.006	0.070	0.113	0.973	0.983	21.437	0.275	0.275
3.0	0.389	0.01269	-0.010	0.060	0.132	0.967	0.986	30.646	0.275	0.275
4.0	0.517	0.01348	-0.013	0.050	0.140	0.961	0.987	38.339	0.275	0.275
5.0	0.643	0.01424	-0.016	0.046	0.167	0.954	0.989	45.159	0.275	0.275
6.0	0.767	0.01564	-0.019	0.042	0.174	0.945	0.990	49.068	0.275	0.275
7.0	0.889	0.01692	-0.022	0.031	0.193	0.932	0.990	52.547	0.275	0.275
8.0	1.008	0.01817	-0.025	0.028	0.211	0.917	0.990	55.463	0.275	0.275
9.0	1.123	0.01959	-0.028	0.026	0.224	0.901	0.991	57.345	0.276	0.275
10.0	1.234	0.02126	-0.031	0.025	0.253	0.880	0.991	58.029	0.276	0.275
11.0	1.337	0.02376	-0.034	0.019	0.263	0.851	0.992	56.249	0.277	0.275
12.0	1.434	0.02661	-0.036	0.015	0.296	0.820	0.992	53.883	0.277	0.275
13.0	1.525	0.02989	-0.039	0.013	0.306	0.788	0.992	51.013	0.278	0.275
14.0	1.609	0.03377	-0.041	0.013	0.328	0.753	0.992	47.641	0.279	0.275
15.0	1.687	0.03827	-0.043	0.013	0.352	0.718	0.993	44.075	0.280	0.276
16.0	1.752	0.04384	-0.045	0.012	0.369	0.681	0.993	39.972	0.283	0.276
17.0	1.810	0.05026	-0.047	0.012	0.401	0.645	0.993	36.012	0.286	0.276
18.0	1.856	0.05945	-0.049	0.009	0.417	0.600	0.994	31.212	0.289	0.276
19.0	1.892	0.07087	-0.051	0.006	0.452	0.553	0.994	26.693	0.294	0.277
20.0	1.924	0.08204	-0.052	0.005	0.468	0.517	0.994	23.448	0.298	0.277

Name = NACA 0024
Mach = 0; Re = 5630000; T.U. = 1.0; T.L. = 1.0
Surface Finish = 2; Stall model = 0; Transition model = 1; Aspect Ratio = 0; ground effect = 0
?	Cl	Cd	Cm 0.25	T.U.	T.L.	S.U.	S.L.	L/D	A.C.	C.P.
[°]	[-]	[-]	[-]	[-]	[-]	[-]	[-]	[-]	[-]	[-]
-20.0	-1.925	0.08097	0.052	0.459	0.005	0.994	0.521	-23.778	0.298	0.277
-19.0	-1.892	0.07044	0.051	0.441	0.005	0.994	0.555	-26.864	0.294	0.277
-18.0	-1.854	0.05997	0.049	0.409	0.007	0.994	0.597	-30.926	0.289	0.276
-17.0	-1.812	0.04943	0.047	0.397	0.012	0.993	0.650	-36.660	0.286	0.276
-16.0	-1.754	0.04310	0.045	0.360	0.012	0.993	0.686	-40.700	0.283	0.276
-15.0	-1.688	0.03772	0.043	0.348	0.012	0.993	0.722	-44.750	0.281	0.276
-14.0	-1.610	0.03333	0.041	0.316	0.012	0.992	0.757	-48.318	0.279	0.276
-13.0	-1.526	0.02951	0.039	0.302	0.013	0.992	0.791	-51.704	0.278	0.275
-12.0	-1.435	0.02633	0.036	0.276	0.014	0.992	0.823	-54.493	0.277	0.275
-11.0	-1.337	0.02362	0.034	0.259	0.017	0.992	0.853	-56.613	0.277	0.275
-10.0	-1.234	0.02094	0.031	0.250	0.025	0.991	0.883	-58.940	0.276	0.275
-9.0	-1.124	0.01937	0.028	0.218	0.026	0.991	0.903	-58.010	0.276	0.275
-8.0	-1.008	0.01801	0.025	0.209	0.027	0.991	0.918	-55.965	0.275	0.275
-7.0	-0.890	0.01678	0.022	0.183	0.030	0.990	0.934	-53.016	0.275	0.275
-6.0	-0.768	0.01566	0.019	0.171	0.037	0.990	0.945	-49.028	0.275	0.275
-5.0	-0.643	0.01468	0.016	0.156	0.045	0.989	0.955	-43.813	0.275	0.275
-4.0	-0.517	0.01338	0.013	0.136	0.048	0.987	0.962	-38.617	0.275	0.275
-3.0	-0.389	0.01264	0.010	0.130	0.055	0.986	0.968	-30.769	0.275	0.275
-2.0	-0.260	0.01199	0.006	0.108	0.069	0.984	0.973	-21.683	0.275	0.275
-1.0	-0.130	0.01435	0.003	0.099	0.073	0.982	0.977	-9.076	0.275	0.275
0.0	0.000	0.01428	-0.000	0.088	0.088	0.979	0.979	0.000	0.275	0.250
1.0	0.130	0.01435	-0.003	0.073	0.099	0.977	0.982	9.077	0.275	0.275
2.0	0.260	0.01199	-0.006	0.069	0.108	0.973	0.984	21.677	0.275	0.275
3.0	0.389	0.01264	-0.010	0.055	0.130	0.968	0.986	30.760	0.275	0.275
4.0	0.517	0.01338	-0.013	0.048	0.136	0.962	0.987	38.605	0.275	0.275
5.0	0.643	0.01409	-0.016	0.045	0.156	0.955	0.990	45.652	0.275	0.275
6.0	0.768	0.01566	-0.019	0.037	0.171	0.945	0.990	49.016	0.275	0.275
7.0	0.890	0.01681	-0.022	0.030	0.183	0.934	0.990	52.920	0.275	0.275
8.0	1.008	0.01800	-0.025	0.027	0.209	0.918	0.990	55.992	0.275	0.275
9.0	1.124	0.01938	-0.028	0.026	0.218	0.903	0.991	57.972	0.276	0.275
10.0	1.234	0.02096	-0.031	0.025	0.250	0.883	0.991	58.893	0.276	0.275
11.0	1.337	0.02363	-0.034	0.017	0.259	0.853	0.992	56.595	0.277	0.275
12.0	1.435	0.02631	-0.036	0.014	0.276	0.823	0.992	54.517	0.277	0.275
13.0	1.526	0.02950	-0.039	0.013	0.302	0.791	0.992	51.726	0.278	0.275
14.0	1.610	0.03331	-0.041	0.012	0.316	0.757	0.992	48.338	0.279	0.276
15.0	1.688	0.03772	-0.043	0.012	0.349	0.722	0.993	44.755	0.281	0.276
16.0	1.754	0.04312	-0.045	0.012	0.360	0.686	0.993	40.683	0.283	0.276
17.0	1.812	0.04942	-0.047	0.012	0.397	0.650	0.993	36.663	0.286	0.276
18.0	1.854	0.05999	-0.049	0.007	0.408	0.597	0.994	30.913	0.289	0.276
19.0	1.893	0.07044	-0.051	0.005	0.441	0.555	0.994	26.868	0.294	0.277
20.0	1.925	0.08105	-0.052	0.005	0.459	0.521	0.994	23.755	0.298	0.277

Name = NACA 0024
Mach = 0; Re = 6030000; T.U. = 1.0; T.L. = 1.0
Surface Finish = 2; Stall model = 0; Transition model = 1; Aspect Ratio = 0; ground effect = 0
?	Cl	Cd	Cm 0.25	T.U.	T.L.	S.U.	S.L.	L/D	A.C.	C.P.
[°]	[-]	[-]	[-]	[-]	[-]	[-]	[-]	[-]	[-]	[-]
-20.0	-1.927	0.08007	0.052	0.453	0.004	0.994	0.524	-24.064	0.298	0.277
-19.0	-1.894	0.06955	0.051	0.421	0.005	0.994	0.559	-27.229	0.295	0.277
-18.0	-1.855	0.05962	0.049	0.403	0.006	0.994	0.599	-31.117	0.289	0.276
-17.0	-1.810	0.05001	0.047	0.376	0.009	0.993	0.646	-36.196	0.286	0.276
-16.0	-1.755	0.04255	0.046	0.354	0.012	0.993	0.689	-41.252	0.283	0.276
-15.0	-1.689	0.03724	0.043	0.341	0.012	0.993	0.725	-45.359	0.281	0.276
-14.0	-1.612	0.03285	0.041	0.309	0.012	0.992	0.761	-49.067	0.279	0.276
-13.0	-1.527	0.02913	0.039	0.300	0.013	0.992	0.794	-52.417	0.278	0.275
-12.0	-1.436	0.02604	0.036	0.267	0.014	0.992	0.826	-55.126	0.277	0.275
-11.0	-1.338	0.02342	0.034	0.255	0.016	0.992	0.855	-57.126	0.277	0.275
-10.0	-1.234	0.02098	0.031	0.232	0.022	0.991	0.883	-58.832	0.276	0.275
-9.0	-1.124	0.01914	0.028	0.214	0.025	0.991	0.905	-58.734	0.276	0.275
-8.0	-1.008	0.01780	0.025	0.207	0.027	0.991	0.920	-56.649	0.275	0.275
-7.0	-0.890	0.01665	0.022	0.178	0.029	0.990	0.935	-53.453	0.275	0.275
-6.0	-0.768	0.01552	0.019	0.169	0.034	0.990	0.946	-49.450	0.275	0.275
-5.0	-0.643	0.01456	0.016	0.146	0.045	0.989	0.957	-44.184	0.275	0.275
-4.0	-0.517	0.01321	0.013	0.134	0.047	0.988	0.963	-39.135	0.275	0.275
-3.0	-0.389	0.01252	0.010	0.129	0.052	0.986	0.968	-31.061	0.275	0.275
-2.0	-0.260	0.01191	0.006	0.104	0.068	0.984	0.974	-21.833	0.275	0.275
-1.0	-0.130	0.01152	0.003	0.098	0.072	0.982	0.977	-11.305	0.275	0.275
0.0	0.000	0.01430	-0.000	0.081	0.081	0.979	0.979	0.000	0.275	0.250
1.0	0.130	0.01152	-0.003	0.072	0.098	0.977	0.982	11.307	0.275	0.275
2.0	0.260	0.01192	-0.006	0.068	0.104	0.974	0.984	21.812	0.275	0.275
3.0	0.389	0.01252	-0.010	0.052	0.129	0.968	0.986	31.052	0.275	0.275
4.0	0.517	0.01324	-0.013	0.047	0.134	0.962	0.988	39.026	0.275	0.275
5.0	0.643	0.01398	-0.016	0.045	0.146	0.956	0.990	46.002	0.275	0.275
6.0	0.768	0.01553	-0.019	0.034	0.169	0.946	0.990	49.438	0.275	0.275
7.0	0.890	0.01662	-0.022	0.029	0.178	0.935	0.990	53.542	0.275	0.275
8.0	1.008	0.01779	-0.025	0.027	0.207	0.920	0.991	56.678	0.275	0.275
9.0	1.124	0.01916	-0.028	0.025	0.214	0.905	0.991	58.684	0.276	0.275
10.0	1.234	0.02099	-0.031	0.022	0.232	0.883	0.991	58.799	0.276	0.275
11.0	1.338	0.02341	-0.034	0.016	0.255	0.855	0.992	57.144	0.277	0.275
12.0	1.436	0.02603	-0.036	0.014	0.267	0.826	0.992	55.150	0.277	0.275
13.0	1.527	0.02912	-0.039	0.013	0.300	0.794	0.992	52.440	0.278	0.275
14.0	1.612	0.03283	-0.041	0.012	0.309	0.761	0.992	49.087	0.279	0.276
15.0	1.689	0.03725	-0.043	0.012	0.341	0.725	0.993	45.347	0.281	0.276
16.0	1.755	0.04255	-0.046	0.012	0.354	0.689	0.993	41.254	0.283	0.276
17.0	1.810	0.05003	-0.047	0.009	0.376	0.646	0.993	36.180	0.286	0.276
18.0	1.855	0.05960	-0.049	0.006	0.403	0.598	0.994	31.122	0.289	0.276
19.0	1.894	0.06963	-0.051	0.005	0.421	0.559	0.994	27.201	0.295	0.277
20.0	1.927	0.08015	-0.052	0.004	0.453	0.524	0.994	24.041	0.298	0.277

Name = NACA 0024
Mach = 0; Re = 6430000; T.U. = 1.0; T.L. = 1.0
Surface Finish = 2; Stall model = 0; Transition model = 1; Aspect Ratio = 0; ground effect = 0
?	Cl	Cd	Cm 0.25	T.U.	T.L.	S.U.	S.L.	L/D	A.C.	C.P.
[°]	[-]	[-]	[-]	[-]	[-]	[-]	[-]	[-]	[-]	[-]
-20.0	-1.928	0.07926	0.052	0.449	0.004	0.994	0.528	-24.327	0.298	0.277
-19.0	-1.895	0.06905	0.051	0.411	0.004	0.994	0.561	-27.445	0.295	0.277
-18.0	-1.856	0.05928	0.049	0.399	0.005	0.994	0.600	-31.304	0.290	0.276
-17.0	-1.809	0.05052	0.047	0.364	0.007	0.993	0.643	-35.809	0.286	0.276
-16.0	-1.757	0.04194	0.046	0.351	0.012	0.993	0.694	-41.894	0.283	0.276
-15.0	-1.691	0.03674	0.043	0.322	0.012	0.993	0.730	-46.018	0.281	0.276
-14.0	-1.613	0.03246	0.041	0.305	0.012	0.993	0.764	-49.692	0.279	0.276
-13.0	-1.528	0.02876	0.039	0.293	0.013	0.992	0.798	-53.125	0.278	0.275
-12.0	-1.436	0.02574	0.036	0.262	0.013	0.992	0.829	-55.811	0.277	0.275
-11.0	-1.338	0.02318	0.034	0.253	0.015	0.992	0.858	-57.728	0.277	0.275
-10.0	-1.234	0.02093	0.031	0.224	0.019	0.991	0.883	-58.976	0.276	0.275
-9.0	-1.125	0.01894	0.028	0.211	0.025	0.991	0.907	-59.383	0.276	0.275
-8.0	-1.009	0.01767	0.025	0.195	0.026	0.991	0.922	-57.103	0.275	0.275
-7.0	-0.890	0.01652	0.022	0.174	0.028	0.990	0.936	-53.859	0.275	0.275
-6.0	-0.768	0.01545	0.019	0.168	0.032	0.990	0.946	-49.682	0.275	0.275
-5.0	-0.643	0.01442	0.016	0.141	0.044	0.989	0.957	-44.618	0.275	0.275
-4.0	-0.517	0.01306	0.013	0.132	0.047	0.989	0.963	-39.574	0.275	0.275
-3.0	-0.389	0.01247	0.010	0.117	0.051	0.986	0.969	-31.190	0.275	0.275
-2.0	-0.260	0.01174	0.006	0.102	0.068	0.985	0.975	-22.154	0.275	0.275
-1.0	-0.130	0.01142	0.003	0.097	0.071	0.982	0.978	-11.413	0.275	0.275
0.0	0.000	0.01413	-0.000	0.077	0.077	0.980	0.980	0.000	0.275	0.250
1.0	0.130	0.01141	-0.003	0.071	0.097	0.978	0.982	11.415	0.275	0.275
2.0	0.260	0.01179	-0.006	0.068	0.102	0.974	0.985	22.061	0.275	0.275
3.0	0.389	0.01247	-0.010	0.051	0.117	0.969	0.986	31.182	0.275	0.275
4.0	0.517	0.01306	-0.013	0.047	0.132	0.963	0.989	39.562	0.275	0.275
5.0	0.643	0.01442	-0.016	0.044	0.141	0.957	0.990	44.609	0.275	0.275
6.0	0.768	0.01546	-0.019	0.032	0.168	0.946	0.990	49.669	0.275	0.275
7.0	0.890	0.01650	-0.022	0.028	0.174	0.936	0.990	53.944	0.275	0.275
8.0	1.009	0.01766	-0.025	0.026	0.195	0.922	0.991	57.134	0.275	0.275
9.0	1.125	0.01892	-0.028	0.025	0.211	0.907	0.991	59.433	0.276	0.275
10.0	1.234	0.02097	-0.031	0.019	0.224	0.883	0.991	58.875	0.276	0.275
11.0	1.338	0.02321	-0.034	0.015	0.253	0.857	0.992	57.649	0.277	0.275
12.0	1.436	0.02573	-0.036	0.013	0.262	0.829	0.992	55.836	0.277	0.275
13.0	1.528	0.02875	-0.039	0.013	0.293	0.798	0.992	53.148	0.278	0.275
14.0	1.613	0.03244	-0.041	0.012	0.305	0.764	0.993	49.713	0.279	0.276
15.0	1.691	0.03672	-0.043	0.012	0.322	0.730	0.993	46.042	0.281	0.276
16.0	1.757	0.04194	-0.046	0.012	0.351	0.694	0.993	41.896	0.283	0.276
17.0	1.809	0.05054	-0.047	0.007	0.364	0.643	0.993	35.793	0.286	0.276
18.0	1.856	0.05930	-0.049	0.005	0.399	0.600	0.994	31.291	0.289	0.276
19.0	1.895	0.06907	-0.051	0.004	0.411	0.561	0.994	27.433	0.295	0.277
20.0	1.928	0.07929	-0.052	0.004	0.449	0.527	0.994	24.315	0.298	0.277


