Name = NACA 1408
Mach = 0; Re = 30000; T.U. = 1.0; T.L. = 1.0
Surface Finish = 2; Stall model = 0; Transition model = 1; Aspect Ratio = 0; ground effect = 0
?	Cl	Cd	Cm 0.25	T.U.	T.L.	S.U.	S.L.	L/D	A.C.	C.P.
[°]	[-]	[-]	[-]	[-]	[-]	[-]	[-]	[-]	[-]	[-]
-20.0	-0.319	0.97607	-0.003	0.981	0.002	0.990	0.003	-0.327	0.247	0.241
-19.0	-0.356	0.79760	-0.003	0.981	0.002	0.989	0.002	-0.446	0.247	0.241
-18.0	-0.395	0.68597	-0.003	0.980	0.002	0.989	0.002	-0.576	0.247	0.242
-17.0	-0.438	0.57131	-0.003	0.978	0.001	0.989	0.002	-0.767	0.245	0.242
-16.0	-0.484	0.46564	-0.004	0.977	0.001	0.988	0.002	-1.039	0.244	0.243
-15.0	-0.530	0.38735	-0.004	0.976	0.002	0.987	0.003	-1.367	0.242	0.243
-14.0	-0.574	0.33476	-0.004	0.974	0.002	0.986	0.004	-1.714	0.241	0.242
-13.0	-0.612	0.25867	-0.005	0.971	0.003	0.985	0.004	-2.367	0.241	0.242
-12.0	-0.641	0.21164	-0.005	0.967	0.004	0.984	0.004	-3.029	0.233	0.242
-11.0	-0.655	0.17510	-0.005	0.963	0.004	0.983	0.005	-3.743	0.186	0.242
-10.0	-0.651	0.13852	-0.006	0.959	0.004	0.982	0.005	-4.703	0.270	0.241
-9.0	-0.621	0.11553	-0.006	0.952	0.005	0.981	0.006	-5.372	0.260	0.240
-8.0	-0.570	0.09455	-0.006	0.943	0.005	0.980	0.006	-6.034	0.258	0.239
-7.0	-0.508	0.07711	-0.007	0.935	0.006	0.978	0.008	-6.593	0.258	0.236
-6.0	-0.436	0.06472	-0.007	0.920	0.007	0.977	0.009	-6.737	0.258	0.233
-5.0	-0.356	0.05582	-0.008	0.905	0.008	0.976	0.011	-6.371	0.266	0.227
-4.0	-0.270	0.04949	-0.010	0.881	0.018	0.975	0.026	-5.463	0.353	0.213
-3.0	-0.223	0.02543	-0.022	0.852	0.044	0.973	0.994	-8.779	0.327	0.152
-2.0	-0.108	0.02438	-0.023	0.815	0.578	0.973	0.991	-4.443	0.257	0.041
-1.0	0.008	0.02344	-0.023	0.765	0.722	0.975	0.987	0.324	0.257	3.345
0.0	0.123	0.02375	-0.024	0.702	0.819	0.977	0.983	5.198	0.258	0.447
1.0	0.239	0.02630	-0.025	0.617	0.877	0.979	0.982	9.099	0.258	0.356
2.0	0.355	0.02341	-0.026	0.500	0.912	0.982	0.982	15.153	0.258	0.324
3.0	0.469	0.02844	-0.027	0.401	0.935	0.981	0.983	16.480	0.258	0.308
4.0	0.580	0.02566	-0.028	0.023	0.949	0.990	0.985	22.609	0.080	0.298
5.0	0.552	0.05120	-0.013	0.009	0.961	0.018	0.987	10.779	-0.087	0.273
6.0	0.629	0.06018	-0.012	0.007	0.967	0.009	0.990	10.447	0.240	0.269
7.0	0.697	0.07158	-0.012	0.006	0.975	0.007	0.991	9.742	0.249	0.266
8.0	0.755	0.08679	-0.012	0.005	0.978	0.006	0.991	8.695	0.251	0.265
9.0	0.798	0.10486	-0.012	0.004	0.981	0.006	0.992	7.615	0.250	0.265
10.0	0.828	0.13160	-0.012	0.004	0.984	0.005	0.993	6.288	0.254	0.264
11.0	0.829	0.16348	-0.012	0.003	0.987	0.005	0.994	5.069	0.239	0.264
12.0	0.803	0.20200	-0.012	0.003	0.990	0.004	0.995	3.975	0.249	0.265
13.0	0.761	0.24750	-0.012	0.003	0.991	0.004	0.997	3.074	0.248	0.266
14.0	0.708	0.29573	-0.012	0.002	0.993	0.004	0.997	2.393	0.248	0.267
15.0	0.649	0.36655	-0.012	0.002	0.994	0.003	0.998	1.769	0.253	0.269
16.0	0.588	0.44975	-0.012	0.001	0.996	0.002	0.998	1.307	0.254	0.270
17.0	0.529	0.51540	-0.012	0.001	0.997	0.002	0.997	1.026	0.249	0.272
18.0	0.474	0.63672	-0.012	0.001	0.997	0.002	0.997	0.744	0.249	0.275
19.0	0.423	0.77261	-0.012	0.001	0.998	0.002	0.998	0.548	0.245	0.278
20.0	0.378	0.88105	-0.012	0.001	0.997	0.002	0.998	0.429	0.242	0.282

Name = NACA 1408
Mach = 0; Re = 430000; T.U. = 1.0; T.L. = 1.0
Surface Finish = 2; Stall model = 0; Transition model = 1; Aspect Ratio = 0; ground effect = 0
?	Cl	Cd	Cm 0.25	T.U.	T.L.	S.U.	S.L.	L/D	A.C.	C.P.
[°]	[-]	[-]	[-]	[-]	[-]	[-]	[-]	[-]	[-]	[-]
-20.0	-0.320	0.35198	-0.004	0.968	0.001	0.992	0.011	-0.909	0.246	0.238
-19.0	-0.356	0.31870	-0.004	0.965	0.001	0.992	0.010	-1.118	0.246	0.239
-18.0	-0.396	0.28043	-0.004	0.962	0.001	0.993	0.009	-1.412	0.246	0.239
-17.0	-0.439	0.25022	-0.004	0.959	0.001	0.993	0.008	-1.754	0.245	0.240
-16.0	-0.484	0.20714	-0.005	0.951	0.001	0.994	0.008	-2.338	0.245	0.241
-15.0	-0.530	0.17821	-0.005	0.941	0.002	0.995	0.008	-2.976	0.245	0.241
-14.0	-0.574	0.15421	-0.005	0.934	0.002	0.995	0.008	-3.725	0.246	0.241
-13.0	-0.613	0.12594	-0.005	0.917	0.003	0.995	0.007	-4.865	0.247	0.242
-12.0	-0.641	0.10739	-0.005	0.903	0.004	0.996	0.006	-5.971	0.238	0.242
-11.0	-0.656	0.09014	-0.006	0.879	0.004	0.997	0.007	-7.273	0.178	0.241
-10.0	-0.652	0.07862	-0.006	0.849	0.004	1.000	0.007	-8.290	0.272	0.241
-9.0	-0.621	0.06688	-0.006	0.813	0.005	1.000	0.008	-9.284	0.262	0.240
-8.0	-0.571	0.05778	-0.007	0.770	0.005	1.000	0.009	-9.881	0.260	0.238
-7.0	-0.509	0.05006	-0.008	0.718	0.006	1.000	0.012	-10.165	0.699	0.235
-6.0	-0.543	0.01452	-0.019	0.660	0.007	1.000	0.994	-37.423	0.442	0.214
-5.0	-0.443	0.01403	-0.020	0.596	0.008	1.000	0.996	-31.575	0.258	0.204
-4.0	-0.336	0.01470	-0.021	0.527	0.018	1.000	0.997	-22.824	0.258	0.187
-3.0	-0.223	0.01420	-0.022	0.455	0.039	1.000	0.997	-15.735	0.258	0.152
-2.0	-0.108	0.01367	-0.023	0.406	0.097	1.000	0.998	-7.932	0.258	0.040
-1.0	0.008	0.01321	-0.024	0.363	0.179	1.000	0.998	0.576	0.258	3.361
0.0	0.124	0.01311	-0.025	0.317	0.256	1.000	0.998	9.461	0.258	0.448
1.0	0.240	0.01310	-0.025	0.261	0.342	1.000	0.998	18.339	0.258	0.356
2.0	0.356	0.01341	-0.026	0.195	0.464	1.000	0.998	26.541	0.258	0.324
3.0	0.471	0.01426	-0.027	0.114	0.533	1.000	0.998	33.002	0.258	0.308
4.0	0.581	0.01417	-0.028	0.023	0.615	0.996	0.999	41.015	0.258	0.298
5.0	0.686	0.01489	-0.029	0.009	0.709	0.995	0.999	46.095	0.259	0.292
6.0	0.783	0.01576	-0.030	0.007	0.797	0.993	0.999	49.693	0.260	0.288
7.0	0.868	0.01673	-0.031	0.006	0.858	0.991	0.998	51.895	0.871	0.285
8.0	0.755	0.05579	-0.013	0.005	0.902	0.010	0.998	13.539	0.512	0.267
9.0	0.799	0.06448	-0.013	0.004	0.928	0.009	0.998	12.392	0.247	0.266
10.0	0.828	0.07615	-0.012	0.004	0.945	0.007	0.998	10.874	0.253	0.265
11.0	0.829	0.08942	-0.013	0.003	0.959	0.007	0.998	9.273	0.245	0.265
12.0	0.803	0.10325	-0.013	0.003	0.967	0.006	0.998	7.779	0.247	0.266
13.0	0.761	0.12028	-0.013	0.003	0.976	0.006	0.998	6.328	0.240	0.267
14.0	0.708	0.14552	-0.013	0.002	0.979	0.006	0.998	4.866	0.237	0.269
15.0	0.649	0.17136	-0.014	0.002	0.983	0.008	0.998	3.789	0.240	0.272
16.0	0.589	0.19865	-0.015	0.001	0.988	0.008	0.998	2.964	0.243	0.275
17.0	0.530	0.23736	-0.015	0.001	0.991	0.008	0.998	2.232	0.245	0.279
18.0	0.474	0.26636	-0.015	0.001	0.993	0.008	0.998	1.781	0.242	0.282
19.0	0.424	0.30861	-0.016	0.001	0.998	0.009	0.998	1.373	0.236	0.288
20.0	0.378	0.34282	-0.017	0.001	0.997	0.010	0.998	1.104	0.234	0.294

Name = NACA 1408
Mach = 0; Re = 830000; T.U. = 1.0; T.L. = 1.0
Surface Finish = 2; Stall model = 0; Transition model = 1; Aspect Ratio = 0; ground effect = 0
?	Cl	Cd	Cm 0.25	T.U.	T.L.	S.U.	S.L.	L/D	A.C.	C.P.
[°]	[-]	[-]	[-]	[-]	[-]	[-]	[-]	[-]	[-]	[-]
-20.0	-0.321	0.23804	-0.004	0.958	0.001	0.994	0.018	-1.347	0.244	0.237
-19.0	-0.357	0.21875	-0.004	0.950	0.001	0.995	0.017	-1.631	0.246	0.237
-18.0	-0.396	0.20575	-0.005	0.941	0.001	0.996	0.015	-1.927	0.247	0.238
-17.0	-0.439	0.18694	-0.005	0.934	0.001	0.996	0.013	-2.351	0.246	0.239
-16.0	-0.485	0.16769	-0.005	0.917	0.001	1.000	0.012	-2.891	0.246	0.240
-15.0	-0.531	0.15506	-0.005	0.903	0.001	1.000	0.012	-3.423	0.245	0.240
-14.0	-0.575	0.13448	-0.005	0.878	0.001	1.000	0.011	-4.274	0.244	0.241
-13.0	-0.613	0.11643	-0.006	0.847	0.002	1.000	0.011	-5.268	0.246	0.241
-12.0	-0.642	0.09688	-0.006	0.811	0.003	1.000	0.009	-6.623	0.239	0.241
-11.0	-0.656	0.08401	-0.006	0.767	0.004	1.000	0.010	-7.810	0.174	0.241
-10.0	-0.652	0.07285	-0.006	0.717	0.004	1.000	0.010	-8.954	0.274	0.240
-9.0	-0.621	0.06293	-0.007	0.664	0.005	1.000	0.012	-9.875	0.276	0.239
-8.0	-0.573	0.05493	-0.009	0.609	0.005	1.000	0.025	-10.436	-0.720	0.235
-7.0	-0.633	0.01418	-0.019	0.553	0.006	1.000	0.993	-44.683	0.615	0.221
-6.0	-0.543	0.01358	-0.019	0.490	0.007	1.000	0.996	-40.003	0.259	0.214
-5.0	-0.443	0.01312	-0.020	0.431	0.008	1.000	0.998	-33.791	0.258	0.204
-4.0	-0.336	0.01360	-0.021	0.397	0.016	1.000	0.997	-24.676	0.258	0.187
-3.0	-0.223	0.01317	-0.022	0.357	0.024	1.000	0.998	-16.968	0.258	0.152
-2.0	-0.108	0.01272	-0.023	0.316	0.060	1.000	0.998	-8.526	0.258	0.040
-1.0	0.008	0.01246	-0.024	0.271	0.113	1.000	0.998	0.611	0.258	3.361
0.0	0.124	0.01241	-0.025	0.224	0.168	1.000	0.998	9.991	0.258	0.448
1.0	0.240	0.01260	-0.025	0.173	0.224	1.000	0.998	19.064	0.258	0.356
2.0	0.356	0.01304	-0.026	0.115	0.283	1.000	0.999	27.313	0.258	0.324
3.0	0.471	0.01370	-0.027	0.055	0.354	1.000	0.999	34.342	0.258	0.308
4.0	0.581	0.01447	-0.028	0.020	0.451	1.000	0.999	40.196	0.258	0.298
5.0	0.686	0.01389	-0.029	0.009	0.504	0.997	0.999	49.431	0.259	0.292
6.0	0.783	0.01468	-0.030	0.007	0.565	0.995	0.999	53.373	0.260	0.288
7.0	0.869	0.01566	-0.031	0.005	0.637	0.993	0.999	55.475	0.261	0.285
8.0	0.940	0.01520	-0.032	0.005	0.720	0.989	0.999	61.822	0.478	0.284
9.0	0.802	0.06102	-0.016	0.004	0.802	0.025	0.999	13.150	0.414	0.269
10.0	0.829	0.07073	-0.014	0.004	0.867	0.011	0.999	11.717	0.179	0.266
11.0	0.830	0.08169	-0.014	0.003	0.908	0.010	0.999	10.158	0.242	0.266
12.0	0.804	0.09507	-0.014	0.003	0.935	0.009	0.999	8.455	0.244	0.267
13.0	0.762	0.10877	-0.014	0.002	0.952	0.009	0.999	7.003	0.239	0.269
14.0	0.709	0.12646	-0.015	0.002	0.962	0.010	0.998	5.604	0.240	0.271
15.0	0.650	0.14851	-0.015	0.001	0.973	0.011	0.998	4.375	0.239	0.274
16.0	0.589	0.16898	-0.016	0.001	0.978	0.012	0.998	3.488	0.237	0.277
17.0	0.531	0.18611	-0.017	0.001	0.982	0.014	0.998	2.850	0.238	0.282
18.0	0.475	0.20730	-0.017	0.001	0.988	0.015	0.998	2.293	0.239	0.287
19.0	0.425	0.22668	-0.018	0.001	0.992	0.015	0.998	1.873	0.238	0.292
20.0	0.379	0.24739	-0.019	0.001	0.997	0.017	0.998	1.532	0.235	0.299

Name = NACA 1408
Mach = 0; Re = 1230000; T.U. = 1.0; T.L. = 1.0
Surface Finish = 2; Stall model = 0; Transition model = 1; Aspect Ratio = 0; ground effect = 0
?	Cl	Cd	Cm 0.25	T.U.	T.L.	S.U.	S.L.	L/D	A.C.	C.P.
[°]	[-]	[-]	[-]	[-]	[-]	[-]	[-]	[-]	[-]	[-]
-20.0	-0.321	0.22562	-0.004	0.940	0.001	0.997	0.022	-1.423	0.243	0.236
-19.0	-0.357	0.20752	-0.005	0.933	0.001	1.000	0.021	-1.721	0.245	0.237
-18.0	-0.397	0.19097	-0.005	0.915	0.001	1.000	0.019	-2.078	0.246	0.238
-17.0	-0.440	0.17663	-0.005	0.897	0.001	1.000	0.017	-2.491	0.245	0.239
-16.0	-0.485	0.15798	-0.005	0.874	0.001	1.000	0.016	-3.072	0.245	0.239
-15.0	-0.531	0.14514	-0.006	0.841	0.001	1.000	0.016	-3.661	0.245	0.240
-14.0	-0.575	0.12820	-0.006	0.802	0.001	1.000	0.014	-4.488	0.243	0.240
-13.0	-0.614	0.10856	-0.006	0.758	0.002	1.000	0.016	-5.657	0.238	0.240
-12.0	-0.643	0.09410	-0.007	0.709	0.002	1.000	0.017	-6.834	0.234	0.240
-11.0	-0.657	0.08078	-0.007	0.659	0.004	1.000	0.016	-8.135	0.163	0.240
-10.0	-0.654	0.07048	-0.007	0.608	0.004	1.000	0.021	-9.279	0.310	0.239
-9.0	-0.625	0.06076	-0.009	0.555	0.004	1.000	0.035	-10.288	0.068	0.236
-8.0	-0.710	0.01350	-0.018	0.503	0.004	1.000	0.988	-52.603	-0.920	0.225
-7.0	-0.634	0.01370	-0.019	0.445	0.005	1.000	0.994	-46.243	0.260	0.221
-6.0	-0.543	0.01299	-0.019	0.406	0.006	1.000	0.997	-41.828	0.259	0.214
-5.0	-0.443	0.01367	-0.020	0.369	0.007	1.000	0.998	-32.421	0.258	0.204
-4.0	-0.336	0.01303	-0.021	0.341	0.011	1.000	0.998	-25.754	0.258	0.187
-3.0	-0.223	0.01257	-0.022	0.302	0.021	1.000	0.998	-17.776	0.258	0.152
-2.0	-0.108	0.01225	-0.023	0.260	0.043	1.000	0.998	-8.852	0.258	0.040
-1.0	0.008	0.01203	-0.024	0.218	0.084	1.000	0.998	0.633	0.258	3.361
0.0	0.124	0.01205	-0.025	0.175	0.130	1.000	0.998	10.287	0.258	0.448
1.0	0.240	0.01226	-0.025	0.129	0.175	1.000	0.998	19.594	0.258	0.356
2.0	0.356	0.01264	-0.026	0.080	0.223	1.000	0.999	28.163	0.258	0.324
3.0	0.471	0.01327	-0.027	0.036	0.272	1.000	0.999	35.451	0.258	0.308
4.0	0.581	0.01396	-0.028	0.017	0.327	1.000	0.999	41.645	0.258	0.298
5.0	0.687	0.01330	-0.029	0.008	0.403	1.000	0.999	51.649	0.259	0.292
6.0	0.784	0.01405	-0.030	0.006	0.463	0.996	0.999	55.784	0.260	0.288
7.0	0.869	0.01493	-0.031	0.005	0.512	0.995	0.999	58.208	0.261	0.285
8.0	0.940	0.01617	-0.032	0.004	0.569	0.991	0.999	58.138	0.264	0.284
9.0	0.992	0.02002	-0.033	0.004	0.634	0.978	0.999	49.567	0.386	0.283
10.0	0.834	0.06793	-0.017	0.003	0.711	0.036	0.999	12.279	0.353	0.271
11.0	0.832	0.07948	-0.016	0.003	0.792	0.021	0.999	10.469	0.326	0.269
12.0	0.805	0.09114	-0.015	0.003	0.858	0.014	0.999	8.832	0.251	0.269
13.0	0.763	0.10706	-0.016	0.002	0.907	0.016	0.999	7.128	0.240	0.271
14.0	0.710	0.12437	-0.016	0.001	0.936	0.015	0.998	5.706	0.243	0.273
15.0	0.651	0.13908	-0.017	0.001	0.955	0.016	0.999	4.678	0.241	0.276
16.0	0.590	0.16283	-0.017	0.001	0.965	0.016	0.999	3.623	0.241	0.279
17.0	0.531	0.17420	-0.018	0.001	0.976	0.018	0.998	3.048	0.239	0.283
18.0	0.476	0.19220	-0.018	0.001	0.980	0.019	0.998	2.475	0.240	0.289
19.0	0.425	0.21381	-0.019	0.001	0.986	0.019	0.998	1.988	0.239	0.294
20.0	0.379	0.23606	-0.019	0.001	0.992	0.021	0.998	1.607	0.236	0.301

Name = NACA 1408
Mach = 0; Re = 1630000; T.U. = 1.0; T.L. = 1.0
Surface Finish = 2; Stall model = 0; Transition model = 1; Aspect Ratio = 0; ground effect = 0
?	Cl	Cd	Cm 0.25	T.U.	T.L.	S.U.	S.L.	L/D	A.C.	C.P.
[°]	[-]	[-]	[-]	[-]	[-]	[-]	[-]	[-]	[-]	[-]
-20.0	-0.321	0.21673	-0.004	0.919	0.001	1.000	0.023	-1.482	0.243	0.236
-19.0	-0.357	0.20337	-0.005	0.905	0.001	1.000	0.023	-1.757	0.244	0.237
-18.0	-0.397	0.18324	-0.005	0.878	0.001	1.000	0.021	-2.167	0.245	0.238
-17.0	-0.440	0.17622	-0.005	0.846	0.001	1.000	0.020	-2.498	0.245	0.238
-16.0	-0.486	0.15418	-0.005	0.808	0.001	1.000	0.019	-3.149	0.245	0.239
-15.0	-0.532	0.13845	-0.006	0.765	0.001	1.000	0.018	-3.840	0.245	0.239
-14.0	-0.576	0.12340	-0.006	0.718	0.001	1.000	0.017	-4.665	0.241	0.240
-13.0	-0.615	0.10537	-0.006	0.670	0.002	1.000	0.019	-5.834	0.237	0.240
-12.0	-0.644	0.09219	-0.007	0.621	0.002	1.000	0.021	-6.981	0.230	0.239
-11.0	-0.658	0.07804	-0.007	0.572	0.004	1.000	0.023	-8.434	0.130	0.239
-10.0	-0.656	0.06827	-0.008	0.523	0.004	1.000	0.036	-9.616	0.371	0.237
-9.0	-0.633	0.05625	-0.010	0.472	0.004	1.000	0.084	-11.247	0.077	0.234
-8.0	-0.711	0.01420	-0.018	0.425	0.004	1.000	0.992	-50.063	-7.731	0.225
-7.0	-0.634	0.01319	-0.019	0.398	0.005	1.000	0.995	-48.054	0.260	0.221
-6.0	-0.544	0.01258	-0.019	0.361	0.006	1.000	0.997	-43.205	0.259	0.214
-5.0	-0.443	0.01314	-0.020	0.330	0.007	1.000	0.998	-33.725	0.258	0.204
-4.0	-0.336	0.01256	-0.021	0.299	0.010	1.000	0.998	-26.713	0.258	0.187
-3.0	-0.223	0.01223	-0.022	0.260	0.019	1.000	0.998	-18.261	0.258	0.152
-2.0	-0.108	0.01195	-0.023	0.221	0.037	1.000	0.998	-9.074	0.258	0.040
-1.0	0.008	0.01177	-0.024	0.183	0.067	1.000	0.998	0.646	0.258	3.361
0.0	0.124	0.01181	-0.025	0.144	0.106	1.000	0.998	10.501	0.258	0.448
1.0	0.240	0.01201	-0.025	0.102	0.146	1.000	0.998	20.006	0.258	0.356
2.0	0.356	0.01237	-0.026	0.061	0.187	1.000	0.999	28.791	0.258	0.324
3.0	0.471	0.01290	-0.027	0.030	0.229	1.000	0.999	36.462	0.258	0.308
4.0	0.581	0.01350	-0.028	0.016	0.274	1.000	0.999	43.084	0.258	0.298
5.0	0.687	0.01428	-0.029	0.008	0.322	1.000	0.999	48.091	0.259	0.292
6.0	0.784	0.01358	-0.030	0.006	0.388	0.997	0.999	57.700	0.260	0.288
7.0	0.869	0.01443	-0.031	0.005	0.452	0.995	0.999	60.241	0.261	0.285
8.0	0.940	0.01561	-0.032	0.004	0.491	0.992	0.999	60.242	0.264	0.284
9.0	0.994	0.01531	-0.033	0.004	0.539	0.985	0.999	64.895	0.260	0.283
10.0	0.996	0.02367	-0.032	0.003	0.596	0.819	0.999	42.062	0.344	0.282
11.0	0.835	0.07675	-0.018	0.003	0.660	0.036	0.999	10.882	0.334	0.271
12.0	0.806	0.08971	-0.016	0.003	0.729	0.021	0.999	8.988	0.265	0.270
13.0	0.764	0.10488	-0.017	0.002	0.806	0.021	0.999	7.284	0.248	0.272
14.0	0.710	0.12107	-0.017	0.001	0.875	0.018	0.999	5.865	0.246	0.273
15.0	0.651	0.13835	-0.017	0.001	0.917	0.019	0.999	4.706	0.242	0.276
16.0	0.590	0.15362	-0.017	0.001	0.944	0.019	0.999	3.842	0.241	0.280
17.0	0.531	0.16992	-0.018	0.001	0.961	0.020	0.998	3.127	0.239	0.284
18.0	0.476	0.18332	-0.019	0.001	0.972	0.021	0.998	2.596	0.241	0.289
19.0	0.425	0.20446	-0.019	0.001	0.979	0.021	0.999	2.079	0.240	0.295
20.0	0.380	0.22167	-0.020	0.001	0.985	0.022	0.998	1.712	0.238	0.302

Name = NACA 1408
Mach = 0; Re = 2030000; T.U. = 1.0; T.L. = 1.0
Surface Finish = 2; Stall model = 0; Transition model = 1; Aspect Ratio = 0; ground effect = 0
?	Cl	Cd	Cm 0.25	T.U.	T.L.	S.U.	S.L.	L/D	A.C.	C.P.
[°]	[-]	[-]	[-]	[-]	[-]	[-]	[-]	[-]	[-]	[-]
-20.0	-0.321	0.21694	-0.005	0.889	0.001	1.000	0.025	-1.481	0.243	0.236
-19.0	-0.357	0.20118	-0.005	0.863	0.001	1.000	0.024	-1.777	0.244	0.237
-18.0	-0.397	0.18085	-0.005	0.829	0.001	1.000	0.023	-2.197	0.245	0.237
-17.0	-0.440	0.16544	-0.005	0.788	0.001	1.000	0.021	-2.661	0.245	0.238
-16.0	-0.486	0.15063	-0.005	0.744	0.001	1.000	0.021	-3.225	0.244	0.239
-15.0	-0.532	0.13493	-0.006	0.698	0.001	1.000	0.019	-3.942	0.245	0.239
-14.0	-0.576	0.12266	-0.006	0.653	0.001	1.000	0.018	-4.695	0.241	0.240
-13.0	-0.615	0.10383	-0.006	0.607	0.001	1.000	0.022	-5.923	0.236	0.239
-12.0	-0.644	0.09197	-0.007	0.559	0.002	1.000	0.024	-7.003	0.222	0.239
-11.0	-0.660	0.07721	-0.008	0.512	0.003	1.000	0.031	-8.544	0.117	0.238
-10.0	-0.659	0.06617	-0.009	0.463	0.004	1.000	0.050	-9.957	0.151	0.236
-9.0	-0.746	0.01933	-0.016	0.420	0.004	1.000	0.817	-38.596	0.080	0.228
-8.0	-0.711	0.01375	-0.018	0.397	0.004	1.000	0.993	-51.699	0.270	0.225
-7.0	-0.634	0.01289	-0.019	0.359	0.005	1.000	0.995	-49.147	0.260	0.221
-6.0	-0.544	0.01344	-0.019	0.329	0.006	1.000	0.998	-40.448	0.259	0.214
-5.0	-0.443	0.01280	-0.020	0.300	0.006	1.000	0.998	-34.638	0.258	0.204
-4.0	-0.336	0.01230	-0.021	0.262	0.010	1.000	0.998	-27.296	0.258	0.187
-3.0	-0.223	0.01193	-0.022	0.228	0.018	1.000	0.998	-18.722	0.258	0.152
-2.0	-0.108	0.01169	-0.023	0.196	0.033	1.000	0.998	-9.279	0.258	0.040
-1.0	0.008	0.01151	-0.024	0.163	0.058	1.000	0.998	0.661	0.258	3.361
0.0	0.124	0.01156	-0.025	0.125	0.092	1.000	0.998	10.725	0.258	0.448
1.0	0.240	0.01176	-0.025	0.085	0.130	1.000	0.998	20.428	0.258	0.356
2.0	0.356	0.01211	-0.026	0.050	0.168	1.000	0.999	29.403	0.258	0.324
3.0	0.471	0.01262	-0.027	0.022	0.206	1.000	0.999	37.298	0.258	0.308
4.0	0.581	0.01314	-0.028	0.014	0.243	1.000	0.999	44.234	0.258	0.298
5.0	0.687	0.01390	-0.029	0.007	0.283	1.000	0.999	49.427	0.259	0.292
6.0	0.784	0.01330	-0.030	0.006	0.327	1.000	0.999	58.957	0.260	0.288
7.0	0.869	0.01406	-0.031	0.005	0.386	0.996	0.999	61.841	0.261	0.285
8.0	0.941	0.01509	-0.032	0.004	0.449	0.993	0.999	62.321	0.264	0.284
9.0	0.994	0.01488	-0.033	0.004	0.480	0.988	0.999	66.800	0.268	0.283
10.0	1.023	0.02100	-0.033	0.003	0.523	0.949	0.999	48.687	0.332	0.282
11.0	0.841	0.07306	-0.020	0.003	0.574	0.065	0.999	11.515	0.320	0.274
12.0	0.810	0.08668	-0.018	0.002	0.631	0.038	0.999	9.341	0.289	0.273
13.0	0.764	0.10197	-0.017	0.001	0.698	0.023	0.999	7.495	0.265	0.272
14.0	0.710	0.11785	-0.017	0.001	0.766	0.020	0.999	6.028	0.247	0.274
15.0	0.651	0.13536	-0.017	0.001	0.842	0.020	0.999	4.811	0.243	0.277
16.0	0.591	0.14882	-0.018	0.001	0.903	0.020	0.999	3.968	0.241	0.280
17.0	0.532	0.16707	-0.018	0.001	0.937	0.022	0.999	3.182	0.239	0.285
18.0	0.476	0.18153	-0.019	0.001	0.958	0.023	0.999	2.623	0.242	0.290
19.0	0.425	0.20252	-0.019	0.001	0.971	0.022	0.999	2.100	0.241	0.295
20.0	0.380	0.21546	-0.020	0.001	0.979	0.023	0.998	1.762	0.239	0.302

Name = NACA 1408
Mach = 0; Re = 2430000; T.U. = 1.0; T.L. = 1.0
Surface Finish = 2; Stall model = 0; Transition model = 1; Aspect Ratio = 0; ground effect = 0
?	Cl	Cd	Cm 0.25	T.U.	T.L.	S.U.	S.L.	L/D	A.C.	C.P.
[°]	[-]	[-]	[-]	[-]	[-]	[-]	[-]	[-]	[-]	[-]
-20.0	-0.321	0.21218	-0.005	0.849	0.001	1.000	0.026	-1.514	0.243	0.236
-19.0	-0.358	0.19572	-0.005	0.812	0.001	1.000	0.025	-1.827	0.244	0.237
-18.0	-0.397	0.17817	-0.005	0.770	0.001	1.000	0.024	-2.230	0.244	0.237
-17.0	-0.440	0.16742	-0.005	0.725	0.001	1.000	0.022	-2.631	0.244	0.238
-16.0	-0.486	0.14816	-0.006	0.681	0.001	1.000	0.022	-3.280	0.244	0.239
-15.0	-0.532	0.13588	-0.006	0.636	0.001	1.000	0.021	-3.916	0.244	0.239
-14.0	-0.576	0.11880	-0.006	0.595	0.001	1.000	0.019	-4.849	0.241	0.240
-13.0	-0.615	0.10383	-0.007	0.555	0.001	1.000	0.023	-5.926	0.236	0.239
-12.0	-0.644	0.08952	-0.007	0.509	0.002	1.000	0.025	-7.196	0.216	0.239
-11.0	-0.661	0.07582	-0.008	0.461	0.003	1.000	0.041	-8.720	0.108	0.238
-10.0	-0.662	0.06366	-0.010	0.420	0.004	1.000	0.072	-10.405	0.170	0.236
-9.0	-0.771	0.01687	-0.017	0.398	0.004	1.000	0.975	-45.684	0.082	0.228
-8.0	-0.711	0.01348	-0.018	0.361	0.004	1.000	0.993	-52.762	0.262	0.225
-7.0	-0.634	0.01255	-0.019	0.336	0.005	1.000	0.996	-50.484	0.260	0.221
-6.0	-0.544	0.01314	-0.019	0.304	0.006	1.000	0.998	-41.376	0.259	0.214
-5.0	-0.443	0.01261	-0.020	0.269	0.006	1.000	0.998	-35.142	0.258	0.204
-4.0	-0.336	0.01203	-0.021	0.242	0.009	1.000	0.998	-27.897	0.258	0.187
-3.0	-0.223	0.01171	-0.022	0.210	0.017	1.000	0.998	-19.071	0.258	0.152
-2.0	-0.108	0.01149	-0.023	0.175	0.029	1.000	0.998	-9.444	0.258	0.040
-1.0	0.008	0.01136	-0.024	0.141	0.051	1.000	0.998	0.670	0.258	3.361
0.0	0.124	0.01137	-0.025	0.107	0.080	1.000	0.998	10.909	0.258	0.448
1.0	0.240	0.01155	-0.025	0.073	0.113	1.000	0.998	20.795	0.258	0.356
2.0	0.356	0.01190	-0.026	0.041	0.146	1.000	0.999	29.918	0.258	0.324
3.0	0.471	0.01239	-0.027	0.020	0.181	1.000	0.999	37.983	0.258	0.308
4.0	0.581	0.01289	-0.028	0.012	0.218	1.000	0.999	45.101	0.258	0.298
5.0	0.687	0.01356	-0.029	0.007	0.257	1.000	0.999	50.657	0.259	0.292
6.0	0.784	0.01444	-0.030	0.005	0.299	1.000	0.999	54.295	0.260	0.288
7.0	0.869	0.01377	-0.031	0.004	0.338	0.997	0.999	63.146	0.261	0.285
8.0	0.941	0.01478	-0.032	0.004	0.396	0.994	0.999	63.638	0.264	0.284
9.0	0.995	0.01607	-0.033	0.004	0.449	0.990	0.999	61.909	0.269	0.283
10.0	1.026	0.02037	-0.033	0.003	0.477	0.964	0.999	50.339	0.316	0.282
11.0	0.859	0.06455	-0.024	0.003	0.518	0.151	0.999	13.310	0.317	0.277
12.0	0.811	0.08526	-0.019	0.002	0.567	0.044	0.999	9.512	0.318	0.273
13.0	0.765	0.10188	-0.017	0.001	0.619	0.024	0.999	7.505	0.268	0.272
14.0	0.711	0.11795	-0.017	0.001	0.677	0.021	0.999	6.025	0.247	0.274
15.0	0.651	0.13191	-0.018	0.001	0.746	0.021	0.999	4.939	0.243	0.277
16.0	0.591	0.14645	-0.018	0.001	0.815	0.021	0.999	4.033	0.241	0.280
17.0	0.532	0.16306	-0.019	0.001	0.884	0.023	0.999	3.261	0.240	0.285
18.0	0.476	0.17834	-0.019	0.001	0.933	0.023	0.999	2.671	0.240	0.290
19.0	0.426	0.19791	-0.020	0.001	0.958	0.024	0.999	2.150	0.240	0.296
20.0	0.380	0.21558	-0.020	0.001	0.970	0.025	0.999	1.762	0.240	0.303

Name = NACA 1408
Mach = 0; Re = 2830000; T.U. = 1.0; T.L. = 1.0
Surface Finish = 2; Stall model = 0; Transition model = 1; Aspect Ratio = 0; ground effect = 0
?	Cl	Cd	Cm 0.25	T.U.	T.L.	S.U.	S.L.	L/D	A.C.	C.P.
[°]	[-]	[-]	[-]	[-]	[-]	[-]	[-]	[-]	[-]	[-]
-20.0	-0.321	0.21085	-0.005	0.805	0.001	1.000	0.028	-1.525	0.244	0.236
-19.0	-0.358	0.19288	-0.005	0.762	0.001	1.000	0.026	-1.854	0.244	0.236
-18.0	-0.397	0.17415	-0.005	0.719	0.001	1.000	0.024	-2.282	0.244	0.237
-17.0	-0.441	0.16214	-0.005	0.674	0.001	1.000	0.023	-2.717	0.244	0.238
-16.0	-0.486	0.14788	-0.006	0.631	0.001	1.000	0.023	-3.287	0.244	0.238
-15.0	-0.532	0.13487	-0.006	0.591	0.001	1.000	0.022	-3.946	0.244	0.239
-14.0	-0.576	0.11848	-0.006	0.555	0.001	1.000	0.021	-4.863	0.241	0.239
-13.0	-0.615	0.10102	-0.007	0.509	0.001	1.000	0.024	-6.091	0.236	0.239
-12.0	-0.644	0.08909	-0.007	0.464	0.002	1.000	0.026	-7.233	0.215	0.239
-11.0	-0.662	0.07536	-0.008	0.424	0.002	1.000	0.044	-8.780	0.111	0.238
-10.0	-0.668	0.06025	-0.010	0.400	0.003	1.000	0.106	-11.085	0.171	0.235
-9.0	-0.772	0.01318	-0.017	0.364	0.004	1.000	0.983	-58.585	0.079	0.228
-8.0	-0.711	0.01314	-0.018	0.347	0.004	1.000	0.994	-54.105	0.262	0.225
-7.0	-0.634	0.01235	-0.019	0.309	0.005	1.000	0.996	-51.341	0.260	0.221
-6.0	-0.544	0.01287	-0.019	0.280	0.005	1.000	0.998	-42.233	0.259	0.214
-5.0	-0.443	0.01234	-0.020	0.254	0.006	1.000	0.998	-35.926	0.258	0.204
-4.0	-0.336	0.01183	-0.021	0.218	0.009	1.000	0.998	-28.382	0.258	0.187
-3.0	-0.223	0.01152	-0.022	0.189	0.016	1.000	0.998	-19.395	0.258	0.152
-2.0	-0.108	0.01128	-0.023	0.164	0.024	1.000	0.998	-9.618	0.258	0.040
-1.0	0.008	0.01115	-0.024	0.131	0.045	1.000	0.998	0.682	0.258	3.361
0.0	0.124	0.01121	-0.025	0.098	0.073	1.000	0.998	11.062	0.258	0.448
1.0	0.240	0.01140	-0.025	0.065	0.103	1.000	0.998	21.081	0.258	0.356
2.0	0.356	0.01169	-0.026	0.037	0.135	1.000	0.999	30.458	0.258	0.324
3.0	0.471	0.01211	-0.027	0.019	0.169	1.000	0.999	38.857	0.258	0.308
4.0	0.581	0.01266	-0.028	0.010	0.203	1.000	0.999	45.936	0.258	0.298
5.0	0.687	0.01337	-0.029	0.006	0.233	1.000	0.999	51.388	0.259	0.292
6.0	0.784	0.01415	-0.030	0.005	0.268	1.000	0.999	55.411	0.260	0.288
7.0	0.870	0.01350	-0.031	0.004	0.307	0.997	0.999	64.397	0.261	0.285
8.0	0.941	0.01451	-0.032	0.004	0.352	0.995	0.999	64.827	0.264	0.284
9.0	0.995	0.01570	-0.033	0.004	0.403	0.991	0.999	63.360	0.269	0.283
10.0	1.027	0.01981	-0.033	0.003	0.452	0.972	0.999	51.850	0.288	0.282
11.0	0.943	0.03439	-0.031	0.003	0.480	0.557	0.999	27.425	0.318	0.282
12.0	0.810	0.08620	-0.019	0.002	0.519	0.040	0.999	9.398	0.324	0.273
13.0	0.765	0.10060	-0.017	0.001	0.566	0.026	0.999	7.605	0.263	0.273
14.0	0.711	0.11615	-0.017	0.001	0.616	0.022	0.999	6.120	0.248	0.274
15.0	0.652	0.13039	-0.018	0.001	0.670	0.022	0.999	4.997	0.243	0.277
16.0	0.591	0.14582	-0.018	0.001	0.732	0.022	0.999	4.052	0.242	0.281
17.0	0.532	0.15880	-0.019	0.001	0.802	0.023	0.999	3.349	0.239	0.285
18.0	0.476	0.17631	-0.019	0.001	0.874	0.025	0.999	2.703	0.238	0.291
19.0	0.426	0.19380	-0.020	0.001	0.928	0.026	0.999	2.197	0.239	0.297
20.0	0.380	0.21240	-0.020	0.001	0.958	0.027	0.999	1.789	0.240	0.304

Name = NACA 1408
Mach = 0; Re = 3230000; T.U. = 1.0; T.L. = 1.0
Surface Finish = 2; Stall model = 0; Transition model = 1; Aspect Ratio = 0; ground effect = 0
?	Cl	Cd	Cm 0.25	T.U.	T.L.	S.U.	S.L.	L/D	A.C.	C.P.
[°]	[-]	[-]	[-]	[-]	[-]	[-]	[-]	[-]	[-]	[-]
-20.0	-0.322	0.20497	-0.005	0.760	0.001	1.000	0.029	-1.569	0.244	0.235
-19.0	-0.358	0.19203	-0.005	0.716	0.001	1.000	0.027	-1.863	0.244	0.236
-18.0	-0.397	0.17670	-0.005	0.673	0.001	1.000	0.025	-2.250	0.245	0.237
-17.0	-0.441	0.16066	-0.005	0.632	0.000	1.000	0.024	-2.742	0.244	0.238
-16.0	-0.486	0.14394	-0.006	0.595	0.001	1.000	0.023	-3.377	0.244	0.238
-15.0	-0.532	0.13285	-0.006	0.557	0.001	1.000	0.023	-4.006	0.244	0.239
-14.0	-0.576	0.11858	-0.006	0.513	0.001	1.000	0.022	-4.860	0.241	0.239
-13.0	-0.615	0.10091	-0.007	0.471	0.001	1.000	0.025	-6.099	0.235	0.239
-12.0	-0.645	0.08874	-0.007	0.434	0.001	1.000	0.028	-7.265	0.214	0.239
-11.0	-0.662	0.07517	-0.008	0.405	0.002	1.000	0.046	-8.806	0.122	0.237
-10.0	-0.676	0.05565	-0.011	0.372	0.003	1.000	0.155	-12.143	0.172	0.233
-9.0	-0.773	0.01286	-0.017	0.351	0.004	1.000	0.988	-60.103	0.063	0.228
-8.0	-0.711	0.01297	-0.018	0.317	0.004	1.000	0.994	-54.827	0.262	0.225
-7.0	-0.634	0.01214	-0.019	0.298	0.005	1.000	0.997	-52.227	0.260	0.221
-6.0	-0.544	0.01274	-0.019	0.261	0.005	1.000	0.998	-42.682	0.259	0.214
-5.0	-0.443	0.01215	-0.020	0.232	0.006	1.000	0.998	-36.478	0.258	0.204
-4.0	-0.336	0.01164	-0.021	0.208	0.008	1.000	0.998	-28.843	0.258	0.187
-3.0	-0.223	0.01133	-0.022	0.175	0.015	1.000	0.998	-19.725	0.258	0.152
-2.0	-0.108	0.01115	-0.023	0.145	0.023	1.000	0.998	-9.728	0.258	0.040
-1.0	0.008	0.01107	-0.024	0.116	0.041	1.000	0.998	0.687	0.258	3.361
0.0	0.124	0.01102	-0.025	0.088	0.068	1.000	0.998	11.249	0.258	0.448
1.0	0.240	0.01120	-0.025	0.058	0.097	1.000	0.998	21.458	0.258	0.356
2.0	0.356	0.01150	-0.026	0.034	0.126	1.000	0.999	30.962	0.258	0.324
3.0	0.471	0.01192	-0.027	0.018	0.153	1.000	0.999	39.465	0.258	0.308
4.0	0.581	0.01246	-0.028	0.010	0.183	1.000	0.999	46.672	0.258	0.298
5.0	0.687	0.01312	-0.029	0.006	0.217	1.000	0.999	52.369	0.259	0.292
6.0	0.784	0.01385	-0.030	0.005	0.254	1.000	0.999	56.594	0.260	0.288
7.0	0.870	0.01324	-0.031	0.004	0.287	1.000	0.999	65.696	0.261	0.285
8.0	0.941	0.01428	-0.032	0.004	0.319	0.995	0.999	65.903	0.264	0.284
9.0	0.995	0.01543	-0.033	0.004	0.364	0.991	0.999	64.487	0.269	0.283
10.0	1.028	0.01934	-0.033	0.003	0.411	0.977	0.999	53.190	-0.251	0.282
11.0	0.994	0.02441	-0.033	0.003	0.455	0.804	0.999	40.721	0.317	0.283
12.0	0.811	0.08519	-0.019	0.001	0.489	0.042	0.999	9.515	0.316	0.273
13.0	0.766	0.10012	-0.018	0.001	0.524	0.029	0.999	7.646	0.264	0.273
14.0	0.711	0.11420	-0.017	0.001	0.569	0.023	0.999	6.226	0.250	0.274
15.0	0.652	0.12836	-0.018	0.001	0.618	0.023	0.999	5.077	0.243	0.277
16.0	0.591	0.14750	-0.018	0.001	0.669	0.023	0.999	4.006	0.241	0.281
17.0	0.532	0.15920	-0.019	0.001	0.728	0.024	0.999	3.341	0.237	0.285
18.0	0.477	0.17462	-0.020	0.001	0.797	0.027	0.999	2.730	0.237	0.291
19.0	0.426	0.19305	-0.020	0.001	0.868	0.028	0.999	2.206	0.241	0.297
20.0	0.380	0.20860	-0.021	0.001	0.927	0.028	0.999	1.822	0.241	0.304

Name = NACA 1408
Mach = 0; Re = 3630000; T.U. = 1.0; T.L. = 1.0
Surface Finish = 2; Stall model = 0; Transition model = 1; Aspect Ratio = 0; ground effect = 0
?	Cl	Cd	Cm 0.25	T.U.	T.L.	S.U.	S.L.	L/D	A.C.	C.P.
[°]	[-]	[-]	[-]	[-]	[-]	[-]	[-]	[-]	[-]	[-]
-20.0	-0.322	0.20529	-0.005	0.718	0.001	1.000	0.030	-1.567	0.244	0.235
-19.0	-0.358	0.19056	-0.005	0.676	0.001	1.000	0.028	-1.878	0.245	0.236
-18.0	-0.398	0.17420	-0.005	0.637	0.001	1.000	0.026	-2.282	0.245	0.237
-17.0	-0.441	0.15846	-0.005	0.605	0.000	1.000	0.024	-2.781	0.244	0.238
-16.0	-0.486	0.14166	-0.006	0.561	0.001	1.000	0.024	-3.432	0.244	0.238
-15.0	-0.532	0.13037	-0.006	0.519	0.001	1.000	0.023	-4.083	0.244	0.239
-14.0	-0.576	0.11609	-0.006	0.484	0.001	1.000	0.022	-4.965	0.241	0.239
-13.0	-0.616	0.09918	-0.007	0.449	0.001	1.000	0.025	-6.207	0.235	0.239
-12.0	-0.645	0.08814	-0.007	0.410	0.001	1.000	0.029	-7.317	0.212	0.239
-11.0	-0.663	0.07433	-0.008	0.387	0.002	1.000	0.050	-8.915	0.139	0.237
-10.0	-0.689	0.04863	-0.012	0.356	0.003	1.000	0.236	-14.168	0.173	0.232
-9.0	-0.773	0.01370	-0.017	0.332	0.004	1.000	0.990	-56.445	-0.003	0.228
-8.0	-0.711	0.01277	-0.018	0.304	0.004	1.000	0.994	-55.709	0.262	0.225
-7.0	-0.634	0.01198	-0.019	0.272	0.005	1.000	0.997	-52.909	0.260	0.221
-6.0	-0.544	0.01249	-0.019	0.252	0.005	1.000	0.998	-43.531	0.259	0.214
-5.0	-0.443	0.01202	-0.020	0.217	0.005	1.000	0.998	-36.883	0.258	0.204
-4.0	-0.336	0.01152	-0.021	0.190	0.008	1.000	0.998	-29.125	0.258	0.187
-3.0	-0.223	0.01118	-0.022	0.168	0.014	1.000	0.998	-19.976	0.258	0.152
-2.0	-0.108	0.01102	-0.023	0.135	0.022	1.000	0.998	-9.840	0.258	0.040
-1.0	0.008	0.01090	-0.024	0.106	0.038	1.000	0.998	0.698	0.258	3.361
0.0	0.124	0.01096	-0.025	0.079	0.061	1.000	0.998	11.318	0.258	0.448
1.0	0.240	0.01107	-0.025	0.053	0.088	1.000	0.998	21.713	0.258	0.356
2.0	0.356	0.01134	-0.026	0.031	0.114	1.000	0.999	31.388	0.258	0.324
3.0	0.471	0.01174	-0.027	0.017	0.142	1.000	0.999	40.078	0.258	0.308
4.0	0.581	0.01225	-0.028	0.009	0.174	1.000	0.999	47.452	0.258	0.298
5.0	0.687	0.01294	-0.029	0.006	0.209	1.000	0.999	53.081	0.259	0.292
6.0	0.784	0.01370	-0.030	0.005	0.233	1.000	0.999	57.239	0.260	0.288
7.0	0.870	0.01308	-0.031	0.004	0.265	1.000	0.999	66.494	0.261	0.285
8.0	0.941	0.01400	-0.032	0.004	0.303	0.996	0.999	67.187	0.264	0.284
9.0	0.995	0.01515	-0.033	0.004	0.344	0.992	0.999	65.663	0.269	0.283
10.0	1.029	0.01896	-0.033	0.003	0.384	0.980	0.999	54.269	0.350	0.282
11.0	1.002	0.02332	-0.033	0.002	0.425	0.840	0.999	42.953	0.317	0.283
12.0	0.811	0.08517	-0.019	0.001	0.461	0.044	0.999	9.520	0.315	0.273
13.0	0.766	0.09920	-0.018	0.001	0.501	0.031	0.999	7.720	0.264	0.274
14.0	0.711	0.11513	-0.018	0.001	0.535	0.024	0.999	6.177	0.251	0.275
15.0	0.652	0.12600	-0.018	0.001	0.576	0.023	0.999	5.173	0.241	0.277
16.0	0.591	0.14325	-0.019	0.000	0.622	0.025	0.999	4.127	0.240	0.281
17.0	0.532	0.15647	-0.019	0.001	0.673	0.026	0.999	3.401	0.239	0.286
18.0	0.477	0.17278	-0.020	0.001	0.729	0.028	0.999	2.760	0.237	0.292
19.0	0.426	0.19115	-0.020	0.001	0.796	0.029	0.999	2.229	0.240	0.298
20.0	0.380	0.20733	-0.021	0.001	0.868	0.029	0.999	1.834	0.241	0.305

Name = NACA 1408
Mach = 0; Re = 4030000; T.U. = 1.0; T.L. = 1.0
Surface Finish = 2; Stall model = 0; Transition model = 1; Aspect Ratio = 0; ground effect = 0
?	Cl	Cd	Cm 0.25	T.U.	T.L.	S.U.	S.L.	L/D	A.C.	C.P.
[°]	[-]	[-]	[-]	[-]	[-]	[-]	[-]	[-]	[-]	[-]
-20.0	-0.322	0.20301	-0.005	0.682	0.001	1.000	0.031	-1.585	0.244	0.235
-19.0	-0.358	0.18796	-0.005	0.647	0.001	1.000	0.029	-1.904	0.244	0.236
-18.0	-0.398	0.17112	-0.005	0.609	0.001	1.000	0.027	-2.324	0.245	0.237
-17.0	-0.441	0.15935	-0.005	0.567	0.000	1.000	0.025	-2.766	0.244	0.238
-16.0	-0.486	0.14301	-0.006	0.530	0.000	1.000	0.024	-3.400	0.244	0.238
-15.0	-0.532	0.12891	-0.006	0.502	0.001	1.000	0.024	-4.130	0.244	0.239
-14.0	-0.576	0.11654	-0.006	0.457	0.001	1.000	0.023	-4.947	0.241	0.239
-13.0	-0.616	0.09946	-0.007	0.419	0.001	1.000	0.026	-6.190	0.233	0.239
-12.0	-0.645	0.08752	-0.007	0.400	0.001	1.000	0.031	-7.374	0.211	0.239
-11.0	-0.663	0.07389	-0.009	0.364	0.002	1.000	0.053	-8.975	0.162	0.237
-10.0	-0.715	0.03719	-0.013	0.348	0.003	1.000	0.393	-19.216	0.174	0.231
-9.0	-0.773	0.01348	-0.017	0.312	0.004	1.000	0.990	-57.333	1.531	0.228
-8.0	-0.711	0.01258	-0.018	0.297	0.004	1.000	0.995	-56.557	0.262	0.225
-7.0	-0.634	0.01179	-0.019	0.260	0.005	1.000	0.997	-53.752	0.260	0.221
-6.0	-0.544	0.01237	-0.019	0.233	0.005	1.000	0.998	-43.952	0.259	0.214
-5.0	-0.443	0.01180	-0.020	0.210	0.005	1.000	0.998	-37.574	0.258	0.204
-4.0	-0.336	0.01139	-0.021	0.178	0.008	1.000	0.998	-29.478	0.258	0.187
-3.0	-0.223	0.01106	-0.022	0.154	0.013	1.000	0.998	-20.192	0.258	0.152
-2.0	-0.108	0.01084	-0.023	0.130	0.021	1.000	0.998	-10.003	0.258	0.040
-1.0	0.008	0.01082	-0.024	0.100	0.036	1.000	0.998	0.703	0.258	3.361
0.0	0.124	0.01079	-0.025	0.073	0.056	1.000	0.998	11.495	0.258	0.448
1.0	0.240	0.01095	-0.025	0.049	0.081	1.000	0.998	21.938	0.258	0.356
2.0	0.356	0.01123	-0.026	0.028	0.107	1.000	0.999	31.692	0.258	0.324
3.0	0.471	0.01158	-0.027	0.016	0.135	1.000	0.999	40.646	0.258	0.308
4.0	0.581	0.01206	-0.028	0.009	0.168	1.000	0.999	48.212	0.258	0.298
5.0	0.687	0.01275	-0.029	0.006	0.190	1.000	0.999	53.871	0.259	0.292
6.0	0.784	0.01347	-0.030	0.005	0.220	1.000	0.999	58.217	0.260	0.288
7.0	0.870	0.01437	-0.031	0.004	0.256	1.000	0.999	60.549	0.261	0.285
8.0	0.941	0.01378	-0.032	0.004	0.285	0.996	0.999	68.274	0.264	0.284
9.0	0.995	0.01486	-0.033	0.004	0.316	0.993	0.999	66.999	0.269	0.283
10.0	1.029	0.01873	-0.033	0.003	0.356	0.981	0.999	54.940	0.233	0.282
11.0	0.988	0.02490	-0.033	0.002	0.402	0.775	0.999	39.688	0.315	0.283
12.0	0.812	0.08455	-0.019	0.001	0.449	0.048	0.999	9.599	0.315	0.274
13.0	0.766	0.09829	-0.018	0.001	0.469	0.033	0.999	7.796	0.267	0.274
14.0	0.711	0.11215	-0.018	0.001	0.508	0.024	0.999	6.341	0.252	0.275
15.0	0.652	0.12692	-0.018	0.001	0.553	0.024	0.999	5.137	0.239	0.278
16.0	0.591	0.14168	-0.019	0.000	0.587	0.027	0.999	4.175	0.239	0.282
17.0	0.532	0.15486	-0.019	0.001	0.631	0.027	0.999	3.437	0.239	0.286
18.0	0.477	0.17187	-0.020	0.001	0.681	0.030	0.999	2.776	0.238	0.292
19.0	0.426	0.18735	-0.021	0.001	0.737	0.031	0.999	2.275	0.240	0.298
20.0	0.380	0.20802	-0.021	0.001	0.800	0.031	0.999	1.829	0.240	0.305

Name = NACA 1408
Mach = 0; Re = 4430000; T.U. = 1.0; T.L. = 1.0
Surface Finish = 2; Stall model = 0; Transition model = 1; Aspect Ratio = 0; ground effect = 0
?	Cl	Cd	Cm 0.25	T.U.	T.L.	S.U.	S.L.	L/D	A.C.	C.P.
[°]	[-]	[-]	[-]	[-]	[-]	[-]	[-]	[-]	[-]	[-]
-20.0	-0.322	0.20202	-0.005	0.658	0.001	1.000	0.033	-1.593	0.244	0.235
-19.0	-0.358	0.18653	-0.005	0.615	0.001	1.000	0.030	-1.919	0.244	0.236
-18.0	-0.398	0.16913	-0.005	0.577	0.001	1.000	0.028	-2.352	0.245	0.237
-17.0	-0.441	0.15589	-0.005	0.548	0.000	1.000	0.025	-2.827	0.245	0.238
-16.0	-0.486	0.14134	-0.006	0.509	0.000	1.000	0.024	-3.440	0.244	0.238
-15.0	-0.532	0.12826	-0.006	0.468	0.001	1.000	0.024	-4.151	0.244	0.239
-14.0	-0.577	0.11564	-0.006	0.436	0.001	1.000	0.023	-4.986	0.240	0.239
-13.0	-0.616	0.09916	-0.007	0.406	0.001	1.000	0.027	-6.211	0.233	0.239
-12.0	-0.645	0.08740	-0.007	0.377	0.001	1.000	0.033	-7.385	0.211	0.239
-11.0	-0.663	0.07334	-0.009	0.353	0.002	1.000	0.055	-9.047	0.165	0.237
-10.0	-0.719	0.03548	-0.014	0.327	0.003	1.000	0.420	-20.261	0.174	0.231
-9.0	-0.773	0.01323	-0.017	0.303	0.004	1.000	0.991	-58.427	0.794	0.228
-8.0	-0.711	0.01243	-0.018	0.272	0.004	1.000	0.995	-57.244	0.262	0.225
-7.0	-0.634	0.01164	-0.019	0.253	0.005	1.000	0.998	-54.458	0.260	0.221
-6.0	-0.544	0.01221	-0.019	0.219	0.005	1.000	0.998	-44.541	0.259	0.214
-5.0	-0.443	0.01171	-0.020	0.201	0.005	1.000	0.998	-37.858	0.258	0.204
-4.0	-0.336	0.01121	-0.021	0.171	0.007	1.000	0.998	-29.946	0.258	0.187
-3.0	-0.223	0.01091	-0.022	0.143	0.013	1.000	0.998	-20.478	0.258	0.152
-2.0	-0.108	0.01078	-0.023	0.121	0.019	1.000	0.998	-10.063	0.258	0.040
-1.0	0.008	0.01065	-0.024	0.096	0.034	1.000	0.998	0.715	0.258	3.361
0.0	0.124	0.01071	-0.025	0.070	0.053	1.000	0.998	11.576	0.258	0.448
1.0	0.240	0.01087	-0.025	0.046	0.076	1.000	0.998	22.100	0.258	0.356
2.0	0.356	0.01115	-0.026	0.026	0.102	1.000	0.999	31.936	0.258	0.324
3.0	0.471	0.01148	-0.027	0.015	0.131	1.000	0.999	40.991	0.258	0.308
4.0	0.581	0.01196	-0.028	0.008	0.154	1.000	0.999	48.618	0.258	0.298
5.0	0.687	0.01258	-0.029	0.006	0.179	1.000	0.999	54.606	0.259	0.292
6.0	0.784	0.01332	-0.030	0.004	0.213	1.000	0.999	58.851	0.260	0.288
7.0	0.870	0.01414	-0.031	0.004	0.242	1.000	0.999	61.552	0.261	0.285
8.0	0.941	0.01358	-0.032	0.004	0.268	0.997	0.999	69.294	0.264	0.284
9.0	0.995	0.01464	-0.033	0.003	0.304	0.993	0.999	67.993	0.269	0.283
10.0	1.030	0.01461	-0.033	0.003	0.341	0.983	0.999	70.461	0.360	0.282
11.0	1.001	0.02308	-0.033	0.002	0.375	0.838	0.999	43.376	0.314	0.283
12.0	0.812	0.08408	-0.019	0.001	0.415	0.050	0.999	9.659	0.313	0.274
13.0	0.766	0.09797	-0.018	0.001	0.455	0.034	0.999	7.823	0.268	0.274
14.0	0.711	0.11125	-0.018	0.001	0.484	0.024	0.999	6.393	0.252	0.275
15.0	0.652	0.12671	-0.018	0.001	0.517	0.025	0.999	5.146	0.238	0.278
16.0	0.592	0.14091	-0.019	0.000	0.559	0.028	0.999	4.199	0.239	0.282
17.0	0.532	0.15537	-0.019	0.001	0.605	0.028	0.999	3.427	0.240	0.287
18.0	0.477	0.16922	-0.020	0.001	0.646	0.031	0.999	2.820	0.238	0.292
19.0	0.426	0.18491	-0.021	0.001	0.694	0.032	0.999	2.305	0.240	0.299
20.0	0.381	0.20583	-0.021	0.001	0.750	0.032	0.999	1.849	0.240	0.306

Name = NACA 1408
Mach = 0; Re = 4830000; T.U. = 1.0; T.L. = 1.0
Surface Finish = 2; Stall model = 0; Transition model = 1; Aspect Ratio = 0; ground effect = 0
?	Cl	Cd	Cm 0.25	T.U.	T.L.	S.U.	S.L.	L/D	A.C.	C.P.
[°]	[-]	[-]	[-]	[-]	[-]	[-]	[-]	[-]	[-]	[-]
-20.0	-0.322	0.19861	-0.005	0.625	0.001	1.000	0.033	-1.621	0.244	0.235
-19.0	-0.358	0.18344	-0.005	0.593	0.001	1.000	0.030	-1.952	0.244	0.236
-18.0	-0.398	0.16788	-0.005	0.559	0.001	1.000	0.029	-2.370	0.245	0.237
-17.0	-0.441	0.15667	-0.005	0.518	0.000	1.000	0.026	-2.814	0.245	0.238
-16.0	-0.486	0.14168	-0.006	0.488	0.000	1.000	0.025	-3.433	0.244	0.238
-15.0	-0.532	0.12632	-0.006	0.453	0.000	1.000	0.024	-4.215	0.244	0.239
-14.0	-0.577	0.11525	-0.006	0.415	0.001	1.000	0.024	-5.003	0.239	0.239
-13.0	-0.616	0.09860	-0.007	0.399	0.001	1.000	0.029	-6.248	0.233	0.239
-12.0	-0.646	0.08625	-0.007	0.362	0.001	1.000	0.034	-7.486	0.212	0.238
-11.0	-0.664	0.07306	-0.009	0.347	0.001	1.000	0.056	-9.084	0.162	0.237
-10.0	-0.713	0.03754	-0.013	0.311	0.003	1.000	0.385	-18.999	0.175	0.231
-9.0	-0.773	0.01315	-0.017	0.298	0.004	1.000	0.991	-58.817	2.529	0.228
-8.0	-0.711	0.01226	-0.018	0.261	0.004	1.000	0.995	-58.008	0.262	0.225
-7.0	-0.634	0.01268	-0.019	0.240	0.005	1.000	0.998	-49.988	0.260	0.221
-6.0	-0.544	0.01208	-0.019	0.213	0.005	1.000	0.998	-45.008	0.259	0.214
-5.0	-0.443	0.01156	-0.020	0.184	0.005	1.000	0.998	-38.329	0.258	0.204
-4.0	-0.336	0.01113	-0.021	0.167	0.007	1.000	0.998	-30.168	0.258	0.187
-3.0	-0.223	0.01084	-0.022	0.136	0.012	1.000	0.998	-20.603	0.258	0.152
-2.0	-0.108	0.01065	-0.023	0.111	0.018	1.000	0.998	-10.189	0.258	0.040
-1.0	0.008	0.01058	-0.024	0.091	0.032	1.000	0.998	0.719	0.258	3.361
0.0	0.124	0.01056	-0.025	0.067	0.050	1.000	0.998	11.743	0.258	0.448
1.0	0.240	0.01073	-0.025	0.044	0.073	1.000	0.998	22.393	0.258	0.356
2.0	0.356	0.01099	-0.026	0.025	0.099	1.000	0.999	32.396	0.258	0.324
3.0	0.471	0.01132	-0.027	0.015	0.123	1.000	0.999	41.571	0.258	0.308
4.0	0.581	0.01181	-0.028	0.008	0.144	1.000	0.999	49.253	0.258	0.298
5.0	0.687	0.01246	-0.029	0.005	0.173	1.000	0.999	55.141	0.259	0.292
6.0	0.784	0.01313	-0.030	0.004	0.208	1.000	0.999	59.715	0.260	0.288
7.0	0.870	0.01402	-0.031	0.004	0.226	1.000	0.999	62.046	0.261	0.285
8.0	0.941	0.01347	-0.032	0.004	0.259	0.997	0.999	69.856	0.264	0.284
9.0	0.995	0.01450	-0.033	0.003	0.295	0.993	0.999	68.668	0.269	0.283
10.0	1.030	0.01441	-0.033	0.003	0.317	0.985	0.999	71.455	0.333	0.282
11.0	1.005	0.02251	-0.033	0.002	0.356	0.854	0.999	44.631	0.313	0.283
12.0	0.813	0.08316	-0.020	0.001	0.401	0.055	0.999	9.776	0.312	0.274
13.0	0.767	0.09722	-0.019	0.001	0.438	0.035	0.999	7.886	0.269	0.274
14.0	0.711	0.11198	-0.018	0.001	0.463	0.026	0.999	6.354	0.252	0.275
15.0	0.652	0.12471	-0.018	0.001	0.503	0.026	0.999	5.230	0.239	0.278
16.0	0.592	0.13895	-0.019	0.000	0.532	0.029	0.999	4.260	0.239	0.282
17.0	0.533	0.15345	-0.020	0.001	0.569	0.029	0.999	3.471	0.240	0.287
18.0	0.477	0.16751	-0.020	0.001	0.614	0.032	0.999	2.849	0.238	0.293
19.0	0.426	0.18345	-0.021	0.001	0.660	0.033	0.999	2.324	0.241	0.299
20.0	0.381	0.20074	-0.021	0.001	0.708	0.033	0.999	1.896	0.241	0.306

Name = NACA 1408
Mach = 0; Re = 5230000; T.U. = 1.0; T.L. = 1.0
Surface Finish = 2; Stall model = 0; Transition model = 1; Aspect Ratio = 0; ground effect = 0
?	Cl	Cd	Cm 0.25	T.U.	T.L.	S.U.	S.L.	L/D	A.C.	C.P.
[°]	[-]	[-]	[-]	[-]	[-]	[-]	[-]	[-]	[-]	[-]
-20.0	-0.322	0.19947	-0.005	0.609	0.001	1.000	0.034	-1.614	0.244	0.235
-19.0	-0.358	0.18368	-0.005	0.567	0.001	1.000	0.031	-1.950	0.244	0.236
-18.0	-0.398	0.16868	-0.005	0.535	0.001	1.000	0.030	-2.359	0.245	0.237
-17.0	-0.441	0.15462	-0.005	0.505	0.000	1.000	0.026	-2.851	0.245	0.238
-16.0	-0.486	0.13850	-0.006	0.464	0.000	1.000	0.025	-3.512	0.244	0.238
-15.0	-0.533	0.12668	-0.006	0.432	0.000	1.000	0.025	-4.204	0.243	0.239
-14.0	-0.577	0.11530	-0.006	0.405	0.001	1.000	0.024	-5.002	0.239	0.239
-13.0	-0.616	0.09856	-0.007	0.377	0.001	1.000	0.029	-6.251	0.233	0.239
-12.0	-0.646	0.08647	-0.007	0.354	0.001	1.000	0.034	-7.468	0.217	0.238
-11.0	-0.662	0.07405	-0.008	0.330	0.001	1.000	0.048	-8.945	0.157	0.237
-10.0	-0.705	0.04082	-0.013	0.304	0.002	1.000	0.335	-17.272	0.173	0.232
-9.0	-0.773	0.01300	-0.017	0.276	0.004	1.000	0.992	-59.467	-0.502	0.228
-8.0	-0.711	0.01213	-0.018	0.255	0.004	1.000	0.995	-58.647	0.262	0.225
-7.0	-0.634	0.01261	-0.019	0.225	0.005	1.000	0.998	-50.258	0.260	0.221
-6.0	-0.544	0.01191	-0.019	0.208	0.005	1.000	0.998	-45.662	0.259	0.214
-5.0	-0.443	0.01148	-0.020	0.176	0.005	1.000	0.998	-38.626	0.258	0.204
-4.0	-0.336	0.01098	-0.021	0.157	0.007	1.000	0.998	-30.571	0.258	0.187
-3.0	-0.223	0.01074	-0.022	0.132	0.011	1.000	0.998	-20.803	0.258	0.152
-2.0	-0.108	0.01059	-0.023	0.105	0.018	1.000	0.998	-10.247	0.258	0.040
-1.0	0.008	0.01046	-0.024	0.083	0.030	1.000	0.998	0.727	0.258	3.361
0.0	0.124	0.01047	-0.025	0.063	0.049	1.000	0.999	11.840	0.258	0.448
1.0	0.240	0.01062	-0.025	0.041	0.071	1.000	0.998	22.625	0.258	0.356
2.0	0.356	0.01089	-0.026	0.023	0.096	1.000	0.999	32.681	0.258	0.324
3.0	0.471	0.01123	-0.027	0.014	0.114	1.000	0.999	41.890	0.258	0.308
4.0	0.581	0.01172	-0.028	0.008	0.139	1.000	0.999	49.592	0.258	0.298
5.0	0.687	0.01234	-0.029	0.005	0.169	1.000	0.999	55.665	0.259	0.292
6.0	0.784	0.01304	-0.030	0.004	0.191	1.000	0.999	60.147	0.260	0.288
7.0	0.870	0.01389	-0.031	0.004	0.218	1.000	0.999	62.660	0.261	0.285
8.0	0.942	0.01328	-0.032	0.004	0.254	1.000	0.999	70.913	0.264	0.284
9.0	0.995	0.01431	-0.033	0.003	0.274	0.994	0.999	69.550	0.269	0.283
10.0	1.030	0.01421	-0.033	0.003	0.307	0.986	0.999	72.514	0.285	0.282
11.0	0.950	0.03166	-0.031	0.001	0.347	0.591	0.999	30.011	0.313	0.283
12.0	0.813	0.08275	-0.020	0.001	0.377	0.056	0.999	9.827	0.318	0.274
13.0	0.767	0.09700	-0.019	0.001	0.413	0.036	0.999	7.906	0.269	0.274
14.0	0.712	0.11160	-0.018	0.001	0.453	0.026	0.999	6.376	0.251	0.275
15.0	0.653	0.12442	-0.019	0.001	0.476	0.028	0.999	5.245	0.239	0.278
16.0	0.592	0.13890	-0.019	0.000	0.512	0.030	0.999	4.262	0.240	0.283
17.0	0.533	0.15211	-0.020	0.001	0.554	0.031	0.999	3.503	0.239	0.287
18.0	0.477	0.16653	-0.020	0.001	0.587	0.033	0.999	2.867	0.238	0.293
19.0	0.427	0.18279	-0.021	0.001	0.626	0.034	0.999	2.333	0.242	0.299
20.0	0.381	0.20165	-0.021	0.000	0.671	0.033	0.999	1.887	0.243	0.306

Name = NACA 1408
Mach = 0; Re = 5630000; T.U. = 1.0; T.L. = 1.0
Surface Finish = 2; Stall model = 0; Transition model = 1; Aspect Ratio = 0; ground effect = 0
?	Cl	Cd	Cm 0.25	T.U.	T.L.	S.U.	S.L.	L/D	A.C.	C.P.
[°]	[-]	[-]	[-]	[-]	[-]	[-]	[-]	[-]	[-]	[-]
-20.0	-0.322	0.19688	-0.005	0.582	0.001	1.000	0.034	-1.635	0.244	0.235
-19.0	-0.358	0.18113	-0.005	0.556	0.001	1.000	0.032	-1.977	0.244	0.236
-18.0	-0.398	0.16597	-0.005	0.515	0.001	1.000	0.030	-2.398	0.245	0.237
-17.0	-0.441	0.15570	-0.005	0.484	0.000	1.000	0.027	-2.832	0.245	0.238
-16.0	-0.486	0.13835	-0.006	0.453	0.000	1.000	0.026	-3.516	0.244	0.238
-15.0	-0.533	0.12637	-0.006	0.415	0.000	1.000	0.025	-4.214	0.244	0.239
-14.0	-0.577	0.11435	-0.006	0.399	0.000	1.000	0.024	-5.043	0.239	0.239
-13.0	-0.616	0.09829	-0.007	0.363	0.001	1.000	0.031	-6.271	0.232	0.239
-12.0	-0.646	0.08578	-0.008	0.348	0.001	1.000	0.035	-7.530	0.216	0.238
-11.0	-0.663	0.07348	-0.009	0.315	0.001	1.000	0.051	-9.022	0.151	0.237
-10.0	-0.697	0.04423	-0.013	0.299	0.002	1.000	0.287	-15.763	0.174	0.232
-9.0	-0.773	0.01288	-0.017	0.265	0.004	1.000	0.992	-60.055	-0.114	0.228
-8.0	-0.711	0.01203	-0.018	0.251	0.004	1.000	0.995	-59.144	0.262	0.225
-7.0	-0.634	0.01248	-0.019	0.217	0.004	1.000	0.998	-50.788	0.260	0.221
-6.0	-0.544	0.01184	-0.019	0.201	0.005	1.000	0.998	-45.929	0.259	0.214
-5.0	-0.443	0.01141	-0.020	0.171	0.005	1.000	0.998	-38.854	0.258	0.204
-4.0	-0.336	0.01094	-0.021	0.146	0.007	1.000	0.998	-30.684	0.258	0.187
-3.0	-0.223	0.01063	-0.022	0.129	0.011	1.000	0.998	-21.026	0.258	0.152
-2.0	-0.108	0.01044	-0.023	0.101	0.017	1.000	0.998	-10.390	0.258	0.040
-1.0	0.008	0.01040	-0.024	0.078	0.029	1.000	0.998	0.732	0.258	3.361
0.0	0.124	0.01043	-0.025	0.057	0.047	1.000	0.999	11.892	0.258	0.448
1.0	0.240	0.01052	-0.025	0.038	0.069	1.000	0.998	22.836	0.258	0.356
2.0	0.356	0.01081	-0.026	0.022	0.088	1.000	0.999	32.922	0.258	0.324
3.0	0.471	0.01116	-0.027	0.014	0.108	1.000	0.999	42.146	0.258	0.308
4.0	0.581	0.01157	-0.028	0.007	0.135	1.000	0.999	50.235	0.258	0.298
5.0	0.687	0.01218	-0.029	0.005	0.166	1.000	0.999	56.378	0.259	0.292
6.0	0.784	0.01286	-0.030	0.004	0.182	1.000	0.999	60.986	0.260	0.288
7.0	0.870	0.01370	-0.031	0.004	0.213	1.000	0.999	63.522	0.261	0.285
8.0	0.942	0.01317	-0.032	0.004	0.239	1.000	0.999	71.499	0.264	0.284
9.0	0.996	0.01412	-0.033	0.003	0.264	0.995	0.999	70.485	0.269	0.283
10.0	1.031	0.01405	-0.033	0.003	0.301	0.987	0.999	73.356	0.284	0.282
11.0	0.955	0.03026	-0.031	0.001	0.324	0.617	0.999	31.571	0.312	0.283
12.0	0.814	0.08221	-0.020	0.001	0.359	0.059	0.999	9.902	0.317	0.275
13.0	0.767	0.09606	-0.019	0.001	0.402	0.037	0.999	7.985	0.269	0.274
14.0	0.712	0.11147	-0.018	0.001	0.437	0.028	0.999	6.386	0.250	0.275
15.0	0.653	0.12322	-0.019	0.001	0.461	0.029	0.999	5.297	0.240	0.279
16.0	0.592	0.13803	-0.019	0.000	0.501	0.031	0.999	4.290	0.240	0.283
17.0	0.533	0.15132	-0.020	0.001	0.526	0.032	0.999	3.522	0.239	0.287
18.0	0.478	0.16616	-0.021	0.001	0.564	0.034	0.999	2.874	0.239	0.293
19.0	0.427	0.18426	-0.021	0.000	0.608	0.034	0.999	2.315	0.241	0.299
20.0	0.381	0.20245	-0.021	0.000	0.648	0.034	0.999	1.881	0.241	0.306

Name = NACA 1408
Mach = 0; Re = 6030000; T.U. = 1.0; T.L. = 1.0
Surface Finish = 2; Stall model = 0; Transition model = 1; Aspect Ratio = 0; ground effect = 0
?	Cl	Cd	Cm 0.25	T.U.	T.L.	S.U.	S.L.	L/D	A.C.	C.P.
[°]	[-]	[-]	[-]	[-]	[-]	[-]	[-]	[-]	[-]	[-]
-20.0	-0.322	0.19491	-0.005	0.565	0.001	1.000	0.035	-1.652	0.243	0.235
-19.0	-0.358	0.18250	-0.005	0.531	0.001	1.000	0.033	-1.963	0.244	0.236
-18.0	-0.398	0.16653	-0.005	0.505	0.001	1.000	0.031	-2.391	0.245	0.237
-17.0	-0.441	0.15523	-0.005	0.465	0.000	1.000	0.027	-2.841	0.245	0.238
-16.0	-0.486	0.13617	-0.006	0.436	0.000	1.000	0.026	-3.572	0.244	0.238
-15.0	-0.533	0.12422	-0.006	0.406	0.000	1.000	0.025	-4.288	0.244	0.239
-14.0	-0.577	0.11158	-0.006	0.384	0.000	1.000	0.024	-5.169	0.238	0.239
-13.0	-0.617	0.09774	-0.007	0.356	0.001	1.000	0.032	-6.308	0.232	0.239
-12.0	-0.646	0.08527	-0.008	0.341	0.001	1.000	0.036	-7.577	0.215	0.238
-11.0	-0.663	0.07302	-0.009	0.307	0.001	1.000	0.055	-9.087	0.152	0.237
-10.0	-0.698	0.04370	-0.013	0.289	0.002	1.000	0.292	-15.974	0.174	0.232
-9.0	-0.773	0.01275	-0.017	0.259	0.004	1.000	0.992	-60.672	-0.134	0.228
-8.0	-0.711	0.01190	-0.018	0.237	0.004	1.000	0.996	-59.772	0.262	0.225
-7.0	-0.634	0.01237	-0.019	0.212	0.004	1.000	0.998	-51.238	0.260	0.221
-6.0	-0.544	0.01176	-0.019	0.186	0.005	1.000	0.998	-46.233	0.259	0.214
-5.0	-0.443	0.01125	-0.020	0.168	0.005	1.000	0.998	-39.413	0.258	0.204
-4.0	-0.336	0.01085	-0.021	0.139	0.007	1.000	0.998	-30.935	0.258	0.187
-3.0	-0.223	0.01057	-0.022	0.124	0.010	1.000	0.998	-21.129	0.258	0.152
-2.0	-0.108	0.01038	-0.023	0.098	0.017	1.000	0.998	-10.447	0.258	0.040
-1.0	0.008	0.01030	-0.024	0.074	0.028	1.000	0.998	0.739	0.258	3.361
0.0	0.124	0.01030	-0.025	0.054	0.046	1.000	0.999	12.035	0.258	0.448
1.0	0.240	0.01044	-0.025	0.035	0.065	1.000	0.998	23.023	0.258	0.356
2.0	0.356	0.01074	-0.026	0.021	0.083	1.000	0.999	33.155	0.258	0.324
3.0	0.471	0.01102	-0.027	0.013	0.105	1.000	0.999	42.697	0.258	0.308
4.0	0.581	0.01150	-0.028	0.007	0.132	1.000	0.999	50.545	0.258	0.298
5.0	0.687	0.01211	-0.029	0.005	0.153	1.000	0.999	56.732	0.259	0.292
6.0	0.784	0.01277	-0.030	0.004	0.177	1.000	0.999	61.404	0.260	0.288
7.0	0.870	0.01359	-0.031	0.004	0.209	1.000	0.999	64.009	0.261	0.285
8.0	0.942	0.01462	-0.032	0.004	0.226	1.000	0.999	64.418	0.264	0.284
9.0	0.996	0.01402	-0.033	0.003	0.258	0.995	0.999	71.035	0.269	0.283
10.0	1.031	0.01389	-0.033	0.003	0.289	0.989	0.999	74.202	0.282	0.282
11.0	0.958	0.02949	-0.031	0.001	0.312	0.630	0.999	32.493	0.307	0.283
12.0	0.818	0.07893	-0.021	0.001	0.351	0.081	0.999	10.369	0.316	0.276
13.0	0.767	0.09620	-0.019	0.001	0.386	0.039	0.999	7.976	0.279	0.275
14.0	0.712	0.11056	-0.018	0.001	0.415	0.029	0.999	6.440	0.251	0.276
15.0	0.653	0.12379	-0.019	0.001	0.453	0.029	0.999	5.274	0.240	0.279
16.0	0.592	0.13756	-0.020	0.000	0.476	0.032	0.999	4.306	0.240	0.283
17.0	0.533	0.15095	-0.020	0.001	0.511	0.033	0.999	3.531	0.240	0.288
18.0	0.478	0.16507	-0.021	0.000	0.553	0.034	0.999	2.893	0.240	0.293
19.0	0.427	0.18156	-0.021	0.000	0.580	0.035	1.000	2.350	0.241	0.299
20.0	0.381	0.19965	-0.021	0.000	0.619	0.035	0.999	1.907	0.241	0.306

Name = NACA 1408
Mach = 0; Re = 6430000; T.U. = 1.0; T.L. = 1.0
Surface Finish = 2; Stall model = 0; Transition model = 1; Aspect Ratio = 0; ground effect = 0
?	Cl	Cd	Cm 0.25	T.U.	T.L.	S.U.	S.L.	L/D	A.C.	C.P.
[°]	[-]	[-]	[-]	[-]	[-]	[-]	[-]	[-]	[-]	[-]
-20.0	-0.322	0.19342	-0.005	0.556	0.001	1.000	0.035	-1.665	0.243	0.235
-19.0	-0.358	0.18081	-0.005	0.515	0.001	1.000	0.034	-1.982	0.244	0.236
-18.0	-0.398	0.16465	-0.005	0.488	0.001	1.000	0.032	-2.418	0.245	0.237
-17.0	-0.441	0.15346	-0.006	0.455	0.000	1.000	0.028	-2.874	0.246	0.238
-16.0	-0.486	0.13593	-0.006	0.418	0.000	1.000	0.026	-3.579	0.244	0.238
-15.0	-0.533	0.12440	-0.006	0.400	0.000	1.000	0.026	-4.282	0.243	0.239
-14.0	-0.577	0.11232	-0.006	0.368	0.000	1.000	0.025	-5.135	0.238	0.239
-13.0	-0.617	0.09650	-0.007	0.351	0.001	1.000	0.033	-6.390	0.231	0.239
-12.0	-0.646	0.08490	-0.008	0.321	0.001	1.000	0.038	-7.612	0.215	0.238
-11.0	-0.664	0.07239	-0.009	0.302	0.001	1.000	0.057	-9.170	0.145	0.237
-10.0	-0.690	0.04743	-0.012	0.272	0.002	1.000	0.243	-14.552	0.175	0.232
-9.0	-0.773	0.01259	-0.017	0.255	0.004	1.000	0.993	-61.443	-0.011	0.228
-8.0	-0.711	0.01181	-0.018	0.224	0.004	1.000	0.996	-60.257	0.262	0.225
-7.0	-0.634	0.01223	-0.019	0.209	0.004	1.000	0.998	-51.835	0.260	0.221
-6.0	-0.544	0.01163	-0.019	0.178	0.005	1.000	0.998	-46.742	0.259	0.214
-5.0	-0.443	0.01116	-0.020	0.165	0.005	1.000	0.998	-39.704	0.258	0.204
-4.0	-0.336	0.01074	-0.021	0.135	0.006	1.000	0.998	-31.244	0.258	0.187
-3.0	-0.223	0.01046	-0.022	0.114	0.010	1.000	0.998	-21.366	0.258	0.152
-2.0	-0.108	0.01033	-0.023	0.096	0.016	1.000	0.998	-10.505	0.258	0.040
-1.0	0.008	0.01025	-0.024	0.072	0.027	1.000	0.998	0.742	0.258	3.361
0.0	0.124	0.01026	-0.025	0.051	0.044	1.000	0.998	12.090	0.258	0.448
1.0	0.240	0.01040	-0.025	0.033	0.061	1.000	0.998	23.112	0.258	0.356
2.0	0.356	0.01062	-0.026	0.020	0.079	1.000	0.999	33.519	0.258	0.324
3.0	0.471	0.01096	-0.027	0.013	0.102	1.000	0.999	42.934	0.258	0.308
4.0	0.581	0.01136	-0.028	0.007	0.131	1.000	0.999	51.164	0.258	0.298
5.0	0.687	0.01204	-0.029	0.005	0.145	1.000	0.999	57.062	0.259	0.292
6.0	0.784	0.01266	-0.030	0.004	0.173	1.000	0.999	61.911	0.260	0.288
7.0	0.870	0.01342	-0.031	0.004	0.201	1.000	0.999	64.845	0.261	0.285
8.0	0.942	0.01450	-0.032	0.004	0.219	1.000	0.999	64.958	0.264	0.284
9.0	0.996	0.01384	-0.033	0.003	0.254	0.995	0.999	71.951	0.269	0.283
10.0	1.031	0.01525	-0.033	0.003	0.273	0.990	0.999	67.622	0.264	0.282
11.0	0.980	0.02518	-0.032	0.001	0.305	0.737	0.999	38.929	0.306	0.283
12.0	0.820	0.07799	-0.022	0.001	0.340	0.087	0.999	10.509	0.310	0.276
13.0	0.769	0.09348	-0.020	0.001	0.365	0.048	0.999	8.228	0.281	0.276
14.0	0.712	0.10990	-0.018	0.001	0.404	0.030	0.999	6.481	0.257	0.276
15.0	0.653	0.12322	-0.019	0.001	0.446	0.031	0.999	5.299	0.240	0.279
16.0	0.592	0.13557	-0.020	0.000	0.463	0.033	0.999	4.369	0.240	0.283
17.0	0.533	0.14882	-0.020	0.001	0.503	0.033	0.999	3.582	0.240	0.288
18.0	0.478	0.16575	-0.021	0.000	0.526	0.035	0.999	2.882	0.240	0.293
19.0	0.427	0.17946	-0.021	0.000	0.563	0.035	1.000	2.378	0.241	0.300
20.0	0.381	0.19750	-0.022	0.000	0.606	0.035	0.999	1.928	0.241	0.307


