Name = NACA 1410
Mach = 0; Re = 30000; T.U. = 1.0; T.L. = 1.0
Surface Finish = 2; Stall model = 0; Transition model = 1; Aspect Ratio = 0; ground effect = 0
?	Cl	Cd	Cm 0.25	T.U.	T.L.	S.U.	S.L.	L/D	A.C.	C.P.
[°]	[-]	[-]	[-]	[-]	[-]	[-]	[-]	[-]	[-]	[-]
-20.0	-0.575	0.60158	-0.002	0.977	0.003	0.986	0.005	-0.955	0.244	0.246
-19.0	-0.621	0.51969	-0.002	0.977	0.004	0.985	0.005	-1.196	0.244	0.246
-18.0	-0.668	0.45708	-0.003	0.973	0.004	0.985	0.005	-1.462	0.244	0.246
-17.0	-0.713	0.36611	-0.003	0.971	0.004	0.984	0.005	-1.948	0.243	0.246
-16.0	-0.754	0.31601	-0.003	0.967	0.004	0.983	0.006	-2.386	0.242	0.246
-15.0	-0.787	0.27085	-0.004	0.964	0.004	0.982	0.006	-2.907	0.237	0.246
-14.0	-0.807	0.23420	-0.004	0.961	0.005	0.981	0.006	-3.446	0.206	0.245
-13.0	-0.804	0.19275	-0.004	0.959	0.005	0.980	0.007	-4.170	0.290	0.245
-12.0	-0.789	0.16242	-0.005	0.953	0.005	0.979	0.007	-4.856	0.268	0.244
-11.0	-0.761	0.13640	-0.005	0.945	0.006	0.978	0.008	-5.580	0.262	0.243
-10.0	-0.721	0.11556	-0.005	0.938	0.006	0.976	0.008	-6.237	0.260	0.242
-9.0	-0.668	0.09742	-0.006	0.930	0.007	0.974	0.009	-6.861	0.259	0.241
-8.0	-0.605	0.08275	-0.007	0.917	0.007	0.971	0.010	-7.312	0.260	0.239
-7.0	-0.533	0.07092	-0.007	0.906	0.009	0.968	0.014	-7.510	0.263	0.236
-6.0	-0.453	0.06192	-0.008	0.886	0.015	0.966	0.022	-7.315	0.265	0.231
-5.0	-0.368	0.05481	-0.010	0.864	0.021	0.965	0.036	-6.708	0.356	0.223
-4.0	-0.342	0.02537	-0.020	0.837	0.041	0.963	0.986	-13.483	0.331	0.191
-3.0	-0.227	0.02634	-0.021	0.800	0.202	0.962	0.989	-8.603	0.259	0.156
-2.0	-0.109	0.02421	-0.022	0.755	0.482	0.963	0.984	-4.516	0.259	0.046
-1.0	0.008	0.02728	-0.023	0.698	0.610	0.964	0.982	0.305	0.259	3.055
0.0	0.126	0.02733	-0.024	0.628	0.716	0.966	0.979	4.603	0.259	0.444
1.0	0.243	0.02776	-0.026	0.538	0.798	0.969	0.977	8.762	0.259	0.355
2.0	0.360	0.02868	-0.027	0.438	0.851	0.970	0.976	12.566	0.259	0.324
3.0	0.476	0.02987	-0.028	0.376	0.887	0.962	0.977	15.922	0.259	0.308
4.0	0.589	0.03165	-0.029	0.292	0.913	0.953	0.977	18.602	0.260	0.299
5.0	0.701	0.03381	-0.030	0.038	0.932	0.962	0.978	20.726	0.058	0.293
6.0	0.655	0.05920	-0.016	0.019	0.943	0.036	0.981	11.063	-0.253	0.274
7.0	0.731	0.06810	-0.015	0.012	0.954	0.020	0.982	10.729	0.236	0.270
8.0	0.799	0.07761	-0.014	0.008	0.961	0.013	0.984	10.295	0.239	0.267
9.0	0.857	0.09182	-0.013	0.006	0.966	0.009	0.986	9.339	0.245	0.266
10.0	0.904	0.10860	-0.013	0.005	0.971	0.007	0.988	8.327	0.251	0.265
11.0	0.938	0.12972	-0.014	0.005	0.977	0.007	0.990	7.231	0.260	0.264
12.0	0.958	0.15766	-0.014	0.005	0.978	0.007	0.991	6.077	0.263	0.265
13.0	0.964	0.18845	-0.014	0.004	0.981	0.006	0.991	5.117	-1.431	0.264
14.0	0.958	0.22402	-0.014	0.004	0.983	0.005	0.992	4.276	0.231	0.265
15.0	0.941	0.26792	-0.014	0.004	0.985	0.005	0.992	3.511	0.243	0.265
16.0	0.903	0.31248	-0.014	0.004	0.988	0.005	0.993	2.889	0.246	0.266
17.0	0.850	0.36960	-0.015	0.003	0.990	0.005	0.994	2.299	0.246	0.267
18.0	0.792	0.43241	-0.015	0.003	0.990	0.004	0.994	1.831	0.246	0.269
19.0	0.733	0.49673	-0.015	0.003	0.991	0.004	0.996	1.475	0.247	0.271
20.0	0.674	0.56003	-0.015	0.003	0.992	0.004	0.997	1.204	0.247	0.273

Name = NACA 1410
Mach = 0; Re = 430000; T.U. = 1.0; T.L. = 1.0
Surface Finish = 2; Stall model = 0; Transition model = 1; Aspect Ratio = 0; ground effect = 0
?	Cl	Cd	Cm 0.25	T.U.	T.L.	S.U.	S.L.	L/D	A.C.	C.P.
[°]	[-]	[-]	[-]	[-]	[-]	[-]	[-]	[-]	[-]	[-]
-20.0	-0.575	0.26918	-0.002	0.959	0.003	0.992	0.009	-2.137	0.246	0.246
-19.0	-0.622	0.23269	-0.003	0.953	0.004	0.992	0.008	-2.672	0.245	0.246
-18.0	-0.669	0.20862	-0.003	0.945	0.004	0.993	0.008	-3.205	0.243	0.246
-17.0	-0.714	0.18519	-0.003	0.938	0.004	0.993	0.009	-3.855	0.242	0.245
-16.0	-0.755	0.16013	-0.004	0.929	0.004	0.993	0.010	-4.713	0.241	0.245
-15.0	-0.788	0.14075	-0.004	0.916	0.004	0.994	0.010	-5.600	0.237	0.245
-14.0	-0.808	0.12322	-0.004	0.904	0.005	0.995	0.010	-6.556	0.204	0.245
-13.0	-0.805	0.10745	-0.005	0.882	0.005	0.996	0.011	-7.488	0.308	0.244
-12.0	-0.790	0.09393	-0.005	0.859	0.005	0.996	0.014	-8.410	0.286	0.243
-11.0	-0.763	0.08187	-0.006	0.835	0.006	0.997	0.020	-9.325	0.277	0.242
-10.0	-0.725	0.07130	-0.007	0.799	0.006	0.997	0.029	-10.161	0.292	0.240
-9.0	-0.683	0.05817	-0.010	0.758	0.007	0.997	0.094	-11.733	-0.107	0.236
-8.0	-0.750	0.02002	-0.016	0.710	0.007	1.000	0.972	-37.464	0.624	0.228
-7.0	-0.662	0.01400	-0.017	0.658	0.009	1.000	0.988	-47.267	0.261	0.224
-6.0	-0.562	0.01439	-0.018	0.601	0.015	1.000	0.991	-39.065	0.260	0.217
-5.0	-0.455	0.01372	-0.019	0.540	0.021	1.000	0.993	-33.163	0.259	0.207
-4.0	-0.343	0.01315	-0.020	0.476	0.036	1.000	0.994	-26.064	0.259	0.190
-3.0	-0.227	0.01271	-0.021	0.422	0.065	0.997	0.995	-17.847	0.259	0.155
-2.0	-0.110	0.01218	-0.023	0.384	0.120	0.997	0.997	-9.004	0.259	0.044
-1.0	0.008	0.01193	-0.024	0.347	0.181	0.996	0.998	0.701	0.259	3.074
0.0	0.127	0.01257	-0.025	0.301	0.244	0.996	0.998	10.064	0.259	0.445
1.0	0.245	0.01261	-0.026	0.251	0.311	0.995	0.998	19.397	0.259	0.355
2.0	0.362	0.01276	-0.027	0.195	0.406	0.994	0.998	28.366	0.259	0.324
3.0	0.479	0.01328	-0.028	0.131	0.481	0.993	0.998	36.040	0.259	0.308
4.0	0.593	0.01423	-0.029	0.063	0.544	0.992	0.998	41.717	0.260	0.299
5.0	0.705	0.01507	-0.030	0.032	0.615	0.991	0.998	46.762	0.260	0.293
6.0	0.809	0.01448	-0.031	0.018	0.694	0.988	0.998	55.893	0.261	0.289
7.0	0.905	0.02015	-0.032	0.012	0.767	0.981	0.998	44.928	0.262	0.286
8.0	0.989	0.02205	-0.033	0.008	0.827	0.969	0.998	44.861	0.263	0.284
9.0	1.057	0.02446	-0.034	0.006	0.872	0.940	0.998	43.203	0.255	0.282
10.0	1.071	0.03056	-0.034	0.005	0.901	0.747	0.998	35.048	0.388	0.281
11.0	0.944	0.08068	-0.019	0.005	0.920	0.034	0.998	11.705	0.399	0.270
12.0	0.961	0.09317	-0.017	0.005	0.937	0.020	0.998	10.318	0.152	0.268
13.0	0.966	0.10679	-0.017	0.004	0.949	0.014	0.997	9.048	0.904	0.267
14.0	0.959	0.12246	-0.016	0.004	0.959	0.010	0.997	7.832	0.266	0.267
15.0	0.942	0.14006	-0.016	0.004	0.964	0.009	0.998	6.723	0.245	0.267
16.0	0.903	0.15849	-0.016	0.003	0.971	0.008	0.997	5.701	0.247	0.268
17.0	0.850	0.18178	-0.016	0.003	0.977	0.008	0.998	4.678	0.246	0.269
18.0	0.793	0.20501	-0.017	0.003	0.979	0.008	0.998	3.866	0.246	0.271
19.0	0.733	0.23494	-0.017	0.003	0.982	0.007	0.998	3.122	0.245	0.273
20.0	0.675	0.26449	-0.017	0.003	0.984	0.007	0.998	2.551	0.245	0.276

Name = NACA 1410
Mach = 0; Re = 830000; T.U. = 1.0; T.L. = 1.0
Surface Finish = 2; Stall model = 0; Transition model = 1; Aspect Ratio = 0; ground effect = 0
?	Cl	Cd	Cm 0.25	T.U.	T.L.	S.U.	S.L.	L/D	A.C.	C.P.
[°]	[-]	[-]	[-]	[-]	[-]	[-]	[-]	[-]	[-]	[-]
-20.0	-0.576	0.24717	-0.003	0.938	0.002	0.995	0.017	-2.332	0.242	0.245
-19.0	-0.624	0.21609	-0.003	0.930	0.002	0.995	0.019	-2.886	0.244	0.245
-18.0	-0.670	0.18738	-0.003	0.916	0.003	0.996	0.015	-3.575	0.244	0.245
-17.0	-0.715	0.16599	-0.004	0.904	0.004	0.997	0.016	-4.308	0.240	0.245
-16.0	-0.756	0.14662	-0.004	0.882	0.004	0.997	0.018	-5.158	0.237	0.245
-15.0	-0.790	0.12988	-0.005	0.859	0.004	1.000	0.021	-6.085	0.231	0.244
-14.0	-0.811	0.11246	-0.005	0.833	0.004	1.000	0.024	-7.209	0.180	0.244
-13.0	-0.809	0.09957	-0.006	0.798	0.005	1.000	0.033	-8.124	0.363	0.243
-12.0	-0.796	0.08654	-0.007	0.758	0.005	1.000	0.046	-9.201	0.315	0.242
-11.0	-0.775	0.07338	-0.008	0.712	0.005	1.000	0.079	-10.556	-0.298	0.240
-10.0	-0.807	0.03614	-0.012	0.663	0.006	1.000	0.486	-22.320	0.114	0.235
-9.0	-0.827	0.01983	-0.015	0.611	0.006	1.000	0.961	-41.714	0.320	0.232
-8.0	-0.752	0.01413	-0.016	0.559	0.007	1.000	0.984	-53.232	0.263	0.228
-7.0	-0.662	0.01451	-0.017	0.505	0.009	1.000	0.990	-45.631	0.261	0.224
-6.0	-0.562	0.01381	-0.018	0.448	0.012	1.000	0.992	-40.715	0.260	0.217
-5.0	-0.455	0.01325	-0.019	0.408	0.018	1.000	0.994	-34.330	0.259	0.207
-4.0	-0.343	0.01276	-0.020	0.372	0.024	1.000	0.995	-26.859	0.259	0.190
-3.0	-0.227	0.01241	-0.021	0.342	0.042	1.000	0.996	-18.282	0.259	0.155
-2.0	-0.110	0.01217	-0.023	0.302	0.078	1.000	0.998	-9.011	0.259	0.044
-1.0	0.008	0.01200	-0.024	0.259	0.121	0.997	0.998	0.697	0.259	3.074
0.0	0.127	0.01190	-0.025	0.216	0.168	0.996	0.998	10.631	0.259	0.445
1.0	0.245	0.01197	-0.026	0.173	0.216	0.996	0.998	20.431	0.259	0.355
2.0	0.362	0.01229	-0.027	0.125	0.266	0.995	0.998	29.460	0.259	0.324
3.0	0.479	0.01271	-0.028	0.077	0.320	0.994	0.998	37.667	0.260	0.308
4.0	0.594	0.01334	-0.029	0.038	0.397	0.993	0.998	44.499	0.260	0.299
5.0	0.705	0.01399	-0.030	0.020	0.462	0.992	0.998	50.364	0.260	0.293
6.0	0.810	0.01484	-0.031	0.015	0.512	0.990	0.998	54.585	0.261	0.289
7.0	0.906	0.01420	-0.032	0.010	0.569	0.986	0.998	63.834	0.262	0.286
8.0	0.991	0.01999	-0.033	0.007	0.634	0.978	0.998	49.589	0.263	0.284
9.0	1.061	0.02191	-0.034	0.006	0.707	0.962	0.998	48.431	0.265	0.282
10.0	1.111	0.02439	-0.035	0.005	0.774	0.924	0.998	45.553	0.263	0.282
11.0	1.123	0.02939	-0.035	0.004	0.835	0.797	0.999	38.215	0.324	0.281
12.0	1.000	0.07303	-0.027	0.004	0.875	0.183	0.998	13.694	0.342	0.277
13.0	0.976	0.09763	-0.022	0.004	0.906	0.053	0.998	9.993	0.438	0.272
14.0	0.965	0.11333	-0.020	0.003	0.925	0.034	0.998	8.513	0.320	0.271
15.0	0.945	0.12666	-0.019	0.003	0.941	0.024	0.998	7.461	0.266	0.271
16.0	0.906	0.14492	-0.019	0.003	0.953	0.021	0.998	6.253	0.251	0.271
17.0	0.852	0.16430	-0.019	0.003	0.961	0.018	0.998	5.188	0.250	0.273
18.0	0.794	0.18692	-0.019	0.003	0.967	0.016	0.998	4.249	0.251	0.274
19.0	0.735	0.21315	-0.019	0.002	0.975	0.014	0.998	3.446	0.241	0.276
20.0	0.676	0.24236	-0.020	0.002	0.978	0.017	0.998	2.791	0.230	0.280

Name = NACA 1410
Mach = 0; Re = 1230000; T.U. = 1.0; T.L. = 1.0
Surface Finish = 2; Stall model = 0; Transition model = 1; Aspect Ratio = 0; ground effect = 0
?	Cl	Cd	Cm 0.25	T.U.	T.L.	S.U.	S.L.	L/D	A.C.	C.P.
[°]	[-]	[-]	[-]	[-]	[-]	[-]	[-]	[-]	[-]	[-]
-20.0	-0.577	0.23546	-0.003	0.915	0.002	1.000	0.021	-2.450	0.242	0.245
-19.0	-0.624	0.20218	-0.003	0.901	0.002	0.997	0.023	-3.087	0.242	0.245
-18.0	-0.671	0.18335	-0.004	0.880	0.002	1.000	0.024	-3.661	0.242	0.245
-17.0	-0.717	0.15620	-0.004	0.853	0.003	1.000	0.025	-4.588	0.240	0.244
-16.0	-0.758	0.14036	-0.004	0.825	0.004	1.000	0.027	-5.399	0.236	0.244
-15.0	-0.793	0.12389	-0.005	0.792	0.004	1.000	0.034	-6.400	0.227	0.244
-14.0	-0.814	0.10751	-0.006	0.752	0.004	1.000	0.042	-7.573	0.176	0.243
-13.0	-0.814	0.09371	-0.007	0.707	0.004	1.000	0.059	-8.689	0.504	0.242
-12.0	-0.806	0.07936	-0.008	0.659	0.005	1.000	0.095	-10.155	0.635	0.240
-11.0	-0.805	0.05705	-0.010	0.610	0.005	1.000	0.240	-14.112	0.164	0.237
-10.0	-0.878	0.02155	-0.014	0.561	0.005	1.000	0.882	-40.735	0.038	0.234
-9.0	-0.830	0.01866	-0.015	0.511	0.006	1.000	0.975	-44.448	0.268	0.232
-8.0	-0.753	0.01349	-0.016	0.459	0.006	1.000	0.988	-55.799	0.262	0.228
-7.0	-0.662	0.01391	-0.017	0.417	0.008	1.000	0.991	-47.606	0.261	0.224
-6.0	-0.562	0.01309	-0.018	0.387	0.010	1.000	0.993	-42.945	0.260	0.217
-5.0	-0.455	0.01257	-0.019	0.354	0.016	1.000	0.995	-36.203	0.259	0.207
-4.0	-0.343	0.01219	-0.020	0.319	0.021	1.000	0.996	-28.110	0.259	0.190
-3.0	-0.227	0.01191	-0.021	0.287	0.036	1.000	0.997	-19.047	0.259	0.155
-2.0	-0.110	0.01262	-0.023	0.252	0.060	1.000	0.998	-8.692	0.259	0.044
-1.0	0.008	0.01162	-0.024	0.213	0.094	1.000	0.998	0.719	0.259	3.076
0.0	0.127	0.01155	-0.025	0.173	0.133	0.997	0.998	10.954	0.259	0.445
1.0	0.245	0.01162	-0.026	0.133	0.173	0.996	0.998	21.052	0.259	0.355
2.0	0.362	0.01185	-0.027	0.091	0.215	0.996	0.998	30.560	0.259	0.324
3.0	0.479	0.01227	-0.028	0.055	0.259	0.995	0.998	39.023	0.260	0.308
4.0	0.594	0.01279	-0.029	0.031	0.306	0.994	0.998	46.434	0.260	0.299
5.0	0.705	0.01344	-0.030	0.018	0.359	0.993	0.998	52.455	0.260	0.293
6.0	0.810	0.01407	-0.031	0.013	0.427	0.991	0.998	57.548	0.261	0.289
7.0	0.907	0.01501	-0.032	0.008	0.473	0.990	0.999	60.433	0.262	0.286
8.0	0.992	0.01453	-0.033	0.006	0.520	0.982	0.998	68.286	0.263	0.284
9.0	1.063	0.02075	-0.034	0.005	0.573	0.970	0.998	51.225	0.265	0.282
10.0	1.115	0.02293	-0.035	0.004	0.633	0.943	0.998	48.645	0.268	0.282
11.0	1.141	0.02623	-0.036	0.004	0.703	0.873	0.999	43.499	0.343	0.281
12.0	1.107	0.03738	-0.035	0.004	0.765	0.632	0.998	29.626	0.316	0.281
13.0	0.997	0.08503	-0.026	0.003	0.826	0.140	0.998	11.721	0.335	0.276
14.0	0.972	0.10580	-0.023	0.003	0.873	0.064	0.998	9.188	0.343	0.274
15.0	0.950	0.12180	-0.022	0.003	0.906	0.043	0.999	7.796	0.276	0.273
16.0	0.909	0.13931	-0.021	0.003	0.926	0.034	0.998	6.527	0.257	0.274
17.0	0.855	0.15744	-0.021	0.003	0.941	0.029	0.999	5.428	0.256	0.275
18.0	0.796	0.17955	-0.021	0.002	0.955	0.023	0.998	4.431	0.250	0.276
19.0	0.736	0.20631	-0.021	0.002	0.962	0.023	0.998	3.568	0.245	0.279
20.0	0.677	0.22915	-0.021	0.001	0.969	0.021	0.998	2.955	0.247	0.282

Name = NACA 1410
Mach = 0; Re = 1630000; T.U. = 1.0; T.L. = 1.0
Surface Finish = 2; Stall model = 0; Transition model = 1; Aspect Ratio = 0; ground effect = 0
?	Cl	Cd	Cm 0.25	T.U.	T.L.	S.U.	S.L.	L/D	A.C.	C.P.
[°]	[-]	[-]	[-]	[-]	[-]	[-]	[-]	[-]	[-]	[-]
-20.0	-0.577	0.22088	-0.003	0.883	0.001	1.000	0.024	-2.614	0.242	0.245
-19.0	-0.624	0.19747	-0.003	0.861	0.002	1.000	0.025	-3.162	0.242	0.245
-18.0	-0.672	0.17961	-0.004	0.836	0.002	1.000	0.026	-3.739	0.240	0.245
-17.0	-0.718	0.15509	-0.004	0.799	0.002	1.000	0.034	-4.631	0.238	0.244
-16.0	-0.760	0.13435	-0.005	0.759	0.004	1.000	0.036	-5.655	0.236	0.244
-15.0	-0.795	0.11934	-0.005	0.715	0.004	1.000	0.043	-6.659	0.225	0.243
-14.0	-0.818	0.10357	-0.006	0.670	0.004	1.000	0.059	-7.895	0.176	0.243
-13.0	-0.819	0.08921	-0.007	0.623	0.004	1.000	0.084	-9.184	5.429	0.241
-12.0	-0.817	0.07191	-0.009	0.578	0.004	1.000	0.152	-11.364	0.101	0.239
-11.0	-0.849	0.03880	-0.012	0.533	0.005	1.000	0.473	-21.891	0.170	0.236
-10.0	-0.887	0.02009	-0.014	0.490	0.005	1.000	0.932	-44.144	0.444	0.234
-9.0	-0.830	0.01785	-0.015	0.443	0.006	1.000	0.980	-46.519	0.266	0.232
-8.0	-0.753	0.01429	-0.016	0.407	0.006	1.000	0.990	-52.690	0.262	0.228
-7.0	-0.662	0.01343	-0.017	0.374	0.007	1.000	0.992	-49.335	0.261	0.224
-6.0	-0.562	0.01271	-0.018	0.350	0.009	1.000	0.993	-44.233	0.260	0.217
-5.0	-0.455	0.01214	-0.019	0.313	0.015	1.000	0.995	-37.492	0.259	0.207
-4.0	-0.343	0.01183	-0.020	0.282	0.020	1.000	0.996	-28.979	0.259	0.190
-3.0	-0.227	0.01154	-0.021	0.252	0.031	1.000	0.998	-19.666	0.259	0.155
-2.0	-0.110	0.01231	-0.023	0.215	0.051	1.000	0.998	-8.906	0.259	0.044
-1.0	0.008	0.01217	-0.024	0.179	0.078	1.000	0.998	0.687	0.259	3.076
0.0	0.127	0.01127	-0.025	0.144	0.110	1.000	0.998	11.232	0.259	0.445
1.0	0.245	0.01134	-0.026	0.108	0.146	0.997	0.998	21.562	0.259	0.355
2.0	0.362	0.01160	-0.027	0.074	0.182	0.996	0.998	31.238	0.259	0.324
3.0	0.479	0.01200	-0.028	0.042	0.221	0.995	0.998	39.902	0.260	0.308
4.0	0.594	0.01244	-0.029	0.023	0.261	0.995	0.998	47.730	0.260	0.299
5.0	0.705	0.01299	-0.030	0.016	0.304	0.993	0.998	54.261	0.260	0.293
6.0	0.810	0.01368	-0.031	0.012	0.352	0.992	0.999	59.213	0.261	0.289
7.0	0.907	0.01452	-0.032	0.008	0.410	0.990	0.999	62.463	0.262	0.286
8.0	0.993	0.01397	-0.033	0.006	0.459	0.985	0.998	71.048	0.263	0.284
9.0	1.064	0.01989	-0.034	0.005	0.503	0.976	0.998	53.497	0.266	0.282
10.0	1.118	0.02191	-0.035	0.004	0.550	0.953	0.998	51.018	0.269	0.282
11.0	1.147	0.02478	-0.036	0.004	0.602	0.900	0.999	46.297	0.272	0.281
12.0	1.136	0.03121	-0.036	0.004	0.659	0.751	0.998	36.406	0.298	0.282
13.0	1.037	0.06566	-0.031	0.003	0.719	0.309	0.998	15.799	0.317	0.280
14.0	0.982	0.09854	-0.025	0.003	0.783	0.104	0.998	9.962	0.336	0.276
15.0	0.954	0.11621	-0.024	0.003	0.840	0.063	0.999	8.211	0.293	0.275
16.0	0.911	0.13424	-0.022	0.003	0.881	0.043	0.998	6.789	0.262	0.275
17.0	0.857	0.15040	-0.022	0.003	0.911	0.038	0.999	5.696	0.253	0.276
18.0	0.797	0.17444	-0.022	0.002	0.935	0.031	0.999	4.571	0.255	0.278
19.0	0.737	0.20025	-0.022	0.001	0.948	0.026	0.999	3.679	0.252	0.280
20.0	0.678	0.22822	-0.022	0.001	0.959	0.023	0.999	2.969	0.250	0.282

Name = NACA 1410
Mach = 0; Re = 2030000; T.U. = 1.0; T.L. = 1.0
Surface Finish = 2; Stall model = 0; Transition model = 1; Aspect Ratio = 0; ground effect = 0
?	Cl	Cd	Cm 0.25	T.U.	T.L.	S.U.	S.L.	L/D	A.C.	C.P.
[°]	[-]	[-]	[-]	[-]	[-]	[-]	[-]	[-]	[-]	[-]
-20.0	-0.577	0.21745	-0.003	0.846	0.001	1.000	0.025	-2.656	0.242	0.245
-19.0	-0.625	0.19378	-0.003	0.813	0.001	1.000	0.026	-3.223	0.242	0.245
-18.0	-0.672	0.17644	-0.004	0.777	0.002	1.000	0.028	-3.809	0.239	0.245
-17.0	-0.719	0.15392	-0.004	0.737	0.002	1.000	0.036	-4.669	0.238	0.244
-16.0	-0.760	0.13320	-0.005	0.697	0.003	1.000	0.040	-5.709	0.234	0.244
-15.0	-0.797	0.11557	-0.006	0.657	0.004	1.000	0.054	-6.895	0.224	0.243
-14.0	-0.820	0.10079	-0.006	0.610	0.004	1.000	0.071	-8.136	0.179	0.242
-13.0	-0.824	0.08498	-0.007	0.565	0.004	1.000	0.108	-9.698	-0.047	0.241
-12.0	-0.830	0.06437	-0.009	0.520	0.004	1.000	0.216	-12.891	0.171	0.239
-11.0	-0.887	0.02804	-0.012	0.477	0.005	1.000	0.671	-31.632	0.167	0.236
-10.0	-0.890	0.01930	-0.014	0.435	0.005	1.000	0.949	-46.109	0.301	0.234
-9.0	-0.831	0.01346	-0.015	0.405	0.005	1.000	0.982	-61.693	0.265	0.232
-8.0	-0.753	0.01385	-0.016	0.371	0.005	1.000	0.990	-54.354	0.262	0.228
-7.0	-0.662	0.01299	-0.017	0.349	0.006	1.000	0.992	-51.001	0.261	0.224
-6.0	-0.562	0.01237	-0.018	0.313	0.009	1.000	0.994	-45.473	0.260	0.217
-5.0	-0.455	0.01189	-0.019	0.286	0.013	1.000	0.995	-38.292	0.259	0.207
-4.0	-0.343	0.01156	-0.020	0.255	0.018	1.000	0.997	-29.666	0.259	0.190
-3.0	-0.227	0.01233	-0.021	0.220	0.027	1.000	0.998	-18.409	0.259	0.155
-2.0	-0.110	0.01203	-0.023	0.189	0.043	1.000	0.998	-9.116	0.259	0.044
-1.0	0.008	0.01191	-0.024	0.159	0.068	1.000	0.998	0.702	0.259	3.076
0.0	0.127	0.01190	-0.025	0.128	0.098	1.000	0.998	10.640	0.259	0.445
1.0	0.245	0.01111	-0.026	0.093	0.131	0.997	0.998	22.011	0.259	0.355
2.0	0.362	0.01131	-0.027	0.061	0.165	0.997	0.998	32.033	0.259	0.324
3.0	0.479	0.01167	-0.028	0.037	0.196	0.996	0.998	41.040	0.260	0.308
4.0	0.594	0.01210	-0.029	0.021	0.230	0.995	0.998	49.071	0.260	0.299
5.0	0.705	0.01264	-0.030	0.015	0.267	0.994	0.998	55.770	0.260	0.293
6.0	0.810	0.01332	-0.031	0.011	0.308	0.992	0.999	60.832	0.261	0.289
7.0	0.907	0.01415	-0.032	0.007	0.354	0.991	0.999	64.107	0.262	0.286
8.0	0.993	0.01359	-0.033	0.005	0.407	0.987	0.998	73.064	0.263	0.284
9.0	1.065	0.01926	-0.034	0.004	0.455	0.978	0.998	55.280	0.266	0.282
10.0	1.119	0.02118	-0.035	0.004	0.493	0.960	0.998	52.853	0.270	0.282
11.0	1.151	0.02380	-0.036	0.004	0.532	0.916	0.999	48.347	0.279	0.281
12.0	1.150	0.02851	-0.036	0.004	0.581	0.807	0.998	40.326	0.287	0.282
13.0	1.073	0.05141	-0.033	0.003	0.633	0.457	0.998	20.867	0.306	0.281
14.0	0.994	0.09053	-0.028	0.003	0.693	0.155	0.999	10.979	0.323	0.278
15.0	0.959	0.11210	-0.025	0.003	0.755	0.084	0.999	8.556	0.298	0.276
16.0	0.914	0.12989	-0.024	0.003	0.811	0.057	0.999	7.040	0.270	0.276
17.0	0.858	0.14898	-0.023	0.002	0.863	0.043	0.999	5.757	0.259	0.277
18.0	0.798	0.17167	-0.023	0.001	0.903	0.036	0.999	4.650	0.257	0.279
19.0	0.737	0.19649	-0.022	0.001	0.926	0.029	0.999	3.752	0.257	0.280
20.0	0.678	0.22255	-0.022	0.001	0.943	0.024	0.999	3.045	0.254	0.282

Name = NACA 1410
Mach = 0; Re = 2430000; T.U. = 1.0; T.L. = 1.0
Surface Finish = 2; Stall model = 0; Transition model = 1; Aspect Ratio = 0; ground effect = 0
?	Cl	Cd	Cm 0.25	T.U.	T.L.	S.U.	S.L.	L/D	A.C.	C.P.
[°]	[-]	[-]	[-]	[-]	[-]	[-]	[-]	[-]	[-]	[-]
-20.0	-0.578	0.21647	-0.003	0.804	0.001	1.000	0.026	-2.668	0.242	0.245
-19.0	-0.625	0.19451	-0.003	0.765	0.001	1.000	0.028	-3.213	0.242	0.245
-18.0	-0.672	0.17289	-0.004	0.724	0.001	1.000	0.030	-3.888	0.240	0.244
-17.0	-0.719	0.15270	-0.004	0.682	0.002	1.000	0.037	-4.708	0.237	0.244
-16.0	-0.761	0.13318	-0.005	0.642	0.002	1.000	0.043	-5.714	0.232	0.244
-15.0	-0.799	0.11327	-0.006	0.605	0.004	1.000	0.063	-7.050	0.222	0.243
-14.0	-0.823	0.09742	-0.007	0.560	0.004	1.000	0.086	-8.449	0.182	0.242
-13.0	-0.828	0.08167	-0.008	0.517	0.004	1.000	0.129	-10.141	0.083	0.241
-12.0	-0.842	0.05782	-0.010	0.475	0.004	1.000	0.277	-14.558	0.184	0.238
-11.0	-0.905	0.02421	-0.013	0.436	0.004	1.000	0.766	-37.382	0.158	0.236
-10.0	-0.892	0.01871	-0.014	0.405	0.005	1.000	0.959	-47.669	0.284	0.234
-9.0	-0.831	0.01311	-0.015	0.373	0.005	1.000	0.984	-63.407	0.265	0.232
-8.0	-0.753	0.01353	-0.016	0.351	0.005	1.000	0.990	-55.654	0.262	0.228
-7.0	-0.662	0.01274	-0.017	0.317	0.006	1.000	0.993	-51.997	0.261	0.224
-6.0	-0.562	0.01212	-0.018	0.297	0.008	1.000	0.994	-46.401	0.260	0.217
-5.0	-0.455	0.01165	-0.019	0.259	0.012	1.000	0.996	-39.055	0.259	0.207
-4.0	-0.343	0.01129	-0.020	0.229	0.017	1.000	0.997	-30.364	0.259	0.190
-3.0	-0.227	0.01205	-0.021	0.206	0.024	1.000	0.998	-18.836	0.259	0.155
-2.0	-0.110	0.01179	-0.023	0.171	0.039	1.000	0.998	-9.299	0.259	0.044
-1.0	0.008	0.01170	-0.024	0.139	0.060	1.000	0.998	0.715	0.259	3.076
0.0	0.127	0.01173	-0.025	0.109	0.086	1.000	0.998	10.798	0.259	0.445
1.0	0.245	0.01093	-0.026	0.080	0.115	1.000	0.998	22.385	0.259	0.355
2.0	0.362	0.01116	-0.027	0.054	0.145	0.997	0.998	32.477	0.259	0.324
3.0	0.479	0.01146	-0.028	0.033	0.177	0.996	0.998	41.784	0.260	0.308
4.0	0.594	0.01186	-0.029	0.019	0.212	0.995	0.998	50.063	0.260	0.299
5.0	0.705	0.01238	-0.030	0.014	0.248	0.994	0.998	56.977	0.260	0.293
6.0	0.810	0.01302	-0.031	0.010	0.278	0.993	0.999	62.247	0.261	0.289
7.0	0.907	0.01384	-0.032	0.006	0.315	0.991	0.999	65.538	0.262	0.286
8.0	0.993	0.01334	-0.033	0.005	0.361	0.989	0.998	74.482	0.263	0.284
9.0	1.065	0.01876	-0.035	0.004	0.410	0.980	0.998	56.767	0.266	0.282
10.0	1.120	0.02058	-0.035	0.004	0.455	0.964	0.998	54.420	0.270	0.282
11.0	1.154	0.02300	-0.036	0.004	0.490	0.927	0.999	50.158	0.280	0.281
12.0	1.156	0.02709	-0.037	0.004	0.528	0.836	0.999	42.686	0.280	0.282
13.0	1.094	0.04425	-0.035	0.003	0.573	0.543	0.999	24.719	0.299	0.282
14.0	1.007	0.08305	-0.029	0.003	0.623	0.209	0.999	12.120	0.314	0.279
15.0	0.964	0.10773	-0.026	0.003	0.676	0.104	0.999	8.948	0.304	0.277
16.0	0.916	0.12702	-0.024	0.003	0.735	0.066	0.999	7.214	0.276	0.277
17.0	0.859	0.14827	-0.023	0.002	0.796	0.047	0.999	5.790	0.265	0.277
18.0	0.798	0.17147	-0.023	0.001	0.848	0.036	0.999	4.655	0.257	0.278
19.0	0.738	0.19567	-0.023	0.001	0.890	0.031	0.999	3.770	0.253	0.281
20.0	0.678	0.21826	-0.022	0.001	0.920	0.027	0.999	3.107	0.253	0.283

Name = NACA 1410
Mach = 0; Re = 2830000; T.U. = 1.0; T.L. = 1.0
Surface Finish = 2; Stall model = 0; Transition model = 1; Aspect Ratio = 0; ground effect = 0
?	Cl	Cd	Cm 0.25	T.U.	T.L.	S.U.	S.L.	L/D	A.C.	C.P.
[°]	[-]	[-]	[-]	[-]	[-]	[-]	[-]	[-]	[-]	[-]
-20.0	-0.578	0.21060	-0.003	0.760	0.001	1.000	0.028	-2.744	0.242	0.245
-19.0	-0.625	0.19231	-0.003	0.719	0.001	1.000	0.030	-3.251	0.241	0.245
-18.0	-0.673	0.17075	-0.004	0.677	0.001	1.000	0.031	-3.939	0.240	0.244
-17.0	-0.719	0.15101	-0.004	0.637	0.001	1.000	0.038	-4.762	0.237	0.244
-16.0	-0.762	0.13115	-0.005	0.604	0.002	1.000	0.046	-5.806	0.232	0.244
-15.0	-0.799	0.11179	-0.006	0.560	0.003	1.000	0.067	-7.151	0.221	0.243
-14.0	-0.825	0.09550	-0.007	0.518	0.004	1.000	0.095	-8.639	0.184	0.242
-13.0	-0.834	0.07783	-0.008	0.478	0.004	1.000	0.156	-10.710	0.138	0.240
-12.0	-0.856	0.05092	-0.010	0.443	0.004	1.000	0.348	-16.802	0.191	0.238
-11.0	-0.918	0.02205	-0.013	0.409	0.004	1.000	0.832	-41.604	0.138	0.236
-10.0	-0.893	0.01819	-0.014	0.380	0.005	1.000	0.965	-49.082	0.277	0.234
-9.0	-0.831	0.01281	-0.015	0.354	0.005	1.000	0.986	-64.890	0.264	0.232
-8.0	-0.753	0.01328	-0.016	0.325	0.005	1.000	0.991	-56.723	0.262	0.228
-7.0	-0.663	0.01251	-0.017	0.301	0.006	1.000	0.993	-52.976	0.261	0.224
-6.0	-0.562	0.01192	-0.018	0.267	0.008	1.000	0.995	-47.178	0.260	0.217
-5.0	-0.455	0.01143	-0.019	0.246	0.011	1.000	0.996	-39.821	0.259	0.207
-4.0	-0.343	0.01112	-0.020	0.213	0.016	1.000	0.998	-30.844	0.259	0.190
-3.0	-0.227	0.01185	-0.021	0.182	0.022	1.000	0.998	-19.150	0.259	0.155
-2.0	-0.110	0.01165	-0.023	0.158	0.036	1.000	0.998	-9.411	0.259	0.044
-1.0	0.008	0.01151	-0.024	0.130	0.054	1.000	0.998	0.726	0.259	3.076
0.0	0.127	0.01156	-0.025	0.099	0.078	1.000	0.998	10.956	0.259	0.445
1.0	0.245	0.01174	-0.026	0.072	0.105	1.000	0.998	20.858	0.259	0.355
2.0	0.363	0.01096	-0.027	0.048	0.135	1.000	0.998	33.062	0.259	0.324
3.0	0.479	0.01128	-0.028	0.030	0.167	0.996	0.998	42.471	0.259	0.308
4.0	0.594	0.01167	-0.029	0.018	0.193	0.996	0.998	50.901	0.260	0.299
5.0	0.705	0.01219	-0.030	0.013	0.223	0.995	0.998	57.841	0.260	0.293
6.0	0.810	0.01276	-0.031	0.009	0.258	0.993	0.999	63.500	0.261	0.289
7.0	0.907	0.01353	-0.032	0.006	0.298	0.992	0.999	67.061	0.262	0.286
8.0	0.994	0.01454	-0.033	0.005	0.327	0.990	0.998	68.351	0.263	0.284
9.0	1.066	0.01405	-0.035	0.004	0.371	0.982	0.998	75.836	0.266	0.282
10.0	1.121	0.02015	-0.036	0.004	0.417	0.967	0.998	55.629	0.270	0.282
11.0	1.155	0.02239	-0.036	0.003	0.458	0.935	0.999	51.589	0.281	0.281
12.0	1.161	0.02596	-0.037	0.004	0.496	0.857	0.999	44.736	0.272	0.282
13.0	1.111	0.03900	-0.035	0.003	0.529	0.615	0.999	28.491	0.292	0.282
14.0	1.023	0.07415	-0.031	0.003	0.573	0.276	0.999	13.793	0.309	0.280
15.0	0.968	0.10416	-0.027	0.003	0.620	0.122	0.999	9.295	0.307	0.278
16.0	0.918	0.12570	-0.025	0.002	0.671	0.073	0.999	7.302	0.283	0.277
17.0	0.858	0.14835	-0.023	0.001	0.726	0.046	0.999	5.786	0.268	0.277
18.0	0.798	0.16934	-0.023	0.001	0.785	0.037	0.999	4.715	0.255	0.279
19.0	0.738	0.19288	-0.023	0.001	0.840	0.032	0.999	3.826	0.252	0.281
20.0	0.678	0.21515	-0.023	0.001	0.885	0.028	0.999	3.153	0.252	0.283

Name = NACA 1410
Mach = 0; Re = 3230000; T.U. = 1.0; T.L. = 1.0
Surface Finish = 2; Stall model = 0; Transition model = 1; Aspect Ratio = 0; ground effect = 0
?	Cl	Cd	Cm 0.25	T.U.	T.L.	S.U.	S.L.	L/D	A.C.	C.P.
[°]	[-]	[-]	[-]	[-]	[-]	[-]	[-]	[-]	[-]	[-]
-20.0	-0.578	0.21173	-0.003	0.717	0.001	1.000	0.029	-2.730	0.243	0.245
-19.0	-0.625	0.19146	-0.003	0.677	0.001	1.000	0.029	-3.265	0.241	0.245
-18.0	-0.673	0.17109	-0.004	0.639	0.001	1.000	0.033	-3.932	0.239	0.244
-17.0	-0.719	0.14921	-0.004	0.606	0.001	1.000	0.040	-4.821	0.237	0.244
-16.0	-0.762	0.13090	-0.005	0.562	0.002	1.000	0.048	-5.821	0.233	0.243
-15.0	-0.799	0.11253	-0.006	0.522	0.003	1.000	0.064	-7.099	0.220	0.243
-14.0	-0.828	0.09287	-0.007	0.489	0.004	1.000	0.109	-8.913	0.186	0.242
-13.0	-0.839	0.07426	-0.008	0.451	0.004	1.000	0.180	-11.292	0.166	0.240
-12.0	-0.872	0.04387	-0.011	0.413	0.004	1.000	0.430	-19.874	0.194	0.238
-11.0	-0.925	0.02084	-0.013	0.395	0.004	1.000	0.871	-44.384	0.080	0.236
-10.0	-0.894	0.01776	-0.014	0.359	0.005	1.000	0.970	-50.332	0.274	0.234
-9.0	-0.832	0.01255	-0.015	0.341	0.005	1.000	0.988	-66.249	0.264	0.232
-8.0	-0.753	0.01306	-0.016	0.306	0.005	1.000	0.991	-57.640	0.262	0.228
-7.0	-0.663	0.01230	-0.017	0.279	0.006	1.000	0.993	-53.846	0.261	0.224
-6.0	-0.562	0.01171	-0.018	0.255	0.007	1.000	0.995	-48.037	0.260	0.217
-5.0	-0.455	0.01130	-0.019	0.223	0.011	1.000	0.996	-40.286	0.259	0.207
-4.0	-0.343	0.01096	-0.020	0.204	0.015	1.000	0.998	-31.284	0.259	0.190
-3.0	-0.227	0.01166	-0.021	0.171	0.021	1.000	0.998	-19.472	0.259	0.155
-2.0	-0.110	0.01145	-0.023	0.142	0.033	1.000	0.998	-9.581	0.259	0.044
-1.0	0.008	0.01136	-0.024	0.117	0.050	1.000	0.998	0.736	0.259	3.076
0.0	0.127	0.01136	-0.025	0.093	0.073	1.000	0.998	11.150	0.259	0.445
1.0	0.245	0.01152	-0.026	0.067	0.099	1.000	0.998	21.238	0.259	0.355
2.0	0.363	0.01186	-0.027	0.044	0.126	1.000	0.998	30.568	0.259	0.324
3.0	0.479	0.01111	-0.028	0.028	0.150	0.997	0.998	43.093	0.259	0.308
4.0	0.594	0.01149	-0.029	0.017	0.179	0.996	0.998	51.672	0.260	0.299
5.0	0.705	0.01195	-0.030	0.012	0.212	0.995	0.998	59.026	0.260	0.293
6.0	0.810	0.01260	-0.031	0.008	0.242	0.993	0.999	64.298	0.261	0.289
7.0	0.907	0.01339	-0.032	0.006	0.270	0.992	0.999	67.745	0.262	0.286
8.0	0.994	0.01433	-0.033	0.005	0.306	0.990	0.998	69.318	0.263	0.284
9.0	1.066	0.01379	-0.035	0.004	0.348	0.983	0.998	77.270	0.266	0.282
10.0	1.122	0.01970	-0.036	0.004	0.390	0.970	0.998	56.937	0.271	0.282
11.0	1.157	0.02185	-0.036	0.003	0.429	0.941	0.999	52.941	0.281	0.281
12.0	1.165	0.02522	-0.037	0.003	0.462	0.870	0.999	46.172	0.263	0.282
13.0	1.123	0.03555	-0.036	0.003	0.503	0.667	0.999	31.603	0.286	0.282
14.0	1.038	0.06645	-0.032	0.003	0.536	0.340	0.999	15.620	0.303	0.281
15.0	0.974	0.09987	-0.028	0.003	0.577	0.146	0.999	9.748	0.312	0.279
16.0	0.918	0.12593	-0.025	0.002	0.622	0.072	0.999	7.287	0.289	0.277
17.0	0.859	0.14700	-0.024	0.001	0.671	0.048	0.999	5.842	0.266	0.277
18.0	0.799	0.16966	-0.023	0.001	0.724	0.038	0.999	4.708	0.255	0.279
19.0	0.738	0.18989	-0.023	0.001	0.780	0.033	0.999	3.887	0.252	0.281
20.0	0.679	0.21172	-0.023	0.001	0.838	0.029	0.999	3.205	0.252	0.284

Name = NACA 1410
Mach = 0; Re = 3630000; T.U. = 1.0; T.L. = 1.0
Surface Finish = 2; Stall model = 0; Transition model = 1; Aspect Ratio = 0; ground effect = 0
?	Cl	Cd	Cm 0.25	T.U.	T.L.	S.U.	S.L.	L/D	A.C.	C.P.
[°]	[-]	[-]	[-]	[-]	[-]	[-]	[-]	[-]	[-]	[-]
-20.0	-0.578	0.20689	-0.003	0.681	0.001	1.000	0.030	-2.795	0.243	0.245
-19.0	-0.625	0.19086	-0.003	0.646	0.001	1.000	0.030	-3.276	0.242	0.245
-18.0	-0.673	0.16778	-0.004	0.609	0.001	1.000	0.034	-4.011	0.239	0.244
-17.0	-0.719	0.14893	-0.004	0.567	0.001	1.000	0.041	-4.831	0.238	0.244
-16.0	-0.761	0.13093	-0.005	0.530	0.001	1.000	0.046	-5.815	0.233	0.244
-15.0	-0.799	0.11309	-0.006	0.502	0.002	1.000	0.063	-7.061	0.219	0.243
-14.0	-0.830	0.09052	-0.007	0.458	0.004	1.000	0.120	-9.170	0.188	0.242
-13.0	-0.844	0.07089	-0.008	0.421	0.004	1.000	0.205	-11.899	0.177	0.240
-12.0	-0.882	0.03996	-0.011	0.401	0.004	1.000	0.479	-22.058	0.195	0.238
-11.0	-0.928	0.02026	-0.013	0.366	0.004	1.000	0.887	-45.812	-0.025	0.236
-10.0	-0.894	0.01745	-0.014	0.349	0.004	1.000	0.973	-51.244	0.273	0.234
-9.0	-0.832	0.01237	-0.015	0.315	0.005	1.000	0.989	-67.217	0.264	0.232
-8.0	-0.753	0.01283	-0.016	0.298	0.005	1.000	0.991	-58.718	0.262	0.228
-7.0	-0.663	0.01213	-0.017	0.262	0.005	1.000	0.993	-54.612	0.261	0.224
-6.0	-0.563	0.01155	-0.018	0.241	0.007	1.000	0.995	-48.712	0.260	0.217
-5.0	-0.455	0.01112	-0.019	0.213	0.010	1.000	0.997	-40.954	0.259	0.207
-4.0	-0.343	0.01184	-0.020	0.183	0.015	1.000	0.998	-28.952	0.259	0.190
-3.0	-0.227	0.01149	-0.021	0.166	0.020	1.000	0.998	-19.762	0.259	0.155
-2.0	-0.110	0.01136	-0.023	0.134	0.031	1.000	0.998	-9.651	0.259	0.044
-1.0	0.008	0.01119	-0.024	0.107	0.047	1.000	0.998	0.747	0.259	3.076
0.0	0.127	0.01119	-0.025	0.083	0.070	1.000	0.998	11.315	0.259	0.445
1.0	0.245	0.01145	-0.026	0.060	0.091	1.000	0.998	21.379	0.259	0.355
2.0	0.363	0.01168	-0.027	0.040	0.114	1.000	0.998	31.034	0.259	0.324
3.0	0.479	0.01097	-0.028	0.026	0.140	0.997	0.998	43.644	0.259	0.308
4.0	0.594	0.01132	-0.029	0.016	0.171	0.996	0.999	52.469	0.260	0.299
5.0	0.705	0.01182	-0.030	0.012	0.199	0.995	0.998	59.663	0.260	0.293
6.0	0.810	0.01239	-0.031	0.008	0.224	0.994	0.999	65.411	0.261	0.289
7.0	0.907	0.01313	-0.032	0.006	0.257	0.992	0.999	69.081	0.262	0.286
8.0	0.994	0.01407	-0.033	0.005	0.292	0.991	0.998	70.632	0.264	0.284
9.0	1.066	0.01354	-0.035	0.004	0.318	0.984	0.998	78.720	0.266	0.282
10.0	1.122	0.01937	-0.036	0.003	0.358	0.972	0.999	57.943	0.271	0.282
11.0	1.158	0.02145	-0.036	0.003	0.403	0.945	0.999	53.973	0.282	0.281
12.0	1.169	0.02430	-0.037	0.003	0.449	0.888	0.999	48.094	0.251	0.282
13.0	1.133	0.03308	-0.036	0.003	0.469	0.708	0.999	34.259	0.283	0.282
14.0	1.047	0.06221	-0.033	0.003	0.508	0.376	0.999	16.823	0.299	0.281
15.0	0.979	0.09592	-0.029	0.003	0.551	0.168	0.999	10.206	0.312	0.279
16.0	0.918	0.12501	-0.025	0.002	0.585	0.074	0.999	7.345	0.293	0.277
17.0	0.859	0.14642	-0.024	0.001	0.628	0.049	0.999	5.867	0.266	0.278
18.0	0.799	0.16628	-0.023	0.001	0.676	0.039	0.999	4.804	0.255	0.279
19.0	0.738	0.18910	-0.023	0.001	0.727	0.034	0.999	3.904	0.251	0.281
20.0	0.679	0.21079	-0.023	0.001	0.783	0.030	0.999	3.220	0.252	0.284

Name = NACA 1410
Mach = 0; Re = 4030000; T.U. = 1.0; T.L. = 1.0
Surface Finish = 2; Stall model = 0; Transition model = 1; Aspect Ratio = 0; ground effect = 0
?	Cl	Cd	Cm 0.25	T.U.	T.L.	S.U.	S.L.	L/D	A.C.	C.P.
[°]	[-]	[-]	[-]	[-]	[-]	[-]	[-]	[-]	[-]	[-]
-20.0	-0.578	0.20834	-0.003	0.657	0.001	1.000	0.031	-2.776	0.243	0.245
-19.0	-0.625	0.18790	-0.003	0.614	0.001	1.000	0.031	-3.328	0.241	0.245
-18.0	-0.673	0.16802	-0.004	0.574	0.001	1.000	0.035	-4.006	0.239	0.244
-17.0	-0.720	0.14743	-0.004	0.546	0.001	1.000	0.041	-4.881	0.238	0.244
-16.0	-0.762	0.13012	-0.005	0.508	0.001	1.000	0.047	-5.854	0.233	0.244
-15.0	-0.799	0.11231	-0.006	0.468	0.002	1.000	0.066	-7.115	0.219	0.243
-14.0	-0.831	0.08929	-0.007	0.436	0.004	1.000	0.127	-9.311	0.190	0.241
-13.0	-0.847	0.06867	-0.009	0.406	0.004	1.000	0.222	-12.333	0.187	0.240
-12.0	-0.894	0.03545	-0.011	0.380	0.004	1.000	0.543	-25.224	0.196	0.238
-11.0	-0.932	0.01963	-0.013	0.355	0.004	1.000	0.906	-47.474	-3.916	0.236
-10.0	-0.895	0.01707	-0.014	0.330	0.004	1.000	0.977	-52.421	0.271	0.234
-9.0	-0.832	0.01344	-0.015	0.304	0.005	1.000	0.989	-61.906	0.264	0.232
-8.0	-0.753	0.01263	-0.016	0.275	0.005	1.000	0.992	-59.612	0.262	0.228
-7.0	-0.663	0.01193	-0.017	0.254	0.005	1.000	0.994	-55.546	0.261	0.224
-6.0	-0.563	0.01145	-0.018	0.223	0.006	1.000	0.995	-49.122	0.260	0.217
-5.0	-0.455	0.01096	-0.019	0.207	0.010	1.000	0.997	-41.533	0.259	0.207
-4.0	-0.343	0.01165	-0.020	0.174	0.014	1.000	0.998	-29.435	0.259	0.190
-3.0	-0.227	0.01144	-0.021	0.149	0.019	1.000	0.998	-19.837	0.259	0.155
-2.0	-0.110	0.01117	-0.023	0.129	0.029	1.000	0.998	-9.816	0.259	0.044
-1.0	0.008	0.01108	-0.024	0.101	0.045	1.000	0.998	0.754	0.259	3.076
0.0	0.127	0.01114	-0.025	0.076	0.063	1.000	0.998	11.364	0.259	0.445
1.0	0.245	0.01127	-0.026	0.055	0.084	1.000	0.998	21.709	0.259	0.355
2.0	0.363	0.01159	-0.027	0.037	0.108	1.000	0.998	31.274	0.259	0.324
3.0	0.479	0.01081	-0.028	0.024	0.135	1.000	0.998	44.350	0.259	0.308
4.0	0.594	0.01116	-0.029	0.015	0.163	0.996	0.999	53.239	0.260	0.299
5.0	0.705	0.01162	-0.030	0.011	0.184	0.995	0.998	60.679	0.260	0.293
6.0	0.810	0.01226	-0.031	0.007	0.215	0.994	0.999	66.107	0.261	0.289
7.0	0.907	0.01299	-0.032	0.005	0.248	0.992	0.999	69.865	0.262	0.286
8.0	0.994	0.01392	-0.033	0.004	0.270	0.991	0.998	71.382	0.264	0.284
9.0	1.066	0.01336	-0.035	0.004	0.305	0.985	0.998	79.812	0.266	0.282
10.0	1.123	0.01905	-0.036	0.003	0.343	0.975	0.999	58.949	0.271	0.282
11.0	1.159	0.02106	-0.036	0.003	0.375	0.949	0.999	55.013	0.282	0.281
12.0	1.171	0.02377	-0.037	0.003	0.414	0.898	0.999	49.263	0.238	0.282
13.0	1.140	0.03136	-0.037	0.003	0.454	0.736	0.999	36.353	0.278	0.282
14.0	1.063	0.05503	-0.034	0.003	0.481	0.443	0.999	19.314	0.293	0.282
15.0	0.989	0.08914	-0.030	0.002	0.515	0.211	0.999	11.096	0.314	0.280
16.0	0.917	0.12596	-0.025	0.001	0.558	0.069	0.999	7.281	0.299	0.277
17.0	0.859	0.14614	-0.024	0.001	0.601	0.051	0.999	5.881	0.262	0.278
18.0	0.799	0.16697	-0.023	0.001	0.639	0.040	0.999	4.785	0.256	0.279
19.0	0.738	0.18594	-0.023	0.001	0.684	0.035	0.999	3.972	0.250	0.281
20.0	0.679	0.21098	-0.023	0.001	0.735	0.032	0.999	3.218	0.250	0.284

Name = NACA 1410
Mach = 0; Re = 4430000; T.U. = 1.0; T.L. = 1.0
Surface Finish = 2; Stall model = 0; Transition model = 1; Aspect Ratio = 0; ground effect = 0
?	Cl	Cd	Cm 0.25	T.U.	T.L.	S.U.	S.L.	L/D	A.C.	C.P.
[°]	[-]	[-]	[-]	[-]	[-]	[-]	[-]	[-]	[-]	[-]
-20.0	-0.579	0.20651	-0.003	0.621	0.001	1.000	0.033	-2.802	0.243	0.245
-19.0	-0.625	0.18679	-0.003	0.587	0.001	1.000	0.031	-3.348	0.241	0.245
-18.0	-0.673	0.16704	-0.004	0.557	0.001	1.000	0.036	-4.031	0.239	0.244
-17.0	-0.720	0.14679	-0.004	0.516	0.001	1.000	0.042	-4.903	0.238	0.244
-16.0	-0.762	0.12997	-0.005	0.485	0.001	1.000	0.049	-5.863	0.233	0.243
-15.0	-0.799	0.11202	-0.006	0.452	0.002	1.000	0.066	-7.134	0.219	0.243
-14.0	-0.831	0.08957	-0.007	0.415	0.003	1.000	0.125	-9.278	0.192	0.241
-13.0	-0.852	0.06561	-0.009	0.399	0.004	1.000	0.246	-12.982	0.193	0.240
-12.0	-0.905	0.03193	-0.011	0.363	0.004	1.000	0.599	-28.350	0.196	0.237
-11.0	-0.934	0.01914	-0.013	0.348	0.004	1.000	0.919	-48.808	0.550	0.236
-10.0	-0.895	0.01683	-0.014	0.312	0.004	1.000	0.978	-53.169	0.271	0.234
-9.0	-0.832	0.01322	-0.015	0.298	0.005	1.000	0.990	-62.945	0.264	0.232
-8.0	-0.753	0.01248	-0.016	0.262	0.004	1.000	0.992	-60.339	0.262	0.228
-7.0	-0.663	0.01184	-0.017	0.247	0.005	1.000	0.994	-55.989	0.261	0.224
-6.0	-0.563	0.01132	-0.018	0.214	0.006	1.000	0.995	-49.685	0.260	0.217
-5.0	-0.455	0.01089	-0.019	0.190	0.009	1.000	0.997	-41.808	0.259	0.207
-4.0	-0.343	0.01155	-0.020	0.169	0.014	1.000	0.998	-29.696	0.259	0.190
-3.0	-0.227	0.01125	-0.021	0.140	0.018	1.000	0.998	-20.171	0.259	0.155
-2.0	-0.110	0.01108	-0.023	0.121	0.028	1.000	0.998	-9.896	0.259	0.044
-1.0	0.008	0.01102	-0.024	0.097	0.041	1.000	0.998	0.759	0.259	3.076
0.0	0.127	0.01107	-0.025	0.073	0.058	1.000	0.998	11.444	0.259	0.445
1.0	0.245	0.01118	-0.026	0.051	0.079	1.000	0.998	21.894	0.259	0.355
2.0	0.363	0.01142	-0.027	0.034	0.103	1.000	0.998	31.749	0.259	0.324
3.0	0.479	0.01177	-0.028	0.022	0.132	1.000	0.998	40.715	0.259	0.308
4.0	0.594	0.01103	-0.029	0.014	0.150	0.997	0.999	53.850	0.260	0.299
5.0	0.705	0.01149	-0.030	0.011	0.176	0.996	0.998	61.412	0.260	0.293
6.0	0.810	0.01207	-0.031	0.007	0.209	0.994	0.999	67.147	0.261	0.289
7.0	0.907	0.01279	-0.032	0.005	0.228	0.993	0.999	70.954	0.262	0.286
8.0	0.994	0.01367	-0.033	0.004	0.259	0.991	0.998	72.706	0.264	0.284
9.0	1.067	0.01314	-0.035	0.004	0.297	0.986	0.999	81.168	0.266	0.282
10.0	1.123	0.01876	-0.036	0.003	0.318	0.977	0.999	59.872	0.271	0.282
11.0	1.160	0.02073	-0.036	0.003	0.356	0.953	0.999	55.945	0.282	0.281
12.0	1.173	0.02325	-0.037	0.003	0.399	0.906	0.999	50.456	0.219	0.282
13.0	1.146	0.03002	-0.037	0.003	0.433	0.760	0.999	38.172	0.275	0.282
14.0	1.072	0.05106	-0.035	0.003	0.461	0.483	0.999	21.002	0.298	0.282
15.0	0.980	0.09508	-0.029	0.002	0.501	0.172	0.999	10.305	0.314	0.280
16.0	0.917	0.12595	-0.025	0.001	0.527	0.069	0.999	7.282	0.291	0.277
17.0	0.860	0.14488	-0.024	0.001	0.566	0.052	0.999	5.933	0.262	0.278
18.0	0.799	0.16597	-0.023	0.001	0.610	0.040	0.999	4.815	0.256	0.279
19.0	0.739	0.18471	-0.023	0.001	0.656	0.036	0.999	3.998	0.250	0.281
20.0	0.679	0.20945	-0.023	0.000	0.700	0.032	0.999	3.242	0.250	0.284

Name = NACA 1410
Mach = 0; Re = 4830000; T.U. = 1.0; T.L. = 1.0
Surface Finish = 2; Stall model = 0; Transition model = 1; Aspect Ratio = 0; ground effect = 0
?	Cl	Cd	Cm 0.25	T.U.	T.L.	S.U.	S.L.	L/D	A.C.	C.P.
[°]	[-]	[-]	[-]	[-]	[-]	[-]	[-]	[-]	[-]	[-]
-20.0	-0.578	0.20800	-0.003	0.606	0.001	1.000	0.030	-2.780	0.241	0.245
-19.0	-0.626	0.18585	-0.003	0.565	0.001	1.000	0.033	-3.366	0.241	0.245
-18.0	-0.673	0.16630	-0.004	0.529	0.001	1.000	0.037	-4.049	0.239	0.244
-17.0	-0.720	0.14643	-0.004	0.504	0.001	1.000	0.043	-4.916	0.238	0.244
-16.0	-0.762	0.12962	-0.005	0.462	0.001	1.000	0.050	-5.881	0.234	0.243
-15.0	-0.798	0.11336	-0.006	0.429	0.001	1.000	0.060	-7.040	0.220	0.243
-14.0	-0.829	0.09082	-0.007	0.405	0.002	1.000	0.117	-9.132	0.194	0.242
-13.0	-0.857	0.06250	-0.009	0.377	0.004	1.000	0.271	-13.710	0.197	0.240
-12.0	-0.915	0.02917	-0.011	0.354	0.004	1.000	0.647	-31.359	0.196	0.237
-11.0	-0.936	0.01878	-0.013	0.330	0.004	1.000	0.930	-49.860	0.397	0.236
-10.0	-0.895	0.01660	-0.014	0.304	0.004	1.000	0.979	-53.936	0.270	0.234
-9.0	-0.832	0.01307	-0.015	0.277	0.004	1.000	0.990	-63.627	0.264	0.232
-8.0	-0.753	0.01232	-0.016	0.256	0.004	1.000	0.992	-61.157	0.262	0.228
-7.0	-0.663	0.01168	-0.017	0.227	0.005	1.000	0.994	-56.719	0.261	0.224
-6.0	-0.563	0.01117	-0.018	0.209	0.006	1.000	0.996	-50.349	0.260	0.217
-5.0	-0.455	0.01079	-0.019	0.179	0.009	1.000	0.997	-42.211	0.259	0.207
-4.0	-0.343	0.01136	-0.020	0.165	0.013	1.000	0.998	-30.180	0.259	0.190
-3.0	-0.227	0.01118	-0.021	0.134	0.017	1.000	0.998	-20.308	0.259	0.155
-2.0	-0.110	0.01098	-0.023	0.110	0.027	1.000	0.998	-9.986	0.259	0.044
-1.0	0.008	0.01084	-0.024	0.095	0.039	1.000	0.998	0.771	0.259	3.076
0.0	0.127	0.01089	-0.025	0.069	0.055	1.000	0.998	11.628	0.259	0.445
1.0	0.245	0.01106	-0.026	0.048	0.076	1.000	0.998	22.125	0.259	0.355
2.0	0.363	0.01132	-0.027	0.032	0.100	1.000	0.998	32.034	0.259	0.324
3.0	0.479	0.01168	-0.028	0.021	0.122	1.000	0.999	41.030	0.259	0.308
4.0	0.594	0.01092	-0.029	0.014	0.142	0.997	0.999	54.390	0.260	0.299
5.0	0.705	0.01132	-0.030	0.011	0.172	0.996	0.998	62.306	0.260	0.293
6.0	0.810	0.01198	-0.031	0.006	0.195	0.995	0.999	67.628	0.261	0.289
7.0	0.907	0.01267	-0.032	0.005	0.219	0.993	0.999	71.601	0.262	0.286
8.0	0.994	0.01355	-0.033	0.004	0.254	0.991	0.998	73.352	0.264	0.284
9.0	1.067	0.01303	-0.035	0.004	0.274	0.987	0.999	81.863	0.266	0.282
10.0	1.123	0.01854	-0.036	0.003	0.306	0.977	0.999	60.579	0.271	0.282
11.0	1.160	0.02045	-0.037	0.003	0.347	0.956	0.999	56.742	0.282	0.281
12.0	1.174	0.02296	-0.037	0.003	0.373	0.910	0.999	51.141	0.190	0.282
13.0	1.150	0.02897	-0.037	0.003	0.411	0.779	0.999	39.706	0.272	0.282
14.0	1.081	0.04774	-0.035	0.003	0.452	0.518	0.999	22.632	0.301	0.283
15.0	0.975	0.09811	-0.028	0.002	0.472	0.152	0.999	9.940	0.312	0.279
16.0	0.918	0.12455	-0.025	0.001	0.509	0.074	0.999	7.373	0.286	0.277
17.0	0.860	0.14429	-0.024	0.001	0.550	0.053	0.999	5.959	0.264	0.278
18.0	0.799	0.16522	-0.023	0.001	0.579	0.041	0.999	4.838	0.256	0.279
19.0	0.739	0.18363	-0.023	0.001	0.620	0.037	0.999	4.023	0.250	0.282
20.0	0.679	0.20816	-0.023	0.000	0.664	0.033	0.999	3.263	0.250	0.284

Name = NACA 1410
Mach = 0; Re = 5230000; T.U. = 1.0; T.L. = 1.0
Surface Finish = 2; Stall model = 0; Transition model = 1; Aspect Ratio = 0; ground effect = 0
?	Cl	Cd	Cm 0.25	T.U.	T.L.	S.U.	S.L.	L/D	A.C.	C.P.
[°]	[-]	[-]	[-]	[-]	[-]	[-]	[-]	[-]	[-]	[-]
-20.0	-0.578	0.20411	-0.003	0.576	0.001	1.000	0.030	-2.833	0.241	0.245
-19.0	-0.626	0.18564	-0.003	0.554	0.001	1.000	0.034	-3.371	0.241	0.245
-18.0	-0.673	0.16411	-0.004	0.512	0.001	1.000	0.037	-4.104	0.240	0.244
-17.0	-0.720	0.14472	-0.004	0.478	0.001	1.000	0.043	-4.974	0.237	0.244
-16.0	-0.762	0.12891	-0.005	0.451	0.001	1.000	0.051	-5.914	0.234	0.243
-15.0	-0.798	0.11337	-0.006	0.413	0.001	1.000	0.061	-7.042	0.221	0.243
-14.0	-0.827	0.09264	-0.007	0.399	0.002	1.000	0.106	-8.930	0.196	0.242
-13.0	-0.862	0.05970	-0.009	0.363	0.004	1.000	0.295	-14.431	0.200	0.239
-12.0	-0.923	0.02702	-0.012	0.349	0.004	1.000	0.689	-34.157	0.195	0.237
-11.0	-0.937	0.01853	-0.013	0.315	0.004	1.000	0.934	-50.561	0.349	0.236
-10.0	-0.895	0.01638	-0.014	0.299	0.004	1.000	0.980	-54.658	0.270	0.234
-9.0	-0.832	0.01298	-0.015	0.265	0.004	1.000	0.990	-64.094	0.264	0.232
-8.0	-0.753	0.01221	-0.016	0.251	0.004	1.000	0.992	-61.705	0.262	0.228
-7.0	-0.663	0.01156	-0.017	0.218	0.005	1.000	0.994	-57.338	0.261	0.224
-6.0	-0.563	0.01107	-0.018	0.206	0.006	1.000	0.996	-50.832	0.260	0.217
-5.0	-0.455	0.01072	-0.019	0.173	0.008	1.000	0.997	-42.469	0.259	0.207
-4.0	-0.343	0.01133	-0.020	0.150	0.013	1.000	0.998	-30.257	0.259	0.190
-3.0	-0.227	0.01105	-0.021	0.131	0.017	1.000	0.998	-20.545	0.259	0.155
-2.0	-0.110	0.01087	-0.023	0.105	0.026	1.000	0.998	-10.092	0.259	0.044
-1.0	0.008	0.01080	-0.024	0.085	0.036	1.000	0.998	0.774	0.259	3.076
0.0	0.127	0.01080	-0.025	0.068	0.052	1.000	0.998	11.729	0.259	0.445
1.0	0.245	0.01096	-0.026	0.046	0.073	1.000	0.998	22.339	0.259	0.355
2.0	0.363	0.01121	-0.027	0.030	0.098	1.000	0.998	32.347	0.259	0.324
3.0	0.479	0.01157	-0.028	0.020	0.114	1.000	0.999	41.423	0.259	0.308
4.0	0.594	0.01083	-0.029	0.013	0.138	0.997	0.999	54.851	0.260	0.299
5.0	0.705	0.01125	-0.030	0.010	0.168	0.996	0.998	62.708	0.260	0.293
6.0	0.811	0.01182	-0.031	0.006	0.184	0.995	0.999	68.547	0.261	0.289
7.0	0.908	0.01249	-0.032	0.005	0.213	0.993	0.999	72.635	0.262	0.286
8.0	0.994	0.01336	-0.033	0.004	0.240	0.992	0.998	74.389	0.264	0.284
9.0	1.067	0.01286	-0.035	0.003	0.263	0.988	0.999	82.996	0.266	0.282
10.0	1.123	0.01827	-0.036	0.003	0.300	0.978	0.999	61.491	0.271	0.282
11.0	1.161	0.02018	-0.037	0.003	0.322	0.959	0.999	57.527	0.282	0.281
12.0	1.175	0.02256	-0.037	0.003	0.358	0.915	0.999	52.089	0.173	0.282
13.0	1.152	0.02845	-0.037	0.003	0.400	0.787	0.999	40.513	0.270	0.282
14.0	1.088	0.04502	-0.036	0.003	0.430	0.548	0.999	24.165	0.301	0.283
15.0	0.974	0.09842	-0.028	0.002	0.459	0.149	0.999	9.900	0.312	0.279
16.0	0.918	0.12459	-0.025	0.001	0.495	0.073	0.999	7.368	0.286	0.277
17.0	0.860	0.14406	-0.024	0.001	0.521	0.052	0.999	5.967	0.263	0.278
18.0	0.799	0.16298	-0.023	0.001	0.560	0.041	0.999	4.904	0.253	0.279
19.0	0.739	0.18086	-0.024	0.000	0.604	0.039	0.999	4.087	0.250	0.282
20.0	0.679	0.20385	-0.023	0.000	0.636	0.034	0.999	3.332	0.253	0.285

Name = NACA 1410
Mach = 0; Re = 5630000; T.U. = 1.0; T.L. = 1.0
Surface Finish = 2; Stall model = 0; Transition model = 1; Aspect Ratio = 0; ground effect = 0
?	Cl	Cd	Cm 0.25	T.U.	T.L.	S.U.	S.L.	L/D	A.C.	C.P.
[°]	[-]	[-]	[-]	[-]	[-]	[-]	[-]	[-]	[-]	[-]
-20.0	-0.578	0.20465	-0.003	0.561	0.001	1.000	0.031	-2.826	0.241	0.245
-19.0	-0.626	0.18367	-0.003	0.525	0.001	1.000	0.034	-3.407	0.241	0.245
-18.0	-0.674	0.16447	-0.004	0.502	0.001	1.000	0.038	-4.096	0.239	0.244
-17.0	-0.720	0.14523	-0.004	0.461	0.001	1.000	0.044	-4.958	0.237	0.244
-16.0	-0.763	0.12648	-0.005	0.430	0.001	1.000	0.055	-6.034	0.233	0.243
-15.0	-0.800	0.11064	-0.006	0.405	0.001	1.000	0.068	-7.227	0.223	0.243
-14.0	-0.825	0.09411	-0.007	0.380	0.002	1.000	0.097	-8.770	0.198	0.242
-13.0	-0.867	0.05678	-0.009	0.355	0.004	1.000	0.321	-15.267	0.201	0.239
-12.0	-0.925	0.02635	-0.012	0.338	0.004	1.000	0.701	-35.120	0.194	0.237
-11.0	-0.938	0.01823	-0.013	0.306	0.004	1.000	0.940	-51.462	0.340	0.236
-10.0	-0.896	0.01616	-0.014	0.288	0.004	1.000	0.981	-55.429	0.269	0.234
-9.0	-0.832	0.01280	-0.015	0.258	0.004	1.000	0.990	-65.007	0.264	0.232
-8.0	-0.753	0.01208	-0.016	0.238	0.004	1.000	0.993	-62.367	0.262	0.228
-7.0	-0.663	0.01147	-0.017	0.213	0.005	1.000	0.994	-57.779	0.261	0.224
-6.0	-0.563	0.01098	-0.018	0.189	0.006	1.000	0.996	-51.242	0.260	0.217
-5.0	-0.455	0.01161	-0.019	0.169	0.008	1.000	0.997	-39.205	0.259	0.207
-4.0	-0.343	0.01120	-0.020	0.142	0.013	1.000	0.998	-30.617	0.259	0.190
-3.0	-0.227	0.01093	-0.021	0.128	0.016	1.000	0.998	-20.774	0.259	0.155
-2.0	-0.110	0.01080	-0.023	0.101	0.025	1.000	0.998	-10.154	0.259	0.044
-1.0	0.008	0.01076	-0.024	0.080	0.035	1.000	0.998	0.777	0.259	3.076
0.0	0.127	0.01070	-0.025	0.065	0.051	1.000	0.998	11.838	0.259	0.445
1.0	0.245	0.01080	-0.026	0.045	0.071	1.000	0.998	22.666	0.259	0.355
2.0	0.363	0.01112	-0.027	0.029	0.091	1.000	0.998	32.611	0.259	0.324
3.0	0.479	0.01148	-0.028	0.019	0.109	1.000	0.999	41.733	0.260	0.308
4.0	0.594	0.01070	-0.029	0.013	0.135	1.000	0.999	55.558	0.260	0.299
5.0	0.705	0.01112	-0.030	0.010	0.157	0.996	0.998	63.420	0.260	0.293
6.0	0.811	0.01171	-0.031	0.006	0.177	0.995	0.999	69.208	0.261	0.289
7.0	0.908	0.01239	-0.032	0.005	0.210	0.993	0.999	73.233	0.262	0.286
8.0	0.994	0.01326	-0.033	0.004	0.226	0.992	0.999	74.983	0.264	0.284
9.0	1.067	0.01274	-0.035	0.003	0.258	0.989	0.999	83.780	0.266	0.282
10.0	1.124	0.01807	-0.036	0.003	0.286	0.979	0.999	62.200	0.271	0.282
11.0	1.161	0.01993	-0.037	0.003	0.310	0.960	0.999	58.272	0.282	0.281
12.0	1.176	0.02223	-0.037	0.003	0.350	0.920	0.999	52.928	0.109	0.282
13.0	1.156	0.02767	-0.037	0.003	0.379	0.801	0.999	41.778	0.269	0.282
14.0	1.090	0.04406	-0.036	0.002	0.411	0.558	0.999	24.740	0.303	0.283
15.0	0.971	0.10063	-0.028	0.001	0.451	0.135	0.999	9.649	0.311	0.278
16.0	0.919	0.12339	-0.025	0.001	0.471	0.077	0.999	7.447	0.277	0.277
17.0	0.861	0.14146	-0.025	0.001	0.508	0.059	0.999	6.088	0.265	0.278
18.0	0.799	0.16251	-0.024	0.001	0.542	0.043	0.999	4.920	0.257	0.279
19.0	0.739	0.18134	-0.024	0.000	0.573	0.040	0.999	4.077	0.248	0.282
20.0	0.680	0.20431	-0.024	0.000	0.614	0.036	0.999	3.327	0.249	0.285

Name = NACA 1410
Mach = 0; Re = 6030000; T.U. = 1.0; T.L. = 1.0
Surface Finish = 2; Stall model = 0; Transition model = 1; Aspect Ratio = 0; ground effect = 0
?	Cl	Cd	Cm 0.25	T.U.	T.L.	S.U.	S.L.	L/D	A.C.	C.P.
[°]	[-]	[-]	[-]	[-]	[-]	[-]	[-]	[-]	[-]	[-]
-20.0	-0.578	0.20197	-0.003	0.552	0.001	1.000	0.032	-2.864	0.241	0.245
-19.0	-0.626	0.18465	-0.003	0.511	0.001	1.000	0.035	-3.390	0.241	0.244
-18.0	-0.674	0.16335	-0.004	0.479	0.001	1.000	0.040	-4.126	0.240	0.244
-17.0	-0.720	0.14607	-0.004	0.452	0.001	1.000	0.042	-4.927	0.237	0.244
-16.0	-0.763	0.12644	-0.005	0.415	0.001	1.000	0.056	-6.037	0.233	0.243
-15.0	-0.800	0.11060	-0.006	0.399	0.001	1.000	0.068	-7.230	0.224	0.243
-14.0	-0.825	0.09502	-0.007	0.365	0.002	1.000	0.093	-8.678	0.198	0.242
-13.0	-0.866	0.05718	-0.009	0.351	0.003	1.000	0.316	-15.143	0.202	0.239
-12.0	-0.931	0.02491	-0.012	0.319	0.004	1.000	0.733	-37.391	0.194	0.237
-11.0	-0.939	0.01797	-0.013	0.301	0.004	1.000	0.945	-52.247	0.322	0.236
-10.0	-0.896	0.01235	-0.014	0.271	0.004	1.000	0.982	-72.548	0.269	0.234
-9.0	-0.832	0.01264	-0.015	0.254	0.004	1.000	0.990	-65.808	0.264	0.232
-8.0	-0.753	0.01200	-0.016	0.225	0.004	1.000	0.993	-62.797	0.262	0.228
-7.0	-0.663	0.01135	-0.017	0.209	0.005	1.000	0.995	-58.391	0.261	0.224
-6.0	-0.563	0.01093	-0.018	0.180	0.005	1.000	0.996	-51.484	0.260	0.217
-5.0	-0.455	0.01156	-0.019	0.167	0.007	1.000	0.997	-39.397	0.259	0.207
-4.0	-0.343	0.01110	-0.020	0.137	0.013	1.000	0.998	-30.882	0.259	0.190
-3.0	-0.227	0.01087	-0.021	0.122	0.016	1.000	0.998	-20.887	0.259	0.155
-2.0	-0.110	0.01069	-0.023	0.099	0.024	1.000	0.998	-10.257	0.259	0.044
-1.0	0.008	0.01060	-0.024	0.076	0.033	1.000	0.998	0.789	0.259	3.076
0.0	0.127	0.01063	-0.025	0.059	0.049	1.000	0.998	11.913	0.259	0.445
1.0	0.245	0.01075	-0.026	0.044	0.070	1.000	0.998	22.759	0.259	0.355
2.0	0.363	0.01098	-0.027	0.028	0.085	1.000	0.998	33.001	0.259	0.324
3.0	0.479	0.01138	-0.028	0.018	0.105	1.000	0.999	42.107	0.260	0.308
4.0	0.594	0.01064	-0.029	0.013	0.133	1.000	0.999	55.889	0.260	0.299
5.0	0.705	0.01104	-0.030	0.009	0.148	0.996	0.998	63.895	0.260	0.293
6.0	0.811	0.01165	-0.031	0.006	0.174	0.995	0.999	69.565	0.261	0.289
7.0	0.908	0.01225	-0.032	0.005	0.202	0.994	0.999	74.092	0.262	0.286
8.0	0.994	0.01308	-0.033	0.004	0.219	0.992	0.999	76.022	0.264	0.284
9.0	1.067	0.01259	-0.035	0.003	0.253	0.990	0.999	84.741	0.266	0.282
10.0	1.124	0.01788	-0.036	0.003	0.271	0.981	0.999	62.866	0.271	0.282
11.0	1.162	0.01968	-0.037	0.003	0.304	0.962	0.999	59.039	0.282	0.281
12.0	1.178	0.02194	-0.037	0.003	0.333	0.925	0.999	53.681	-0.031	0.282
13.0	1.159	0.02702	-0.037	0.003	0.362	0.813	0.999	42.880	0.274	0.282
14.0	1.076	0.04903	-0.035	0.002	0.402	0.497	0.999	21.937	0.302	0.282
15.0	0.972	0.09998	-0.028	0.001	0.434	0.138	0.999	9.720	0.310	0.278
16.0	0.920	0.12238	-0.026	0.001	0.459	0.081	0.999	7.517	0.281	0.278
17.0	0.860	0.14237	-0.024	0.001	0.496	0.056	0.999	6.044	0.265	0.278
18.0	0.800	0.16219	-0.024	0.000	0.519	0.045	0.999	4.932	0.254	0.280
19.0	0.739	0.18193	-0.024	0.000	0.559	0.040	0.999	4.064	0.249	0.282
20.0	0.680	0.20153	-0.024	0.000	0.596	0.037	0.999	3.373	0.248	0.285

Name = NACA 1410
Mach = 0; Re = 6430000; T.U. = 1.0; T.L. = 1.0
Surface Finish = 2; Stall model = 0; Transition model = 1; Aspect Ratio = 0; ground effect = 0
?	Cl	Cd	Cm 0.25	T.U.	T.L.	S.U.	S.L.	L/D	A.C.	C.P.
[°]	[-]	[-]	[-]	[-]	[-]	[-]	[-]	[-]	[-]	[-]
-20.0	-0.579	0.20037	-0.003	0.525	0.001	1.000	0.036	-2.890	0.242	0.245
-19.0	-0.626	0.18123	-0.003	0.504	0.001	1.000	0.036	-3.455	0.241	0.244
-18.0	-0.674	0.16314	-0.004	0.463	0.001	1.000	0.038	-4.130	0.240	0.244
-17.0	-0.720	0.14485	-0.004	0.438	0.001	1.000	0.043	-4.970	0.237	0.244
-16.0	-0.764	0.12600	-0.005	0.407	0.001	1.000	0.057	-6.060	0.232	0.243
-15.0	-0.800	0.10965	-0.006	0.391	0.001	1.000	0.071	-7.297	0.224	0.243
-14.0	-0.825	0.09434	-0.007	0.357	0.002	1.000	0.096	-8.747	0.195	0.242
-13.0	-0.857	0.06179	-0.009	0.347	0.003	1.000	0.274	-13.874	0.204	0.240
-12.0	-0.937	0.02375	-0.012	0.310	0.004	1.000	0.760	-39.441	0.197	0.237
-11.0	-0.940	0.01772	-0.013	0.298	0.004	1.000	0.950	-53.046	0.311	0.236
-10.0	-0.896	0.01226	-0.014	0.263	0.004	1.000	0.983	-73.098	0.269	0.234
-9.0	-0.832	0.01255	-0.015	0.251	0.004	1.000	0.990	-66.288	0.264	0.232
-8.0	-0.753	0.01187	-0.016	0.218	0.004	1.000	0.993	-63.484	0.262	0.228
-7.0	-0.663	0.01126	-0.017	0.207	0.004	1.000	0.995	-58.847	0.261	0.224
-6.0	-0.563	0.01078	-0.018	0.174	0.005	1.000	0.996	-52.174	0.260	0.217
-5.0	-0.455	0.01142	-0.019	0.162	0.007	1.000	0.997	-39.870	0.259	0.207
-4.0	-0.343	0.01102	-0.020	0.134	0.012	1.000	0.998	-31.126	0.259	0.190
-3.0	-0.227	0.01078	-0.021	0.112	0.015	1.000	0.998	-21.054	0.259	0.155
-2.0	-0.110	0.01061	-0.023	0.097	0.022	1.000	0.998	-10.340	0.259	0.044
-1.0	0.008	0.01056	-0.024	0.073	0.032	1.000	0.998	0.792	0.259	3.076
0.0	0.127	0.01058	-0.025	0.055	0.048	1.000	0.998	11.972	0.259	0.445
1.0	0.245	0.01066	-0.026	0.043	0.067	1.000	0.998	22.969	0.259	0.355
2.0	0.363	0.01094	-0.027	0.027	0.081	1.000	0.998	33.132	0.259	0.324
3.0	0.479	0.01129	-0.028	0.017	0.103	1.000	0.999	42.467	0.260	0.308
4.0	0.594	0.01168	-0.029	0.012	0.130	1.000	0.999	50.894	0.260	0.299
5.0	0.705	0.01100	-0.030	0.009	0.142	0.996	0.998	64.115	0.260	0.293
6.0	0.811	0.01150	-0.031	0.005	0.171	0.995	0.999	70.501	0.261	0.289
7.0	0.908	0.01216	-0.032	0.004	0.189	0.994	0.999	74.653	0.262	0.286
8.0	0.994	0.01300	-0.033	0.004	0.215	0.992	0.999	76.489	0.264	0.284
9.0	1.067	0.01392	-0.035	0.003	0.246	0.990	0.999	76.685	0.266	0.282
10.0	1.124	0.01770	-0.036	0.003	0.263	0.981	0.999	63.504	0.271	0.282
11.0	1.162	0.01946	-0.037	0.003	0.300	0.964	0.999	59.717	0.282	0.281
12.0	1.179	0.02164	-0.037	0.003	0.318	0.929	0.999	54.455	-0.871	0.282
13.0	1.161	0.02642	-0.038	0.003	0.354	0.824	0.999	43.956	0.279	0.282
14.0	1.063	0.05381	-0.034	0.002	0.393	0.444	0.999	19.753	0.301	0.282
15.0	0.974	0.09831	-0.028	0.001	0.415	0.147	0.999	9.907	0.309	0.279
16.0	0.920	0.12119	-0.026	0.001	0.453	0.084	0.999	7.595	0.282	0.278
17.0	0.861	0.14163	-0.024	0.001	0.473	0.058	0.999	6.078	0.265	0.278
18.0	0.800	0.16125	-0.024	0.000	0.508	0.046	0.999	4.963	0.256	0.280
19.0	0.739	0.18186	-0.024	0.000	0.544	0.039	0.999	4.064	0.251	0.282
20.0	0.680	0.19986	-0.024	0.000	0.572	0.036	0.999	3.401	0.247	0.285


