Name = NACA 2414
Mach = 0; Re = 30000; T.U. = 1.0; T.L. = 1.0
Surface Finish = 2; Stall model = 0; Transition model = 1; Aspect Ratio = 0; ground effect = 0
?	Cl	Cd	Cm 0.25	T.U.	T.L.	S.U.	S.L.	L/D	A.C.	C.P.
[°]	[-]	[-]	[-]	[-]	[-]	[-]	[-]	[-]	[-]	[-]
-20.0	-0.966	0.37265	-0.009	0.950	0.007	0.974	0.010	-2.592	0.214	0.240
-19.0	-0.980	0.33171	-0.010	0.946	0.007	0.972	0.010	-2.955	0.205	0.240
-18.0	-0.988	0.29642	-0.010	0.941	0.007	0.970	0.011	-3.332	0.098	0.240
-17.0	-0.987	0.26048	-0.011	0.937	0.008	0.967	0.012	-3.790	0.363	0.239
-16.0	-0.978	0.22596	-0.011	0.931	0.008	0.965	0.013	-4.326	0.295	0.238
-15.0	-0.958	0.19923	-0.012	0.922	0.009	0.963	0.014	-4.809	0.282	0.237
-14.0	-0.929	0.17479	-0.013	0.914	0.010	0.962	0.016	-5.313	0.274	0.236
-13.0	-0.889	0.15318	-0.014	0.907	0.011	0.959	0.018	-5.801	0.270	0.234
-12.0	-0.839	0.13475	-0.015	0.894	0.013	0.957	0.021	-6.223	0.266	0.232
-11.0	-0.779	0.11722	-0.016	0.882	0.015	0.952	0.023	-6.643	0.265	0.230
-10.0	-0.710	0.10191	-0.017	0.868	0.018	0.949	0.026	-6.970	0.265	0.226
-9.0	-0.634	0.08892	-0.018	0.850	0.020	0.946	0.030	-7.135	0.269	0.222
-8.0	-0.553	0.07783	-0.020	0.831	0.023	0.942	0.040	-7.101	0.274	0.214
-7.0	-0.466	0.06875	-0.022	0.806	0.030	0.939	0.058	-6.777	0.285	0.203
-6.0	-0.377	0.05982	-0.026	0.779	0.041	0.937	0.109	-6.309	0.382	0.181
-5.0	-0.329	0.03533	-0.040	0.748	0.062	0.934	0.819	-9.320	0.358	0.128
-4.0	-0.220	0.03288	-0.043	0.709	0.098	0.932	0.956	-6.698	0.269	0.056
-3.0	-0.101	0.03186	-0.044	0.663	0.166	0.932	0.972	-3.162	0.263	-0.191
-2.0	0.020	0.03121	-0.046	0.611	0.251	0.931	0.979	0.648	0.263	2.524
-1.0	0.142	0.03078	-0.048	0.549	0.484	0.932	0.972	4.598	0.263	0.586
0.0	0.261	0.03117	-0.049	0.479	0.576	0.932	0.973	8.360	0.263	0.438
1.0	0.380	0.03186	-0.051	0.429	0.671	0.921	0.970	11.916	0.262	0.383
2.0	0.497	0.03296	-0.052	0.398	0.754	0.897	0.966	15.064	0.261	0.354
3.0	0.611	0.03453	-0.053	0.364	0.815	0.868	0.964	17.693	0.261	0.337
4.0	0.722	0.03664	-0.054	0.325	0.857	0.834	0.964	19.709	0.261	0.325
5.0	0.831	0.03932	-0.055	0.272	0.886	0.805	0.965	21.132	0.262	0.317
6.0	0.938	0.04259	-0.057	0.202	0.909	0.788	0.967	22.016	0.264	0.311
7.0	1.044	0.04644	-0.058	0.091	0.923	0.789	0.971	22.478	0.262	0.306
8.0	1.129	0.05166	-0.059	0.038	0.935	0.721	0.975	21.857	0.196	0.302
9.0	1.137	0.06981	-0.053	0.028	0.943	0.384	0.977	16.282	3.320	0.297
10.0	1.122	0.09718	-0.036	0.019	0.952	0.045	0.979	11.542	-0.206	0.282
11.0	1.180	0.11159	-0.034	0.016	0.959	0.030	0.981	10.572	0.221	0.279
12.0	1.229	0.12834	-0.033	0.014	0.962	0.022	0.982	9.577	0.234	0.277
13.0	1.269	0.14518	-0.032	0.012	0.967	0.019	0.984	8.738	0.250	0.276
14.0	1.297	0.16804	-0.033	0.010	0.971	0.017	0.986	7.716	0.251	0.275
15.0	1.312	0.18958	-0.032	0.009	0.976	0.015	0.988	6.923	0.252	0.275
16.0	1.317	0.21859	-0.033	0.007	0.978	0.014	0.989	6.024	0.250	0.275
17.0	1.310	0.24797	-0.032	0.007	0.979	0.012	0.991	5.282	0.268	0.275
18.0	1.292	0.27940	-0.032	0.006	0.981	0.011	0.992	4.626	0.254	0.275
19.0	1.267	0.31971	-0.032	0.005	0.984	0.010	0.994	3.962	0.251	0.276
20.0	1.233	0.35637	-0.032	0.005	0.986	0.009	0.995	3.461	0.255	0.276

Name = NACA 2414
Mach = 0; Re = 430000; T.U. = 1.0; T.L. = 1.0
Surface Finish = 2; Stall model = 0; Transition model = 1; Aspect Ratio = 0; ground effect = 0
?	Cl	Cd	Cm 0.25	T.U.	T.L.	S.U.	S.L.	L/D	A.C.	C.P.
[°]	[-]	[-]	[-]	[-]	[-]	[-]	[-]	[-]	[-]	[-]
-20.0	-0.974	0.20877	-0.013	0.908	0.006	0.992	0.043	-4.665	0.206	0.237
-19.0	-0.989	0.18758	-0.013	0.894	0.006	0.992	0.046	-5.273	0.187	0.237
-18.0	-0.998	0.16822	-0.014	0.881	0.007	0.992	0.051	-5.931	0.063	0.236
-17.0	-1.000	0.14908	-0.015	0.866	0.007	0.992	0.062	-6.704	0.675	0.235
-16.0	-0.992	0.13234	-0.016	0.847	0.008	0.992	0.073	-7.498	0.378	0.233
-15.0	-0.978	0.11453	-0.018	0.826	0.008	0.992	0.096	-8.537	0.338	0.232
-14.0	-0.954	0.09903	-0.020	0.802	0.009	0.993	0.125	-9.632	0.325	0.229
-13.0	-0.924	0.08191	-0.022	0.772	0.010	0.993	0.177	-11.280	0.342	0.226
-12.0	-0.894	0.06224	-0.025	0.742	0.012	0.993	0.287	-14.367	0.419	0.222
-11.0	-0.878	0.03857	-0.030	0.708	0.014	0.993	0.537	-22.770	0.428	0.216
-10.0	-0.848	0.02534	-0.034	0.668	0.017	0.993	0.804	-33.450	0.308	0.210
-9.0	-0.774	0.02147	-0.036	0.625	0.019	0.993	0.919	-36.062	0.273	0.204
-8.0	-0.679	0.01940	-0.038	0.581	0.022	0.993	0.960	-34.983	0.266	0.195
-7.0	-0.571	0.01804	-0.039	0.534	0.026	0.992	0.976	-31.656	0.264	0.182
-6.0	-0.458	0.01290	-0.041	0.482	0.035	0.993	0.982	-35.479	0.263	0.161
-5.0	-0.341	0.01249	-0.042	0.434	0.045	0.992	0.988	-27.287	0.263	0.127
-4.0	-0.222	0.01315	-0.044	0.407	0.064	0.991	0.990	-16.864	0.263	0.053
-3.0	-0.101	0.01271	-0.045	0.381	0.090	0.991	0.992	-7.955	0.263	-0.196
-2.0	0.020	0.01253	-0.047	0.355	0.123	0.991	0.992	1.619	0.263	2.553
-1.0	0.142	0.01228	-0.048	0.326	0.162	0.990	0.994	11.574	0.263	0.590
0.0	0.264	0.01241	-0.050	0.296	0.205	0.990	0.994	21.238	0.263	0.439
1.0	0.385	0.01145	-0.052	0.259	0.253	0.988	0.995	33.627	0.263	0.384
2.0	0.505	0.01169	-0.053	0.222	0.309	0.985	0.996	43.242	0.263	0.355
3.0	0.625	0.01189	-0.055	0.183	0.425	0.982	0.997	52.577	0.264	0.338
4.0	0.744	0.01758	-0.056	0.141	0.483	0.978	0.997	42.301	0.264	0.326
5.0	0.859	0.01914	-0.058	0.099	0.533	0.971	0.998	44.896	0.264	0.317
6.0	0.972	0.02090	-0.060	0.062	0.593	0.961	0.998	46.488	0.264	0.311
7.0	1.078	0.02286	-0.061	0.039	0.661	0.947	0.998	47.162	0.264	0.307
8.0	1.179	0.02484	-0.062	0.030	0.733	0.929	0.998	47.461	0.264	0.303
9.0	1.272	0.02744	-0.064	0.020	0.797	0.904	0.998	46.352	0.264	0.300
10.0	1.351	0.03046	-0.065	0.017	0.841	0.872	0.997	44.344	0.265	0.298
11.0	1.413	0.03427	-0.066	0.014	0.875	0.827	0.997	41.227	0.265	0.297
12.0	1.458	0.03940	-0.067	0.012	0.900	0.770	0.998	36.997	0.263	0.296
13.0	1.483	0.04638	-0.067	0.011	0.916	0.698	0.998	31.974	0.246	0.295
14.0	1.486	0.05678	-0.066	0.009	0.933	0.605	0.998	26.178	0.361	0.295
15.0	1.468	0.07262	-0.065	0.007	0.940	0.492	0.998	20.216	0.314	0.294
16.0	1.437	0.09330	-0.063	0.007	0.950	0.379	0.998	15.396	0.319	0.294
17.0	1.389	0.12133	-0.060	0.006	0.959	0.257	0.998	11.451	0.326	0.293
18.0	1.345	0.14871	-0.056	0.005	0.963	0.172	0.997	9.041	0.319	0.292
19.0	1.302	0.17396	-0.054	0.005	0.968	0.123	0.997	7.487	0.305	0.291
20.0	1.259	0.19808	-0.052	0.004	0.975	0.092	0.997	6.356	0.298	0.291

Name = NACA 2414
Mach = 0; Re = 830000; T.U. = 1.0; T.L. = 1.0
Surface Finish = 2; Stall model = 0; Transition model = 1; Aspect Ratio = 0; ground effect = 0
?	Cl	Cd	Cm 0.25	T.U.	T.L.	S.U.	S.L.	L/D	A.C.	C.P.
[°]	[-]	[-]	[-]	[-]	[-]	[-]	[-]	[-]	[-]	[-]
-20.0	-0.980	0.18897	-0.014	0.866	0.005	0.994	0.069	-5.187	0.195	0.236
-19.0	-0.997	0.17009	-0.015	0.847	0.005	0.994	0.078	-5.861	0.179	0.235
-18.0	-1.007	0.15159	-0.016	0.826	0.006	0.994	0.089	-6.642	0.084	0.234
-17.0	-1.010	0.13410	-0.017	0.802	0.006	0.993	0.103	-7.529	1.722	0.233
-16.0	-1.005	0.11673	-0.018	0.772	0.006	0.994	0.126	-8.611	0.464	0.232
-15.0	-0.995	0.09868	-0.020	0.743	0.007	0.994	0.166	-10.079	0.377	0.230
-14.0	-0.975	0.08218	-0.022	0.710	0.008	0.994	0.217	-11.867	0.364	0.227
-13.0	-0.954	0.06340	-0.025	0.670	0.008	0.994	0.314	-15.049	0.432	0.224
-12.0	-0.941	0.04170	-0.028	0.630	0.010	0.993	0.511	-22.563	0.468	0.220
-11.0	-0.921	0.02643	-0.032	0.591	0.012	0.993	0.759	-34.852	0.328	0.215
-10.0	-0.864	0.02124	-0.034	0.551	0.014	0.993	0.900	-40.700	0.279	0.210
-9.0	-0.779	0.01897	-0.036	0.505	0.017	0.993	0.951	-41.094	0.268	0.204
-8.0	-0.680	0.01749	-0.038	0.452	0.019	0.993	0.972	-38.888	0.265	0.195
-7.0	-0.572	0.01637	-0.039	0.418	0.022	0.993	0.981	-34.927	0.263	0.182
-6.0	-0.458	0.01171	-0.041	0.398	0.028	0.993	0.987	-39.121	0.263	0.161
-5.0	-0.341	0.01238	-0.042	0.368	0.037	0.993	0.990	-27.533	0.263	0.127
-4.0	-0.222	0.01195	-0.044	0.349	0.048	0.992	0.991	-18.554	0.263	0.053
-3.0	-0.101	0.01164	-0.045	0.317	0.066	0.992	0.992	-8.690	0.263	-0.197
-2.0	0.020	0.01144	-0.047	0.293	0.090	0.991	0.994	1.774	0.263	2.553
-1.0	0.142	0.01145	-0.048	0.258	0.120	0.991	0.994	12.421	0.263	0.590
0.0	0.264	0.01157	-0.050	0.225	0.153	0.990	0.995	22.787	0.263	0.439
1.0	0.385	0.01182	-0.052	0.194	0.188	0.990	0.996	32.562	0.263	0.384
2.0	0.506	0.01095	-0.053	0.161	0.227	0.988	0.997	46.204	0.263	0.355
3.0	0.626	0.01200	-0.055	0.126	0.269	0.985	0.997	52.142	0.264	0.338
4.0	0.744	0.01671	-0.056	0.090	0.318	0.981	0.998	44.534	0.264	0.326
5.0	0.861	0.01777	-0.058	0.061	0.408	0.977	0.998	48.429	0.264	0.317
6.0	0.973	0.01916	-0.060	0.041	0.469	0.968	0.998	50.773	0.264	0.311
7.0	1.081	0.02076	-0.061	0.030	0.511	0.958	0.998	52.055	0.264	0.307
8.0	1.182	0.02257	-0.063	0.021	0.560	0.943	0.998	52.387	0.265	0.303
9.0	1.277	0.02462	-0.064	0.017	0.617	0.924	0.998	51.853	0.265	0.300
10.0	1.358	0.02705	-0.065	0.014	0.682	0.898	0.998	50.218	0.267	0.298
11.0	1.423	0.03009	-0.066	0.011	0.751	0.863	0.998	47.313	0.268	0.297
12.0	1.472	0.03389	-0.067	0.010	0.805	0.818	0.998	43.448	0.269	0.296
13.0	1.502	0.03939	-0.068	0.008	0.848	0.758	0.998	38.125	0.267	0.295
14.0	1.511	0.04737	-0.068	0.007	0.880	0.680	0.998	31.888	0.436	0.295
15.0	1.500	0.05869	-0.068	0.006	0.906	0.589	0.998	25.555	0.289	0.295
16.0	1.472	0.07445	-0.067	0.005	0.920	0.488	0.998	19.775	0.288	0.295
17.0	1.434	0.09407	-0.065	0.004	0.936	0.394	0.998	15.247	0.289	0.295
18.0	1.389	0.11645	-0.063	0.004	0.945	0.310	0.998	11.926	0.292	0.296
19.0	1.338	0.14208	-0.061	0.004	0.956	0.235	0.998	9.414	0.292	0.296
20.0	1.286	0.16761	-0.059	0.004	0.961	0.179	0.998	7.671	0.290	0.296

Name = NACA 2414
Mach = 0; Re = 1230000; T.U. = 1.0; T.L. = 1.0
Surface Finish = 2; Stall model = 0; Transition model = 1; Aspect Ratio = 0; ground effect = 0
?	Cl	Cd	Cm 0.25	T.U.	T.L.	S.U.	S.L.	L/D	A.C.	C.P.
[°]	[-]	[-]	[-]	[-]	[-]	[-]	[-]	[-]	[-]	[-]
-20.0	-0.985	0.17785	-0.015	0.821	0.005	0.994	0.087	-5.536	0.198	0.235
-19.0	-1.001	0.15979	-0.015	0.800	0.005	0.994	0.096	-6.266	0.180	0.235
-18.0	-1.012	0.14214	-0.017	0.767	0.005	0.994	0.111	-7.122	0.095	0.234
-17.0	-1.016	0.12577	-0.018	0.737	0.005	0.994	0.127	-8.075	-6.404	0.233
-16.0	-1.013	0.10850	-0.019	0.707	0.006	0.994	0.157	-9.334	0.555	0.231
-15.0	-1.004	0.09012	-0.021	0.667	0.007	0.994	0.208	-11.144	0.414	0.229
-14.0	-0.988	0.07329	-0.023	0.628	0.007	0.994	0.273	-13.484	0.395	0.227
-13.0	-0.971	0.05446	-0.026	0.591	0.007	0.994	0.391	-17.832	0.483	0.223
-12.0	-0.961	0.03440	-0.029	0.555	0.008	0.994	0.609	-27.944	0.420	0.219
-11.0	-0.933	0.02369	-0.032	0.510	0.010	0.994	0.817	-39.366	0.306	0.215
-10.0	-0.869	0.01975	-0.035	0.461	0.013	0.994	0.925	-43.994	0.275	0.210
-9.0	-0.781	0.01784	-0.036	0.423	0.015	0.994	0.961	-43.772	0.267	0.204
-8.0	-0.681	0.01646	-0.038	0.403	0.017	0.993	0.977	-41.377	0.264	0.195
-7.0	-0.572	0.01160	-0.039	0.375	0.020	0.993	0.984	-49.304	0.263	0.182
-6.0	-0.458	0.01115	-0.041	0.354	0.024	0.993	0.989	-41.084	0.263	0.161
-5.0	-0.341	0.01179	-0.042	0.330	0.032	0.993	0.991	-28.937	0.263	0.126
-4.0	-0.222	0.01144	-0.044	0.303	0.041	0.993	0.992	-19.387	0.263	0.053
-3.0	-0.101	0.01117	-0.045	0.273	0.055	0.992	0.993	-9.054	0.263	-0.197
-2.0	0.020	0.01103	-0.047	0.250	0.074	0.992	0.994	1.839	0.263	2.553
-1.0	0.142	0.01099	-0.048	0.216	0.099	0.991	0.995	12.938	0.263	0.590
0.0	0.264	0.01112	-0.050	0.186	0.127	0.991	0.996	23.705	0.263	0.439
1.0	0.385	0.01137	-0.052	0.158	0.156	0.990	0.997	33.856	0.263	0.384
2.0	0.506	0.01241	-0.053	0.127	0.188	0.990	0.997	40.755	0.263	0.355
3.0	0.626	0.01165	-0.055	0.096	0.224	0.987	0.998	53.735	0.264	0.338
4.0	0.744	0.01207	-0.056	0.069	0.263	0.983	0.998	61.697	0.264	0.326
5.0	0.861	0.01706	-0.058	0.048	0.306	0.979	0.998	50.450	0.264	0.317
6.0	0.974	0.01832	-0.060	0.033	0.363	0.972	0.998	53.163	0.264	0.311
7.0	1.082	0.01961	-0.061	0.025	0.451	0.963	0.998	55.161	0.265	0.307
8.0	1.184	0.02131	-0.063	0.018	0.480	0.951	0.998	55.571	0.265	0.303
9.0	1.280	0.02324	-0.064	0.014	0.520	0.935	0.998	55.060	0.266	0.300
10.0	1.362	0.02544	-0.066	0.012	0.567	0.911	0.998	53.531	0.267	0.298
11.0	1.429	0.02812	-0.067	0.010	0.622	0.881	0.998	50.798	0.269	0.297
12.0	1.479	0.03146	-0.068	0.009	0.683	0.841	0.998	47.017	0.271	0.296
13.0	1.510	0.03648	-0.068	0.007	0.750	0.784	0.998	41.389	0.272	0.295
14.0	1.521	0.04355	-0.069	0.005	0.803	0.711	0.998	34.920	0.290	0.295
15.0	1.514	0.05266	-0.069	0.005	0.847	0.633	0.999	28.758	0.273	0.295
16.0	1.490	0.06580	-0.068	0.004	0.880	0.542	0.999	22.642	0.277	0.296
17.0	1.453	0.08252	-0.067	0.004	0.906	0.453	0.999	17.613	0.280	0.296
18.0	1.407	0.10346	-0.065	0.004	0.922	0.367	0.998	13.601	0.281	0.297
19.0	1.356	0.12580	-0.064	0.003	0.937	0.294	0.998	10.782	0.284	0.297
20.0	1.300	0.15202	-0.062	0.003	0.946	0.226	0.998	8.554	0.287	0.298

Name = NACA 2414
Mach = 0; Re = 1630000; T.U. = 1.0; T.L. = 1.0
Surface Finish = 2; Stall model = 0; Transition model = 1; Aspect Ratio = 0; ground effect = 0
?	Cl	Cd	Cm 0.25	T.U.	T.L.	S.U.	S.L.	L/D	A.C.	C.P.
[°]	[-]	[-]	[-]	[-]	[-]	[-]	[-]	[-]	[-]	[-]
-20.0	-0.987	0.17273	-0.015	0.775	0.005	0.995	0.096	-5.713	0.195	0.235
-19.0	-1.005	0.15356	-0.016	0.751	0.005	0.995	0.109	-6.542	0.179	0.234
-18.0	-1.016	0.13691	-0.017	0.714	0.005	0.995	0.124	-7.419	0.104	0.233
-17.0	-1.020	0.11971	-0.018	0.677	0.005	0.994	0.147	-8.524	-1.145	0.232
-16.0	-1.018	0.10349	-0.020	0.644	0.005	0.994	0.177	-9.833	0.647	0.231
-15.0	-1.012	0.08432	-0.022	0.609	0.006	0.994	0.238	-11.998	0.451	0.229
-14.0	-0.997	0.06750	-0.024	0.568	0.006	0.994	0.312	-14.770	0.448	0.226
-13.0	-0.986	0.04754	-0.027	0.529	0.007	0.994	0.459	-20.742	0.507	0.223
-12.0	-0.973	0.03071	-0.030	0.492	0.008	0.994	0.665	-31.689	0.374	0.219
-11.0	-0.938	0.02225	-0.033	0.446	0.009	0.994	0.847	-42.169	0.296	0.215
-10.0	-0.871	0.01892	-0.035	0.414	0.012	0.994	0.936	-46.036	0.273	0.210
-9.0	-0.782	0.01700	-0.036	0.398	0.014	0.994	0.967	-45.975	0.266	0.204
-8.0	-0.681	0.01580	-0.038	0.367	0.016	0.994	0.979	-43.097	0.264	0.195
-7.0	-0.572	0.01117	-0.039	0.350	0.018	0.994	0.985	-51.236	0.263	0.182
-6.0	-0.458	0.01179	-0.041	0.321	0.022	0.994	0.990	-38.882	0.263	0.161
-5.0	-0.341	0.01133	-0.042	0.300	0.029	0.993	0.991	-30.094	0.263	0.126
-4.0	-0.222	0.01106	-0.044	0.268	0.036	0.993	0.992	-20.062	0.263	0.053
-3.0	-0.101	0.01086	-0.045	0.248	0.049	0.993	0.993	-9.315	0.263	-0.197
-2.0	0.020	0.01073	-0.047	0.215	0.064	0.992	0.994	1.892	0.263	2.553
-1.0	0.142	0.01076	-0.048	0.187	0.085	0.992	0.995	13.219	0.263	0.590
0.0	0.264	0.01087	-0.050	0.163	0.109	0.991	0.996	24.263	0.263	0.439
1.0	0.385	0.01114	-0.052	0.132	0.138	0.991	0.997	34.551	0.263	0.384
2.0	0.506	0.01214	-0.053	0.103	0.169	0.990	0.997	41.679	0.264	0.355
3.0	0.626	0.01128	-0.055	0.078	0.197	0.988	0.998	55.522	0.264	0.338
4.0	0.745	0.01172	-0.056	0.056	0.229	0.984	0.998	63.536	0.264	0.326
5.0	0.861	0.01651	-0.058	0.040	0.265	0.981	0.998	52.162	0.264	0.317
6.0	0.974	0.01771	-0.060	0.029	0.306	0.976	0.998	55.024	0.264	0.311
7.0	1.082	0.01900	-0.061	0.021	0.356	0.966	0.998	56.969	0.265	0.307
8.0	1.185	0.02051	-0.063	0.015	0.434	0.956	0.998	57.809	0.265	0.303
9.0	1.281	0.02222	-0.064	0.013	0.468	0.941	0.998	57.654	0.266	0.300
10.0	1.364	0.02432	-0.066	0.011	0.505	0.920	0.998	56.102	0.267	0.298
11.0	1.432	0.02678	-0.067	0.010	0.548	0.893	0.998	53.476	0.269	0.297
12.0	1.483	0.03015	-0.068	0.007	0.595	0.853	0.998	49.177	0.271	0.296
13.0	1.515	0.03478	-0.069	0.006	0.651	0.800	0.999	43.566	0.275	0.295
14.0	1.528	0.04096	-0.069	0.005	0.709	0.734	0.999	37.299	0.308	0.295
15.0	1.523	0.04924	-0.069	0.004	0.766	0.659	0.999	30.928	0.265	0.295
16.0	1.499	0.06131	-0.069	0.004	0.819	0.571	0.999	24.455	0.272	0.296
17.0	1.463	0.07683	-0.068	0.003	0.861	0.483	0.999	19.046	0.272	0.296
18.0	1.421	0.09401	-0.067	0.003	0.890	0.410	0.998	15.116	0.274	0.297
19.0	1.369	0.11608	-0.066	0.003	0.912	0.333	0.998	11.790	0.278	0.298
20.0	1.313	0.13999	-0.064	0.003	0.933	0.267	0.998	9.377	0.279	0.299

Name = NACA 2414
Mach = 0; Re = 2030000; T.U. = 1.0; T.L. = 1.0
Surface Finish = 2; Stall model = 0; Transition model = 1; Aspect Ratio = 0; ground effect = 0
?	Cl	Cd	Cm 0.25	T.U.	T.L.	S.U.	S.L.	L/D	A.C.	C.P.
[°]	[-]	[-]	[-]	[-]	[-]	[-]	[-]	[-]	[-]	[-]
-20.0	-0.989	0.16758	-0.015	0.731	0.005	0.995	0.104	-5.900	0.195	0.235
-19.0	-1.007	0.14959	-0.016	0.705	0.005	0.995	0.118	-6.729	0.180	0.234
-18.0	-1.018	0.13245	-0.017	0.666	0.005	0.995	0.135	-7.689	0.108	0.233
-17.0	-1.023	0.11608	-0.018	0.628	0.005	0.994	0.159	-8.817	-0.431	0.232
-16.0	-1.023	0.09871	-0.020	0.596	0.005	0.994	0.198	-10.360	0.771	0.230
-15.0	-1.017	0.08049	-0.022	0.560	0.006	0.994	0.259	-12.631	0.469	0.228
-14.0	-1.004	0.06337	-0.024	0.518	0.006	0.994	0.341	-15.838	0.500	0.226
-13.0	-0.996	0.04335	-0.027	0.480	0.006	0.994	0.503	-22.974	0.506	0.223
-12.0	-0.980	0.02857	-0.030	0.439	0.007	0.994	0.700	-34.305	0.354	0.219
-11.0	-0.942	0.02128	-0.033	0.411	0.008	0.994	0.868	-44.281	0.291	0.215
-10.0	-0.872	0.01834	-0.035	0.397	0.010	0.994	0.942	-47.550	0.271	0.210
-9.0	-0.782	0.01643	-0.036	0.364	0.014	0.994	0.971	-47.615	0.266	0.204
-8.0	-0.681	0.01515	-0.038	0.349	0.015	0.994	0.981	-44.976	0.264	0.195
-7.0	-0.573	0.01084	-0.039	0.319	0.017	0.994	0.987	-52.810	0.263	0.182
-6.0	-0.458	0.01147	-0.041	0.300	0.020	0.994	0.990	-39.953	0.263	0.161
-5.0	-0.341	0.01109	-0.042	0.268	0.026	0.993	0.992	-30.763	0.263	0.126
-4.0	-0.222	0.01077	-0.044	0.250	0.033	0.993	0.993	-20.591	0.263	0.053
-3.0	-0.101	0.01066	-0.045	0.218	0.044	0.993	0.994	-9.490	0.263	-0.197
-2.0	0.020	0.01050	-0.047	0.195	0.057	0.993	0.995	1.934	0.263	2.554
-1.0	0.142	0.01053	-0.048	0.168	0.077	0.992	0.996	13.499	0.263	0.590
0.0	0.264	0.01068	-0.050	0.139	0.100	0.991	0.997	24.689	0.263	0.439
1.0	0.385	0.01168	-0.052	0.115	0.123	0.991	0.997	32.980	0.263	0.384
2.0	0.506	0.01188	-0.053	0.092	0.148	0.990	0.997	42.592	0.264	0.355
3.0	0.626	0.01104	-0.055	0.068	0.178	0.989	0.998	56.710	0.264	0.338
4.0	0.745	0.01147	-0.056	0.048	0.211	0.986	0.998	64.958	0.264	0.326
5.0	0.861	0.01194	-0.058	0.034	0.239	0.982	0.998	72.117	0.264	0.317
6.0	0.975	0.01721	-0.060	0.025	0.272	0.977	0.998	56.639	0.264	0.311
7.0	1.083	0.01852	-0.061	0.018	0.311	0.969	0.998	58.468	0.265	0.307
8.0	1.186	0.01995	-0.063	0.014	0.360	0.959	0.998	59.463	0.265	0.303
9.0	1.282	0.02152	-0.064	0.012	0.428	0.945	0.998	59.571	0.266	0.300
10.0	1.366	0.02349	-0.066	0.010	0.464	0.926	0.998	58.162	0.268	0.298
11.0	1.435	0.02584	-0.067	0.009	0.501	0.901	0.998	55.514	0.270	0.297
12.0	1.486	0.02923	-0.068	0.006	0.535	0.862	0.998	50.831	0.272	0.296
13.0	1.519	0.03344	-0.069	0.005	0.579	0.812	0.999	45.424	0.277	0.295
14.0	1.533	0.03925	-0.069	0.004	0.629	0.749	0.999	39.056	0.313	0.295
15.0	1.529	0.04702	-0.069	0.004	0.686	0.676	0.999	32.507	0.257	0.295
16.0	1.507	0.05795	-0.069	0.003	0.747	0.594	0.999	26.007	0.266	0.296
17.0	1.473	0.07175	-0.069	0.003	0.800	0.511	0.999	20.524	0.269	0.297
18.0	1.428	0.08903	-0.068	0.003	0.844	0.433	0.998	16.044	0.270	0.297
19.0	1.378	0.10843	-0.067	0.003	0.879	0.363	0.998	12.712	0.275	0.298
20.0	1.320	0.13278	-0.065	0.003	0.908	0.290	0.998	9.940	0.279	0.299

Name = NACA 2414
Mach = 0; Re = 2430000; T.U. = 1.0; T.L. = 1.0
Surface Finish = 2; Stall model = 0; Transition model = 1; Aspect Ratio = 0; ground effect = 0
?	Cl	Cd	Cm 0.25	T.U.	T.L.	S.U.	S.L.	L/D	A.C.	C.P.
[°]	[-]	[-]	[-]	[-]	[-]	[-]	[-]	[-]	[-]	[-]
-20.0	-0.991	0.16336	-0.015	0.693	0.005	0.995	0.113	-6.065	0.196	0.235
-19.0	-1.009	0.14629	-0.016	0.661	0.005	0.995	0.127	-6.895	0.181	0.234
-18.0	-1.021	0.12956	-0.017	0.622	0.005	0.995	0.144	-7.877	0.113	0.233
-17.0	-1.026	0.11264	-0.019	0.588	0.005	0.994	0.171	-9.112	-0.371	0.232
-16.0	-1.025	0.09604	-0.020	0.557	0.005	0.995	0.208	-10.674	1.168	0.230
-15.0	-1.022	0.07636	-0.022	0.516	0.006	0.994	0.283	-13.389	0.525	0.228
-14.0	-1.010	0.06004	-0.025	0.478	0.005	0.994	0.366	-16.814	0.518	0.226
-13.0	-1.003	0.04038	-0.028	0.441	0.006	0.994	0.536	-24.841	0.508	0.223
-12.0	-0.987	0.02683	-0.031	0.411	0.006	0.994	0.730	-36.776	0.341	0.219
-11.0	-0.945	0.02057	-0.033	0.398	0.007	0.994	0.879	-45.908	0.287	0.215
-10.0	-0.873	0.01788	-0.035	0.365	0.009	0.994	0.947	-48.827	0.271	0.210
-9.0	-0.783	0.01606	-0.036	0.350	0.013	0.994	0.973	-48.747	0.266	0.204
-8.0	-0.682	0.01115	-0.038	0.321	0.015	0.994	0.982	-61.111	0.264	0.195
-7.0	-0.573	0.01064	-0.039	0.301	0.016	0.994	0.988	-53.831	0.263	0.182
-6.0	-0.458	0.01123	-0.041	0.273	0.019	0.994	0.991	-40.801	0.263	0.161
-5.0	-0.341	0.01083	-0.042	0.253	0.024	0.994	0.992	-31.496	0.263	0.126
-4.0	-0.222	0.01058	-0.044	0.223	0.031	0.993	0.993	-20.972	0.263	0.053
-3.0	-0.101	0.01043	-0.045	0.206	0.039	0.993	0.994	-9.701	0.263	-0.197
-2.0	0.020	0.01031	-0.047	0.175	0.053	0.993	0.995	1.969	0.263	2.554
-1.0	0.142	0.01034	-0.048	0.152	0.071	0.992	0.996	13.759	0.263	0.590
0.0	0.264	0.01048	-0.050	0.129	0.089	0.992	0.997	25.162	0.263	0.439
1.0	0.385	0.01147	-0.052	0.101	0.111	0.991	0.997	33.581	0.263	0.384
2.0	0.506	0.01166	-0.053	0.079	0.138	0.990	0.997	43.387	0.264	0.355
3.0	0.626	0.01206	-0.055	0.060	0.166	0.990	0.998	51.928	0.264	0.338
4.0	0.745	0.01122	-0.056	0.043	0.189	0.987	0.998	66.395	0.264	0.326
5.0	0.862	0.01171	-0.058	0.030	0.219	0.983	0.998	73.585	0.264	0.317
6.0	0.975	0.01679	-0.060	0.024	0.255	0.979	0.998	58.057	0.264	0.311
7.0	1.084	0.01806	-0.061	0.017	0.284	0.972	0.998	60.019	0.265	0.307
8.0	1.187	0.01949	-0.063	0.013	0.319	0.962	0.998	60.877	0.265	0.303
9.0	1.283	0.02101	-0.064	0.011	0.371	0.949	0.998	61.066	0.266	0.300
10.0	1.368	0.02280	-0.066	0.010	0.435	0.932	0.998	59.983	0.268	0.298
11.0	1.436	0.02523	-0.067	0.008	0.464	0.906	0.998	56.926	0.270	0.297
12.0	1.488	0.02837	-0.068	0.006	0.501	0.870	0.999	52.448	0.273	0.296
13.0	1.522	0.03241	-0.069	0.004	0.532	0.822	0.999	46.956	0.278	0.295
14.0	1.537	0.03778	-0.070	0.004	0.574	0.762	0.999	40.680	0.315	0.295
15.0	1.535	0.04484	-0.070	0.004	0.622	0.695	0.999	34.230	0.247	0.296
16.0	1.514	0.05501	-0.070	0.003	0.674	0.615	0.999	27.520	0.264	0.296
17.0	1.479	0.06866	-0.069	0.003	0.730	0.530	0.999	21.535	0.269	0.297
18.0	1.433	0.08556	-0.068	0.003	0.788	0.448	0.998	16.752	0.269	0.298
19.0	1.384	0.10412	-0.067	0.003	0.837	0.381	0.998	13.291	0.270	0.299
20.0	1.328	0.12592	-0.066	0.003	0.875	0.315	0.998	10.544	0.272	0.300

Name = NACA 2414
Mach = 0; Re = 2830000; T.U. = 1.0; T.L. = 1.0
Surface Finish = 2; Stall model = 0; Transition model = 1; Aspect Ratio = 0; ground effect = 0
?	Cl	Cd	Cm 0.25	T.U.	T.L.	S.U.	S.L.	L/D	A.C.	C.P.
[°]	[-]	[-]	[-]	[-]	[-]	[-]	[-]	[-]	[-]	[-]
-20.0	-0.992	0.16109	-0.015	0.660	0.004	0.995	0.117	-6.156	0.195	0.234
-19.0	-1.010	0.14330	-0.016	0.621	0.005	0.995	0.133	-7.050	0.180	0.234
-18.0	-1.023	0.12646	-0.018	0.587	0.005	0.995	0.154	-8.089	0.115	0.233
-17.0	-1.028	0.11038	-0.019	0.558	0.005	0.995	0.179	-9.316	-0.231	0.232
-16.0	-1.029	0.09265	-0.021	0.517	0.005	0.995	0.224	-11.107	1.439	0.230
-15.0	-1.025	0.07415	-0.023	0.484	0.005	0.995	0.295	-13.827	0.594	0.228
-14.0	-1.016	0.05635	-0.025	0.449	0.005	0.995	0.396	-18.039	0.625	0.225
-13.0	-1.011	0.03736	-0.028	0.414	0.006	0.995	0.572	-27.065	0.497	0.222
-12.0	-0.993	0.02519	-0.031	0.399	0.006	0.995	0.761	-39.422	0.329	0.219
-11.0	-0.947	0.01998	-0.033	0.368	0.007	0.995	0.890	-47.391	0.283	0.215
-10.0	-0.874	0.01750	-0.035	0.352	0.008	0.994	0.951	-49.905	0.270	0.210
-9.0	-0.783	0.01576	-0.036	0.329	0.011	0.994	0.975	-49.685	0.266	0.204
-8.0	-0.682	0.01095	-0.038	0.305	0.014	0.994	0.984	-62.244	0.264	0.195
-7.0	-0.573	0.01046	-0.039	0.282	0.015	0.994	0.989	-54.734	0.263	0.182
-6.0	-0.458	0.01098	-0.041	0.257	0.018	0.994	0.991	-41.731	0.263	0.161
-5.0	-0.341	0.01069	-0.042	0.233	0.022	0.994	0.992	-31.920	0.263	0.126
-4.0	-0.222	0.01041	-0.044	0.210	0.030	0.994	0.993	-21.306	0.263	0.053
-3.0	-0.101	0.01026	-0.045	0.184	0.037	0.993	0.994	-9.861	0.263	-0.197
-2.0	0.020	0.01016	-0.047	0.165	0.050	0.993	0.995	1.998	0.263	2.554
-1.0	0.142	0.01024	-0.048	0.137	0.064	0.992	0.996	13.886	0.263	0.590
0.0	0.264	0.01031	-0.050	0.115	0.082	0.992	0.997	25.578	0.263	0.439
1.0	0.385	0.01123	-0.052	0.095	0.105	0.991	0.997	34.298	0.263	0.384
2.0	0.506	0.01151	-0.053	0.071	0.129	0.991	0.997	43.947	0.264	0.355
3.0	0.626	0.01197	-0.055	0.053	0.149	0.990	0.998	52.345	0.264	0.338
4.0	0.745	0.01101	-0.056	0.040	0.177	0.988	0.998	67.676	0.264	0.326
5.0	0.862	0.01147	-0.058	0.028	0.210	0.984	0.998	75.125	0.264	0.317
6.0	0.975	0.01646	-0.060	0.022	0.231	0.980	0.998	59.244	0.265	0.311
7.0	1.084	0.01774	-0.061	0.015	0.264	0.973	0.998	61.107	0.265	0.307
8.0	1.187	0.01904	-0.063	0.012	0.301	0.964	0.998	62.348	0.265	0.303
9.0	1.284	0.02054	-0.064	0.011	0.334	0.952	0.998	62.519	0.266	0.300
10.0	1.369	0.02227	-0.066	0.009	0.390	0.936	0.998	61.463	0.268	0.298
11.0	1.437	0.02472	-0.067	0.007	0.449	0.910	0.998	58.141	0.270	0.297
12.0	1.490	0.02771	-0.068	0.005	0.466	0.876	0.999	53.772	0.273	0.296
13.0	1.525	0.03149	-0.069	0.004	0.503	0.830	0.999	48.417	0.280	0.295
14.0	1.540	0.03666	-0.070	0.003	0.536	0.773	0.999	42.024	0.316	0.295
15.0	1.539	0.04337	-0.070	0.003	0.576	0.707	0.999	35.474	0.242	0.296
16.0	1.518	0.05310	-0.070	0.003	0.622	0.628	0.999	28.588	0.260	0.296
17.0	1.485	0.06561	-0.070	0.003	0.672	0.548	0.999	22.627	0.265	0.297
18.0	1.440	0.08170	-0.069	0.003	0.725	0.468	0.998	17.622	0.267	0.298
19.0	1.390	0.09969	-0.068	0.003	0.780	0.399	0.998	13.940	0.270	0.299
20.0	1.332	0.12210	-0.067	0.003	0.834	0.328	0.998	10.906	0.273	0.300

Name = NACA 2414
Mach = 0; Re = 3230000; T.U. = 1.0; T.L. = 1.0
Surface Finish = 2; Stall model = 0; Transition model = 1; Aspect Ratio = 0; ground effect = 0
?	Cl	Cd	Cm 0.25	T.U.	T.L.	S.U.	S.L.	L/D	A.C.	C.P.
[°]	[-]	[-]	[-]	[-]	[-]	[-]	[-]	[-]	[-]	[-]
-20.0	-0.993	0.15851	-0.016	0.622	0.004	0.995	0.123	-6.266	0.196	0.234
-19.0	-1.011	0.14166	-0.017	0.593	0.004	0.995	0.137	-7.139	0.180	0.234
-18.0	-1.025	0.12371	-0.018	0.560	0.005	0.995	0.162	-8.284	0.122	0.233
-17.0	-1.032	0.10688	-0.019	0.522	0.005	0.995	0.193	-9.654	-0.179	0.231
-16.0	-1.032	0.09034	-0.021	0.497	0.005	0.995	0.235	-11.422	2.105	0.230
-15.0	-1.030	0.07110	-0.023	0.454	0.005	0.995	0.314	-14.483	0.651	0.228
-14.0	-1.021	0.05410	-0.025	0.419	0.005	0.995	0.415	-18.868	0.613	0.225
-13.0	-1.015	0.03572	-0.028	0.402	0.005	0.995	0.591	-28.425	0.483	0.222
-12.0	-0.996	0.02431	-0.031	0.375	0.006	0.995	0.777	-40.989	0.324	0.219
-11.0	-0.948	0.01950	-0.033	0.355	0.006	0.995	0.899	-48.640	0.282	0.215
-10.0	-0.874	0.01713	-0.035	0.345	0.008	0.995	0.955	-51.025	0.269	0.210
-9.0	-0.783	0.01560	-0.036	0.309	0.010	0.994	0.976	-50.210	0.265	0.204
-8.0	-0.682	0.01070	-0.038	0.296	0.014	0.994	0.985	-63.733	0.264	0.195
-7.0	-0.573	0.01133	-0.039	0.263	0.015	0.994	0.990	-50.572	0.263	0.182
-6.0	-0.458	0.01090	-0.041	0.250	0.017	0.994	0.991	-42.046	0.263	0.161
-5.0	-0.341	0.01059	-0.042	0.216	0.021	0.994	0.992	-32.219	0.263	0.126
-4.0	-0.222	0.01025	-0.044	0.204	0.029	0.994	0.993	-21.648	0.263	0.053
-3.0	-0.101	0.01014	-0.045	0.172	0.034	0.993	0.994	-9.984	0.263	-0.197
-2.0	0.020	0.01006	-0.047	0.150	0.047	0.993	0.995	2.017	0.263	2.554
-1.0	0.142	0.01006	-0.048	0.129	0.058	0.993	0.997	14.138	0.263	0.590
0.0	0.264	0.01100	-0.050	0.103	0.077	0.992	0.997	23.969	0.263	0.439
1.0	0.385	0.01109	-0.052	0.086	0.101	0.991	0.997	34.715	0.263	0.384
2.0	0.506	0.01131	-0.053	0.067	0.117	0.991	0.997	44.755	0.264	0.355
3.0	0.626	0.01177	-0.055	0.048	0.141	0.990	0.998	53.207	0.264	0.338
4.0	0.745	0.01086	-0.056	0.035	0.171	0.988	0.998	68.615	0.264	0.326
5.0	0.862	0.01133	-0.058	0.026	0.190	0.984	0.998	76.061	0.264	0.317
6.0	0.975	0.01621	-0.060	0.020	0.219	0.980	0.998	60.178	0.265	0.311
7.0	1.084	0.01740	-0.061	0.014	0.254	0.975	0.998	62.318	0.265	0.307
8.0	1.188	0.01867	-0.063	0.011	0.276	0.966	0.998	63.607	0.265	0.303
9.0	1.285	0.02012	-0.064	0.010	0.311	0.955	0.998	63.861	0.266	0.300
10.0	1.370	0.02183	-0.066	0.009	0.353	0.939	0.998	62.731	0.268	0.298
11.0	1.438	0.02432	-0.067	0.006	0.405	0.913	0.998	59.139	0.270	0.297
12.0	1.491	0.02717	-0.068	0.004	0.451	0.881	0.999	54.900	0.274	0.296
13.0	1.527	0.03076	-0.069	0.004	0.472	0.838	0.999	49.646	0.280	0.295
14.0	1.543	0.03573	-0.070	0.003	0.507	0.781	0.999	43.197	0.317	0.295
15.0	1.542	0.04219	-0.070	0.003	0.547	0.717	0.999	36.542	0.232	0.296
16.0	1.523	0.05115	-0.070	0.003	0.582	0.643	0.999	29.777	0.259	0.296
17.0	1.488	0.06376	-0.070	0.003	0.626	0.559	0.999	23.340	0.264	0.297
18.0	1.445	0.07850	-0.069	0.003	0.674	0.484	0.998	18.407	0.266	0.298
19.0	1.393	0.09722	-0.068	0.003	0.726	0.409	0.999	14.324	0.268	0.299
20.0	1.337	0.11761	-0.067	0.003	0.780	0.345	0.999	11.365	0.268	0.300

Name = NACA 2414
Mach = 0; Re = 3630000; T.U. = 1.0; T.L. = 1.0
Surface Finish = 2; Stall model = 0; Transition model = 1; Aspect Ratio = 0; ground effect = 0
?	Cl	Cd	Cm 0.25	T.U.	T.L.	S.U.	S.L.	L/D	A.C.	C.P.
[°]	[-]	[-]	[-]	[-]	[-]	[-]	[-]	[-]	[-]	[-]
-20.0	-0.994	0.15609	-0.016	0.605	0.004	0.995	0.127	-6.370	0.195	0.234
-19.0	-1.013	0.13910	-0.017	0.564	0.004	0.995	0.144	-7.283	0.181	0.233
-18.0	-1.026	0.12259	-0.018	0.530	0.004	0.995	0.165	-8.366	0.125	0.233
-17.0	-1.034	0.10451	-0.019	0.504	0.005	0.995	0.202	-9.893	-0.094	0.231
-16.0	-1.035	0.08802	-0.021	0.462	0.005	0.995	0.247	-11.754	795.079	0.230
-15.0	-1.034	0.06846	-0.023	0.427	0.005	0.995	0.331	-15.104	0.840	0.228
-14.0	-1.027	0.05110	-0.025	0.406	0.005	0.995	0.441	-20.098	0.664	0.225
-13.0	-1.021	0.03370	-0.028	0.389	0.005	0.995	0.618	-30.309	0.460	0.222
-12.0	-1.001	0.02331	-0.031	0.360	0.006	0.995	0.797	-42.923	0.317	0.219
-11.0	-0.950	0.01903	-0.033	0.348	0.006	0.995	0.908	-49.922	0.280	0.215
-10.0	-0.875	0.01685	-0.035	0.317	0.008	0.995	0.958	-51.904	0.269	0.210
-9.0	-0.783	0.01531	-0.036	0.300	0.009	0.995	0.977	-51.181	0.265	0.204
-8.0	-0.682	0.01062	-0.038	0.272	0.014	0.994	0.985	-64.248	0.264	0.195
-7.0	-0.573	0.01120	-0.039	0.254	0.015	0.994	0.990	-51.144	0.263	0.182
-6.0	-0.458	0.01071	-0.041	0.227	0.017	0.995	0.991	-42.782	0.263	0.161
-5.0	-0.341	0.01043	-0.042	0.208	0.020	0.994	0.992	-32.693	0.263	0.126
-4.0	-0.222	0.01010	-0.044	0.182	0.028	0.994	0.993	-21.976	0.263	0.053
-3.0	-0.101	0.00994	-0.045	0.165	0.033	0.994	0.995	-10.186	0.263	-0.197
-2.0	0.020	0.00997	-0.047	0.138	0.044	0.993	0.996	2.036	0.263	2.554
-1.0	0.142	0.00994	-0.048	0.125	0.055	0.993	0.997	14.316	0.263	0.590
0.0	0.264	0.01087	-0.050	0.098	0.074	0.992	0.997	24.262	0.263	0.439
1.0	0.385	0.01101	-0.052	0.076	0.091	0.992	0.997	34.975	0.263	0.384
2.0	0.506	0.01117	-0.053	0.063	0.110	0.991	0.997	45.292	0.264	0.355
3.0	0.626	0.01157	-0.055	0.045	0.137	0.991	0.998	54.126	0.264	0.338
4.0	0.745	0.01070	-0.057	0.032	0.157	0.989	0.998	69.628	0.264	0.326
5.0	0.862	0.01114	-0.058	0.025	0.180	0.986	0.998	77.399	0.264	0.317
6.0	0.975	0.01592	-0.060	0.018	0.212	0.981	0.998	61.256	0.265	0.311
7.0	1.085	0.01713	-0.061	0.013	0.232	0.976	0.998	63.307	0.265	0.307
8.0	1.188	0.01835	-0.063	0.011	0.263	0.967	0.998	64.759	0.265	0.303
9.0	1.285	0.01978	-0.064	0.010	0.300	0.957	0.998	64.979	0.266	0.300
10.0	1.370	0.02156	-0.066	0.008	0.325	0.941	0.998	63.550	0.268	0.298
11.0	1.439	0.02394	-0.067	0.005	0.370	0.917	0.998	60.112	0.270	0.297
12.0	1.493	0.02666	-0.068	0.004	0.420	0.885	0.999	55.987	0.274	0.296
13.0	1.529	0.03015	-0.069	0.003	0.457	0.843	0.999	50.710	0.281	0.295
14.0	1.546	0.03477	-0.070	0.003	0.481	0.790	0.999	44.465	0.317	0.295
15.0	1.546	0.04087	-0.071	0.003	0.514	0.728	0.999	37.817	0.230	0.296
16.0	1.526	0.04977	-0.071	0.003	0.556	0.653	0.999	30.668	0.256	0.296
17.0	1.493	0.06128	-0.070	0.003	0.595	0.575	0.999	24.369	0.264	0.297
18.0	1.447	0.07705	-0.069	0.003	0.635	0.491	0.998	18.782	0.266	0.298
19.0	1.397	0.09438	-0.069	0.003	0.682	0.421	0.999	14.798	0.266	0.299
20.0	1.341	0.11409	-0.068	0.003	0.732	0.358	0.999	11.751	0.267	0.301

Name = NACA 2414
Mach = 0; Re = 4030000; T.U. = 1.0; T.L. = 1.0
Surface Finish = 2; Stall model = 0; Transition model = 1; Aspect Ratio = 0; ground effect = 0
?	Cl	Cd	Cm 0.25	T.U.	T.L.	S.U.	S.L.	L/D	A.C.	C.P.
[°]	[-]	[-]	[-]	[-]	[-]	[-]	[-]	[-]	[-]	[-]
-20.0	-0.995	0.15408	-0.016	0.570	0.004	0.995	0.131	-6.459	0.195	0.234
-19.0	-1.014	0.13680	-0.017	0.546	0.004	0.995	0.150	-7.415	0.181	0.233
-18.0	-1.027	0.12068	-0.018	0.510	0.004	0.995	0.171	-8.512	0.127	0.232
-17.0	-1.036	0.10252	-0.020	0.473	0.005	0.995	0.209	-10.103	-0.065	0.231
-16.0	-1.037	0.08587	-0.021	0.445	0.005	0.995	0.257	-12.078	7.879	0.230
-15.0	-1.035	0.06738	-0.023	0.412	0.005	0.995	0.337	-15.365	1.198	0.228
-14.0	-1.032	0.04857	-0.026	0.399	0.005	0.995	0.464	-21.255	0.629	0.225
-13.0	-1.022	0.03340	-0.028	0.367	0.005	0.995	0.620	-30.592	0.430	0.222
-12.0	-1.002	0.02277	-0.031	0.352	0.005	0.995	0.806	-44.031	0.318	0.219
-11.0	-0.951	0.01872	-0.033	0.332	0.006	0.995	0.913	-50.800	0.279	0.215
-10.0	-0.875	0.01659	-0.035	0.306	0.007	0.995	0.960	-52.747	0.269	0.210
-9.0	-0.784	0.01511	-0.036	0.294	0.009	0.995	0.978	-51.840	0.265	0.204
-8.0	-0.682	0.01048	-0.038	0.260	0.013	0.995	0.986	-65.105	0.264	0.195
-7.0	-0.573	0.01102	-0.039	0.249	0.014	0.994	0.990	-51.993	0.263	0.182
-6.0	-0.458	0.01057	-0.041	0.215	0.016	0.995	0.992	-43.386	0.263	0.161
-5.0	-0.341	0.01022	-0.042	0.204	0.019	0.994	0.993	-33.373	0.263	0.126
-4.0	-0.222	0.01007	-0.044	0.172	0.025	0.994	0.993	-22.024	0.263	0.053
-3.0	-0.101	0.00990	-0.045	0.158	0.032	0.994	0.995	-10.227	0.263	-0.197
-2.0	0.020	0.00980	-0.047	0.132	0.041	0.993	0.996	2.072	0.263	2.554
-1.0	0.142	0.00987	-0.048	0.110	0.053	0.993	0.997	14.412	0.263	0.590
0.0	0.264	0.01073	-0.050	0.094	0.072	0.992	0.997	24.579	0.263	0.439
1.0	0.385	0.01090	-0.052	0.071	0.085	0.992	0.997	35.344	0.263	0.384
2.0	0.506	0.01107	-0.053	0.056	0.106	0.991	0.997	45.726	0.264	0.355
3.0	0.626	0.01138	-0.055	0.043	0.132	0.991	0.998	55.038	0.264	0.338
4.0	0.745	0.01062	-0.057	0.030	0.147	0.990	0.998	70.174	0.264	0.326
5.0	0.862	0.01099	-0.058	0.024	0.174	0.986	0.998	78.482	0.264	0.317
6.0	0.976	0.01153	-0.060	0.017	0.198	0.982	0.998	84.617	0.265	0.311
7.0	1.085	0.01682	-0.061	0.012	0.221	0.977	0.998	64.507	0.265	0.307
8.0	1.189	0.01805	-0.063	0.011	0.255	0.969	0.998	65.847	0.266	0.303
9.0	1.286	0.01941	-0.065	0.010	0.277	0.959	0.998	66.236	0.266	0.300
10.0	1.371	0.02132	-0.066	0.007	0.309	0.943	0.998	64.284	0.268	0.298
11.0	1.440	0.02363	-0.067	0.005	0.350	0.919	0.998	60.929	0.271	0.297
12.0	1.494	0.02623	-0.069	0.004	0.399	0.889	0.999	56.961	0.274	0.296
13.0	1.530	0.02960	-0.069	0.003	0.447	0.848	0.999	51.691	0.282	0.295
14.0	1.548	0.03413	-0.070	0.003	0.462	0.796	0.999	45.365	0.317	0.295
15.0	1.549	0.03978	-0.071	0.003	0.500	0.738	0.999	38.933	0.220	0.296
16.0	1.530	0.04835	-0.071	0.003	0.524	0.664	0.999	31.640	0.254	0.296
17.0	1.497	0.05941	-0.071	0.003	0.563	0.587	0.999	25.206	0.262	0.297
18.0	1.451	0.07471	-0.070	0.003	0.607	0.503	0.999	19.423	0.265	0.298
19.0	1.400	0.09161	-0.069	0.003	0.651	0.433	0.999	15.283	0.264	0.299
20.0	1.345	0.11079	-0.068	0.003	0.695	0.371	0.999	12.136	0.265	0.301

Name = NACA 2414
Mach = 0; Re = 4430000; T.U. = 1.0; T.L. = 1.0
Surface Finish = 2; Stall model = 0; Transition model = 1; Aspect Ratio = 0; ground effect = 0
?	Cl	Cd	Cm 0.25	T.U.	T.L.	S.U.	S.L.	L/D	A.C.	C.P.
[°]	[-]	[-]	[-]	[-]	[-]	[-]	[-]	[-]	[-]	[-]
-20.0	-0.996	0.15231	-0.016	0.557	0.004	0.995	0.136	-6.542	0.195	0.234
-19.0	-1.016	0.13486	-0.017	0.518	0.004	0.995	0.155	-7.532	0.181	0.233
-18.0	-1.029	0.11851	-0.018	0.496	0.004	0.995	0.178	-8.682	0.126	0.232
-17.0	-1.037	0.10181	-0.020	0.455	0.004	0.995	0.212	-10.180	-0.040	0.231
-16.0	-1.040	0.08372	-0.021	0.420	0.005	0.995	0.268	-12.421	-1.571	0.229
-15.0	-1.039	0.06529	-0.023	0.403	0.005	0.995	0.351	-15.908	1.865	0.227
-14.0	-1.037	0.04644	-0.026	0.381	0.005	0.995	0.484	-22.331	0.669	0.225
-13.0	-1.026	0.03187	-0.029	0.357	0.005	0.995	0.640	-32.199	0.417	0.222
-12.0	-1.005	0.02206	-0.031	0.347	0.005	0.995	0.821	-45.576	0.312	0.219
-11.0	-0.952	0.01839	-0.033	0.314	0.006	0.995	0.919	-51.770	0.278	0.215
-10.0	-0.875	0.01637	-0.035	0.299	0.007	0.995	0.961	-53.469	0.268	0.210
-9.0	-0.784	0.01496	-0.036	0.271	0.008	0.995	0.978	-52.372	0.265	0.204
-8.0	-0.682	0.01041	-0.038	0.254	0.011	0.995	0.986	-65.502	0.264	0.195
-7.0	-0.573	0.01083	-0.039	0.228	0.014	0.995	0.990	-52.907	0.263	0.182
-6.0	-0.458	0.01052	-0.041	0.209	0.015	0.995	0.992	-43.583	0.263	0.161
-5.0	-0.341	0.01022	-0.042	0.186	0.018	0.994	0.993	-33.393	0.263	0.126
-4.0	-0.222	0.00989	-0.044	0.168	0.024	0.994	0.994	-22.440	0.263	0.053
-3.0	-0.101	0.00975	-0.045	0.143	0.031	0.994	0.995	-10.382	0.263	-0.197
-2.0	0.020	0.00976	-0.047	0.128	0.038	0.993	0.996	2.080	0.263	2.554
-1.0	0.142	0.00978	-0.048	0.102	0.051	0.993	0.997	14.547	0.263	0.590
0.0	0.264	0.01063	-0.050	0.090	0.066	0.993	0.997	24.817	0.263	0.439
1.0	0.385	0.01078	-0.052	0.068	0.081	0.992	0.997	35.725	0.263	0.384
2.0	0.506	0.01103	-0.053	0.051	0.103	0.991	0.997	45.904	0.264	0.355
3.0	0.626	0.01134	-0.055	0.041	0.120	0.991	0.998	55.236	0.264	0.338
4.0	0.745	0.01177	-0.057	0.028	0.141	0.990	0.998	63.348	0.264	0.326
5.0	0.862	0.01084	-0.058	0.023	0.170	0.987	0.998	79.526	0.264	0.317
6.0	0.976	0.01140	-0.060	0.015	0.186	0.982	0.998	85.564	0.265	0.311
7.0	1.085	0.01658	-0.061	0.012	0.215	0.978	0.998	65.438	0.265	0.307
8.0	1.189	0.01778	-0.063	0.011	0.240	0.971	0.998	66.872	0.266	0.303
9.0	1.286	0.01917	-0.065	0.009	0.265	0.960	0.998	67.103	0.266	0.300
10.0	1.371	0.02106	-0.066	0.006	0.301	0.944	0.998	65.088	0.268	0.298
11.0	1.441	0.02329	-0.067	0.004	0.326	0.922	0.998	61.863	0.271	0.297
12.0	1.495	0.02585	-0.069	0.003	0.367	0.892	0.999	57.825	0.274	0.296
13.0	1.532	0.02907	-0.070	0.003	0.412	0.853	0.999	52.706	0.282	0.295
14.0	1.550	0.03340	-0.070	0.003	0.453	0.803	0.999	46.416	0.317	0.295
15.0	1.551	0.03914	-0.071	0.003	0.472	0.744	0.999	39.624	0.213	0.296
16.0	1.533	0.04709	-0.071	0.003	0.507	0.674	0.999	32.561	0.253	0.296
17.0	1.499	0.05842	-0.071	0.003	0.541	0.593	0.999	25.663	0.261	0.297
18.0	1.455	0.07257	-0.070	0.003	0.574	0.515	0.999	20.049	0.263	0.298
19.0	1.403	0.08926	-0.069	0.003	0.616	0.443	0.999	15.723	0.265	0.299
20.0	1.346	0.10919	-0.068	0.002	0.661	0.376	0.999	12.330	0.266	0.301

Name = NACA 2414
Mach = 0; Re = 4830000; T.U. = 1.0; T.L. = 1.0
Surface Finish = 2; Stall model = 0; Transition model = 1; Aspect Ratio = 0; ground effect = 0
?	Cl	Cd	Cm 0.25	T.U.	T.L.	S.U.	S.L.	L/D	A.C.	C.P.
[°]	[-]	[-]	[-]	[-]	[-]	[-]	[-]	[-]	[-]	[-]
-20.0	-0.995	0.15291	-0.016	0.531	0.004	0.995	0.132	-6.510	0.191	0.234
-19.0	-1.017	0.13312	-0.017	0.507	0.004	0.995	0.160	-7.639	0.180	0.233
-18.0	-1.030	0.11664	-0.018	0.466	0.004	0.995	0.184	-8.834	0.129	0.232
-17.0	-1.039	0.09989	-0.020	0.439	0.004	0.995	0.220	-10.397	-0.022	0.231
-16.0	-1.042	0.08183	-0.021	0.409	0.005	0.995	0.278	-12.736	-0.765	0.229
-15.0	-1.042	0.06310	-0.024	0.398	0.005	0.995	0.367	-16.518	0.920	0.227
-14.0	-1.036	0.04682	-0.026	0.365	0.005	0.995	0.479	-22.117	0.679	0.225
-13.0	-1.030	0.03056	-0.029	0.351	0.005	0.995	0.659	-33.714	0.437	0.222
-12.0	-1.007	0.02172	-0.031	0.330	0.005	0.995	0.828	-46.354	0.308	0.219
-11.0	-0.953	0.01814	-0.033	0.305	0.005	0.995	0.922	-52.519	0.277	0.215
-10.0	-0.876	0.01615	-0.035	0.295	0.007	0.995	0.963	-54.234	0.268	0.210
-9.0	-0.784	0.01480	-0.036	0.261	0.008	0.995	0.979	-52.947	0.265	0.204
-8.0	-0.682	0.01027	-0.038	0.250	0.010	0.995	0.986	-66.456	0.264	0.195
-7.0	-0.573	0.01080	-0.039	0.217	0.014	0.995	0.990	-53.047	0.263	0.182
-6.0	-0.458	0.01030	-0.041	0.205	0.015	0.995	0.992	-44.491	0.263	0.161
-5.0	-0.341	0.01004	-0.042	0.176	0.018	0.994	0.993	-33.993	0.263	0.126
-4.0	-0.222	0.00985	-0.044	0.164	0.022	0.994	0.994	-22.520	0.263	0.053
-3.0	-0.101	0.00972	-0.045	0.136	0.030	0.994	0.995	-10.412	0.263	-0.197
-2.0	0.020	0.00959	-0.047	0.125	0.036	0.994	0.996	2.118	0.263	2.554
-1.0	0.142	0.00968	-0.048	0.098	0.050	0.993	0.997	14.698	0.263	0.590
0.0	0.264	0.01055	-0.050	0.081	0.062	0.993	0.997	25.005	0.263	0.439
1.0	0.385	0.01066	-0.052	0.066	0.078	0.992	0.997	36.129	0.263	0.384
2.0	0.506	0.01084	-0.053	0.048	0.101	0.991	0.997	46.705	0.264	0.355
3.0	0.626	0.01118	-0.055	0.040	0.113	0.991	0.998	56.040	0.264	0.338
4.0	0.745	0.01167	-0.057	0.026	0.138	0.990	0.998	63.889	0.264	0.326
5.0	0.862	0.01072	-0.058	0.022	0.159	0.988	0.998	80.472	0.264	0.317
6.0	0.976	0.01126	-0.060	0.014	0.180	0.983	0.998	86.665	0.265	0.311
7.0	1.085	0.01639	-0.061	0.011	0.211	0.979	0.998	66.193	0.265	0.307
8.0	1.189	0.01759	-0.063	0.010	0.227	0.972	0.998	67.614	0.266	0.303
9.0	1.287	0.01891	-0.065	0.009	0.258	0.962	0.998	68.035	0.267	0.300
10.0	1.372	0.02086	-0.066	0.006	0.285	0.946	0.998	65.741	0.268	0.298
11.0	1.441	0.02301	-0.067	0.004	0.312	0.925	0.998	62.637	0.271	0.297
12.0	1.496	0.02547	-0.069	0.003	0.352	0.896	0.999	58.745	0.275	0.296
13.0	1.533	0.02866	-0.070	0.003	0.398	0.857	0.999	53.491	0.283	0.295
14.0	1.552	0.03275	-0.070	0.003	0.438	0.809	0.999	47.399	0.317	0.295
15.0	1.553	0.03827	-0.071	0.003	0.460	0.751	0.999	40.583	0.206	0.296
16.0	1.536	0.04595	-0.071	0.003	0.490	0.683	0.999	33.429	0.252	0.296
17.0	1.502	0.05695	-0.071	0.003	0.517	0.603	0.999	26.381	0.260	0.297
18.0	1.458	0.07066	-0.070	0.003	0.557	0.525	0.999	20.637	0.264	0.298
19.0	1.405	0.08818	-0.070	0.002	0.594	0.448	0.999	15.932	0.265	0.299
20.0	1.349	0.10663	-0.069	0.002	0.629	0.386	0.999	12.654	0.263	0.301

Name = NACA 2414
Mach = 0; Re = 5230000; T.U. = 1.0; T.L. = 1.0
Surface Finish = 2; Stall model = 0; Transition model = 1; Aspect Ratio = 0; ground effect = 0
?	Cl	Cd	Cm 0.25	T.U.	T.L.	S.U.	S.L.	L/D	A.C.	C.P.
[°]	[-]	[-]	[-]	[-]	[-]	[-]	[-]	[-]	[-]	[-]
-20.0	-0.993	0.15706	-0.016	0.514	0.003	0.995	0.123	-6.323	0.186	0.234
-19.0	-1.018	0.13155	-0.017	0.489	0.004	0.995	0.164	-7.737	0.178	0.233
-18.0	-1.032	0.11498	-0.018	0.455	0.004	0.995	0.190	-8.974	0.132	0.232
-17.0	-1.040	0.09817	-0.020	0.419	0.004	0.995	0.228	-10.597	-0.043	0.231
-16.0	-1.042	0.08144	-0.022	0.403	0.004	0.995	0.279	-12.801	-0.493	0.229
-15.0	-1.046	0.06117	-0.024	0.382	0.005	0.995	0.381	-17.093	1.700	0.227
-14.0	-1.039	0.04512	-0.026	0.357	0.005	0.995	0.495	-23.037	0.692	0.225
-13.0	-1.034	0.02943	-0.029	0.347	0.005	0.995	0.676	-35.135	0.424	0.222
-12.0	-1.009	0.02122	-0.031	0.315	0.005	0.995	0.838	-47.560	0.305	0.219
-11.0	-0.954	0.01787	-0.033	0.300	0.005	0.995	0.927	-53.378	0.276	0.215
-10.0	-0.876	0.01599	-0.035	0.273	0.006	0.995	0.964	-54.778	0.268	0.210
-9.0	-0.784	0.01466	-0.036	0.255	0.007	0.995	0.979	-53.473	0.265	0.204
-8.0	-0.682	0.01020	-0.038	0.235	0.010	0.995	0.987	-66.859	0.264	0.195
-7.0	-0.573	0.01064	-0.039	0.211	0.014	0.995	0.991	-53.847	0.263	0.182
-6.0	-0.458	0.01028	-0.041	0.196	0.015	0.995	0.992	-44.596	0.263	0.161
-5.0	-0.341	0.01000	-0.042	0.170	0.017	0.994	0.993	-34.102	0.263	0.126
-4.0	-0.222	0.00969	-0.044	0.156	0.021	0.994	0.994	-22.902	0.263	0.053
-3.0	-0.101	0.00961	-0.045	0.131	0.030	0.994	0.995	-10.536	0.263	-0.197
-2.0	0.020	0.00959	-0.047	0.113	0.035	0.994	0.996	2.117	0.263	2.554
-1.0	0.142	0.00957	-0.048	0.096	0.048	0.993	0.997	14.862	0.263	0.590
0.0	0.264	0.01047	-0.050	0.075	0.058	0.993	0.997	25.205	0.263	0.439
1.0	0.385	0.01054	-0.052	0.064	0.076	0.992	0.997	36.536	0.263	0.384
2.0	0.506	0.01081	-0.053	0.046	0.094	0.991	0.997	46.824	0.264	0.355
3.0	0.626	0.01111	-0.055	0.036	0.109	0.991	0.998	56.379	0.264	0.338
4.0	0.746	0.01153	-0.057	0.025	0.135	0.990	0.998	64.656	0.264	0.326
5.0	0.862	0.01065	-0.058	0.021	0.150	0.988	0.998	80.964	0.264	0.317
6.0	0.976	0.01113	-0.060	0.014	0.176	0.984	0.998	87.676	0.265	0.311
7.0	1.085	0.01623	-0.061	0.011	0.199	0.979	0.998	66.851	0.265	0.307
8.0	1.189	0.01735	-0.063	0.010	0.220	0.973	0.998	68.537	0.266	0.303
9.0	1.287	0.01866	-0.065	0.009	0.254	0.963	0.998	68.963	0.267	0.300
10.0	1.372	0.02063	-0.066	0.005	0.271	0.947	0.998	66.484	0.268	0.298
11.0	1.442	0.02271	-0.067	0.004	0.305	0.927	0.998	63.492	0.271	0.297
12.0	1.497	0.02516	-0.069	0.003	0.335	0.899	0.999	59.495	0.275	0.296
13.0	1.535	0.02825	-0.070	0.003	0.371	0.862	0.999	54.322	0.283	0.295
14.0	1.553	0.03236	-0.071	0.003	0.412	0.813	0.999	47.997	0.317	0.295
15.0	1.555	0.03751	-0.071	0.003	0.453	0.758	0.999	41.463	0.204	0.296
16.0	1.538	0.04538	-0.071	0.003	0.469	0.687	0.999	33.881	0.250	0.296
17.0	1.505	0.05563	-0.071	0.003	0.505	0.612	0.999	27.061	0.258	0.297
18.0	1.461	0.06899	-0.071	0.003	0.533	0.535	0.999	21.182	0.263	0.298
19.0	1.408	0.08613	-0.070	0.002	0.567	0.457	0.999	16.347	0.264	0.300
20.0	1.352	0.10435	-0.069	0.002	0.610	0.394	0.999	12.956	0.263	0.301

Name = NACA 2414
Mach = 0; Re = 5630000; T.U. = 1.0; T.L. = 1.0
Surface Finish = 2; Stall model = 0; Transition model = 1; Aspect Ratio = 0; ground effect = 0
?	Cl	Cd	Cm 0.25	T.U.	T.L.	S.U.	S.L.	L/D	A.C.	C.P.
[°]	[-]	[-]	[-]	[-]	[-]	[-]	[-]	[-]	[-]	[-]
-20.0	-0.992	0.15924	-0.015	0.506	0.002	0.995	0.119	-6.231	0.185	0.234
-19.0	-1.017	0.13286	-0.017	0.466	0.004	0.996	0.160	-7.655	0.177	0.233
-18.0	-1.033	0.11347	-0.019	0.443	0.004	0.996	0.195	-9.106	0.136	0.232
-17.0	-1.042	0.09665	-0.020	0.410	0.004	0.995	0.235	-10.782	-0.027	0.231
-16.0	-1.044	0.07992	-0.022	0.399	0.004	0.995	0.287	-13.070	-0.362	0.229
-15.0	-1.049	0.05949	-0.024	0.366	0.005	0.995	0.393	-17.624	3.257	0.227
-14.0	-1.043	0.04352	-0.026	0.352	0.005	0.995	0.510	-23.964	0.618	0.225
-13.0	-1.035	0.02908	-0.029	0.337	0.005	0.995	0.680	-35.596	0.412	0.222
-12.0	-1.011	0.02079	-0.031	0.307	0.005	0.995	0.847	-48.630	0.304	0.219
-11.0	-0.955	0.01760	-0.033	0.296	0.005	0.995	0.932	-54.254	0.275	0.215
-10.0	-0.876	0.01583	-0.035	0.263	0.006	0.995	0.965	-55.352	0.268	0.210
-9.0	-0.784	0.01446	-0.036	0.251	0.007	0.995	0.980	-54.198	0.265	0.204
-8.0	-0.682	0.01014	-0.038	0.222	0.009	0.995	0.988	-67.306	0.264	0.195
-7.0	-0.573	0.01054	-0.039	0.208	0.014	0.995	0.991	-54.351	0.263	0.182
-6.0	-0.458	0.01011	-0.041	0.182	0.015	0.995	0.992	-45.368	0.263	0.161
-5.0	-0.341	0.00988	-0.042	0.167	0.017	0.994	0.993	-34.551	0.263	0.126
-4.0	-0.222	0.00969	-0.044	0.144	0.020	0.994	0.994	-22.896	0.263	0.053
-3.0	-0.101	0.00951	-0.045	0.129	0.029	0.994	0.995	-10.641	0.263	-0.197
-2.0	0.020	0.00951	-0.047	0.105	0.034	0.994	0.996	2.134	0.263	2.554
-1.0	0.142	0.01029	-0.048	0.094	0.048	0.993	0.997	13.826	0.263	0.590
0.0	0.264	0.01036	-0.050	0.072	0.056	0.993	0.997	25.466	0.263	0.439
1.0	0.385	0.01051	-0.052	0.061	0.074	0.992	0.997	36.658	0.263	0.384
2.0	0.506	0.01064	-0.053	0.044	0.088	0.992	0.998	47.567	0.264	0.355
3.0	0.626	0.01101	-0.055	0.033	0.106	0.991	0.998	56.927	0.264	0.338
4.0	0.746	0.01144	-0.057	0.025	0.134	0.990	0.998	65.179	0.264	0.326
5.0	0.863	0.01055	-0.058	0.019	0.145	0.988	0.998	81.777	0.264	0.317
6.0	0.976	0.01109	-0.060	0.013	0.173	0.984	0.998	87.971	0.265	0.311
7.0	1.085	0.01605	-0.061	0.011	0.188	0.980	0.998	67.647	0.265	0.307
8.0	1.190	0.01718	-0.063	0.010	0.215	0.974	0.998	69.228	0.266	0.303
9.0	1.287	0.01855	-0.065	0.008	0.239	0.964	0.998	69.396	0.267	0.300
10.0	1.372	0.02043	-0.066	0.005	0.263	0.949	0.998	67.161	0.268	0.298
11.0	1.443	0.02248	-0.067	0.003	0.300	0.929	0.998	64.171	0.271	0.297
12.0	1.498	0.02482	-0.069	0.003	0.318	0.902	0.999	60.363	0.275	0.296
13.0	1.536	0.02783	-0.070	0.003	0.357	0.866	0.999	55.186	0.283	0.295
14.0	1.555	0.03184	-0.071	0.003	0.401	0.818	0.999	48.848	0.317	0.295
15.0	1.557	0.03684	-0.071	0.003	0.440	0.764	0.999	42.275	0.197	0.296
16.0	1.540	0.04446	-0.071	0.003	0.460	0.695	0.999	34.641	0.248	0.296
17.0	1.508	0.05442	-0.071	0.003	0.489	0.621	0.999	27.714	0.259	0.297
18.0	1.463	0.06821	-0.071	0.002	0.515	0.539	0.999	21.444	0.263	0.298
19.0	1.411	0.08421	-0.070	0.002	0.555	0.466	0.999	16.752	0.262	0.300
20.0	1.355	0.10226	-0.069	0.002	0.586	0.403	0.999	13.246	0.262	0.301

Name = NACA 2414
Mach = 0; Re = 6030000; T.U. = 1.0; T.L. = 1.0
Surface Finish = 2; Stall model = 0; Transition model = 1; Aspect Ratio = 0; ground effect = 0
?	Cl	Cd	Cm 0.25	T.U.	T.L.	S.U.	S.L.	L/D	A.C.	C.P.
[°]	[-]	[-]	[-]	[-]	[-]	[-]	[-]	[-]	[-]	[-]
-20.0	-0.991	0.16055	-0.015	0.492	0.002	0.996	0.115	-6.175	0.188	0.234
-19.0	-1.013	0.13720	-0.017	0.456	0.003	0.996	0.145	-7.385	0.176	0.233
-18.0	-1.034	0.11221	-0.019	0.422	0.004	0.996	0.201	-9.219	0.141	0.232
-17.0	-1.043	0.09520	-0.020	0.404	0.004	0.995	0.240	-10.960	-0.015	0.231
-16.0	-1.046	0.07852	-0.022	0.390	0.004	0.995	0.295	-13.325	-0.233	0.229
-15.0	-1.052	0.05771	-0.024	0.359	0.005	0.995	0.406	-18.226	-48.687	0.227
-14.0	-1.046	0.04208	-0.026	0.349	0.005	0.995	0.525	-24.870	0.608	0.225
-13.0	-1.038	0.02820	-0.029	0.319	0.005	0.995	0.694	-36.807	0.401	0.222
-12.0	-1.013	0.02038	-0.031	0.302	0.005	0.995	0.856	-49.698	0.302	0.219
-11.0	-0.955	0.01738	-0.033	0.283	0.005	0.995	0.935	-54.976	0.275	0.215
-10.0	-0.876	0.01569	-0.035	0.258	0.006	0.995	0.967	-55.852	0.267	0.210
-9.0	-0.784	0.01432	-0.036	0.248	0.007	0.995	0.981	-54.742	0.265	0.204
-8.0	-0.682	0.01008	-0.038	0.215	0.008	0.995	0.988	-67.686	0.264	0.195
-7.0	-0.573	0.01039	-0.039	0.205	0.014	0.995	0.991	-55.161	0.263	0.182
-6.0	-0.458	0.01008	-0.041	0.175	0.015	0.995	0.992	-45.465	0.263	0.161
-5.0	-0.341	0.00974	-0.042	0.164	0.017	0.995	0.993	-35.012	0.263	0.126
-4.0	-0.222	0.00959	-0.044	0.137	0.019	0.994	0.994	-23.137	0.263	0.053
-3.0	-0.101	0.00940	-0.045	0.127	0.028	0.994	0.996	-10.768	0.263	-0.197
-2.0	0.020	0.00942	-0.047	0.101	0.033	0.994	0.997	2.155	0.263	2.554
-1.0	0.142	0.01025	-0.048	0.092	0.047	0.993	0.997	13.877	0.263	0.590
0.0	0.264	0.01026	-0.050	0.069	0.054	0.993	0.997	25.707	0.263	0.439
1.0	0.385	0.01035	-0.052	0.056	0.073	0.993	0.997	37.220	0.263	0.384
2.0	0.506	0.01061	-0.053	0.043	0.084	0.992	0.998	47.718	0.264	0.355
3.0	0.626	0.01093	-0.055	0.031	0.105	0.991	0.998	57.323	0.264	0.338
4.0	0.746	0.01133	-0.057	0.024	0.123	0.991	0.998	65.794	0.264	0.326
5.0	0.863	0.01048	-0.058	0.018	0.141	0.989	0.998	82.337	0.264	0.317
6.0	0.976	0.01098	-0.060	0.012	0.170	0.984	0.998	88.928	0.265	0.311
7.0	1.086	0.01591	-0.061	0.011	0.182	0.980	0.998	68.238	0.265	0.307
8.0	1.190	0.01698	-0.063	0.010	0.212	0.975	0.998	70.088	0.266	0.303
9.0	1.287	0.01845	-0.065	0.007	0.228	0.965	0.998	69.788	0.267	0.300
10.0	1.373	0.02025	-0.066	0.004	0.258	0.950	0.998	67.801	0.268	0.298
11.0	1.443	0.02224	-0.067	0.003	0.282	0.931	0.998	64.904	0.271	0.297
12.0	1.499	0.02452	-0.069	0.003	0.310	0.905	0.999	61.137	0.275	0.296
13.0	1.537	0.02746	-0.070	0.003	0.349	0.870	0.999	55.983	0.283	0.295
14.0	1.557	0.03136	-0.071	0.003	0.381	0.823	0.999	49.642	0.318	0.295
15.0	1.558	0.03648	-0.071	0.003	0.416	0.767	0.999	42.723	0.192	0.296
16.0	1.542	0.04361	-0.072	0.003	0.453	0.701	0.999	35.358	0.246	0.296
17.0	1.511	0.05333	-0.071	0.003	0.470	0.628	0.999	28.325	0.258	0.297
18.0	1.465	0.06683	-0.071	0.002	0.506	0.547	0.999	21.923	0.262	0.298
19.0	1.413	0.08253	-0.070	0.002	0.533	0.474	0.999	17.126	0.262	0.300
20.0	1.357	0.10028	-0.070	0.002	0.566	0.410	0.999	13.531	0.262	0.301

Name = NACA 2414
Mach = 0; Re = 6430000; T.U. = 1.0; T.L. = 1.0
Surface Finish = 2; Stall model = 0; Transition model = 1; Aspect Ratio = 0; ground effect = 0
?	Cl	Cd	Cm 0.25	T.U.	T.L.	S.U.	S.L.	L/D	A.C.	C.P.
[°]	[-]	[-]	[-]	[-]	[-]	[-]	[-]	[-]	[-]	[-]
-20.0	-0.991	0.16017	-0.015	0.470	0.002	0.996	0.115	-6.188	0.189	0.234
-19.0	-1.012	0.13839	-0.017	0.450	0.002	0.996	0.141	-7.315	0.176	0.234
-18.0	-1.035	0.11089	-0.019	0.412	0.004	0.996	0.205	-9.338	0.143	0.232
-17.0	-1.045	0.09394	-0.020	0.400	0.004	0.995	0.246	-11.123	-0.000	0.231
-16.0	-1.048	0.07717	-0.022	0.371	0.004	0.995	0.302	-13.583	-0.654	0.229
-15.0	-1.049	0.05895	-0.024	0.354	0.005	0.995	0.395	-17.796	-3.270	0.227
-14.0	-1.049	0.04078	-0.027	0.346	0.005	0.995	0.539	-25.738	0.883	0.225
-13.0	-1.041	0.02739	-0.029	0.310	0.005	0.995	0.707	-38.006	0.393	0.222
-12.0	-1.014	0.02001	-0.032	0.299	0.005	0.995	0.864	-50.698	0.299	0.219
-11.0	-0.956	0.01727	-0.033	0.269	0.005	0.995	0.936	-55.327	0.274	0.215
-10.0	-0.877	0.01550	-0.035	0.254	0.006	0.995	0.968	-56.549	0.267	0.210
-9.0	-0.784	0.01426	-0.036	0.232	0.007	0.995	0.981	-54.968	0.265	0.204
-8.0	-0.682	0.00999	-0.038	0.210	0.008	0.995	0.988	-68.310	0.264	0.195
-7.0	-0.573	0.01038	-0.039	0.200	0.013	0.995	0.991	-55.198	0.263	0.182
-6.0	-0.458	0.01006	-0.041	0.170	0.014	0.995	0.992	-45.581	0.263	0.161
-5.0	-0.341	0.00972	-0.042	0.163	0.016	0.995	0.993	-35.116	0.263	0.126
-4.0	-0.222	0.00951	-0.044	0.133	0.019	0.995	0.994	-23.339	0.263	0.053
-3.0	-0.101	0.00931	-0.045	0.125	0.028	0.994	0.996	-10.878	0.263	-0.197
-2.0	0.020	0.00940	-0.047	0.098	0.032	0.994	0.997	2.161	0.263	2.554
-1.0	0.142	0.01010	-0.048	0.085	0.043	0.994	0.997	14.078	0.263	0.590
0.0	0.264	0.01023	-0.050	0.068	0.052	0.993	0.997	25.785	0.263	0.439
1.0	0.385	0.01033	-0.052	0.052	0.072	0.993	0.997	37.293	0.263	0.384
2.0	0.506	0.01050	-0.053	0.042	0.081	0.992	0.998	48.190	0.264	0.355
3.0	0.627	0.01082	-0.055	0.029	0.103	0.992	0.998	57.895	0.264	0.338
4.0	0.746	0.01126	-0.057	0.024	0.116	0.991	0.998	66.215	0.264	0.326
5.0	0.863	0.01037	-0.058	0.017	0.138	0.989	0.998	83.182	0.264	0.317
6.0	0.976	0.01087	-0.060	0.012	0.160	0.985	0.998	89.826	0.265	0.311
7.0	1.086	0.01573	-0.061	0.011	0.178	0.981	0.998	69.016	0.265	0.307
8.0	1.190	0.01684	-0.063	0.010	0.210	0.976	0.998	70.681	0.266	0.303
9.0	1.287	0.01828	-0.065	0.007	0.221	0.965	0.998	70.435	0.267	0.300
10.0	1.373	0.02003	-0.066	0.004	0.255	0.951	0.998	68.552	0.269	0.298
11.0	1.444	0.02202	-0.068	0.003	0.271	0.933	0.998	65.565	0.271	0.297
12.0	1.499	0.02428	-0.069	0.003	0.305	0.907	0.999	61.755	0.275	0.296
13.0	1.538	0.02720	-0.070	0.003	0.330	0.872	0.999	56.536	0.284	0.295
14.0	1.558	0.03093	-0.071	0.003	0.364	0.827	0.999	50.371	0.317	0.295
15.0	1.560	0.03592	-0.071	0.003	0.405	0.773	0.999	43.435	0.184	0.296
16.0	1.544	0.04284	-0.072	0.003	0.449	0.707	0.999	36.047	0.245	0.296
17.0	1.513	0.05231	-0.072	0.003	0.461	0.635	0.999	28.921	0.257	0.297
18.0	1.467	0.06554	-0.071	0.002	0.496	0.554	0.999	22.390	0.261	0.298
19.0	1.416	0.08098	-0.071	0.002	0.517	0.482	0.999	17.481	0.261	0.300
20.0	1.359	0.09847	-0.070	0.002	0.556	0.417	0.999	13.801	0.262	0.301


