Name = NACA 4412
Mach = 0; Re = 30000; T.U. = 1.0; T.L. = 1.0
Surface Finish = 2; Stall model = 0; Transition model = 1; Aspect Ratio = 0; ground effect = 0
?	Cl	Cd	Cm 0.25	T.U.	T.L.	S.U.	S.L.	L/D	A.C.	C.P.
[°]	[-]	[-]	[-]	[-]	[-]	[-]	[-]	[-]	[-]	[-]
-20.0	-0.659	0.45694	-0.029	0.939	0.006	0.966	0.008	-1.443	0.228	0.205
-19.0	-0.686	0.40650	-0.030	0.936	0.006	0.964	0.008	-1.688	0.227	0.206
-18.0	-0.708	0.34405	-0.030	0.930	0.006	0.963	0.008	-2.057	0.224	0.207
-17.0	-0.722	0.31010	-0.031	0.922	0.007	0.962	0.009	-2.329	0.166	0.207
-16.0	-0.718	0.26205	-0.031	0.915	0.007	0.960	0.009	-2.740	0.311	0.206
-15.0	-0.705	0.23964	-0.032	0.909	0.007	0.958	0.009	-2.941	0.285	0.205
-14.0	-0.682	0.20387	-0.033	0.898	0.007	0.956	0.010	-3.344	0.273	0.202
-13.0	-0.648	0.17466	-0.033	0.887	0.008	0.952	0.010	-3.713	0.267	0.199
-12.0	-0.605	0.14782	-0.034	0.877	0.008	0.948	0.011	-4.091	0.267	0.194
-11.0	-0.551	0.12702	-0.035	0.862	0.009	0.945	0.012	-4.337	0.269	0.187
-10.0	-0.487	0.11006	-0.036	0.847	0.009	0.942	0.013	-4.429	0.270	0.176
-9.0	-0.416	0.09531	-0.038	0.830	0.011	0.938	0.015	-4.360	0.277	0.160
-8.0	-0.336	0.08348	-0.040	0.809	0.013	0.936	0.020	-4.029	0.277	0.131
-7.0	-0.251	0.07338	-0.042	0.787	0.017	0.932	0.024	-3.420	0.272	0.082
-6.0	-0.161	0.06512	-0.044	0.761	0.021	0.928	0.028	-2.471	0.280	-0.023
-5.0	-0.068	0.05867	-0.048	0.731	0.025	0.924	0.039	-1.151	0.304	-0.455
-4.0	0.029	0.05304	-0.054	0.699	0.039	0.921	0.070	0.538	0.455	2.147
-3.0	0.155	0.02726	-0.093	0.660	0.061	0.919	0.984	5.668	0.414	0.853
-2.0	0.275	0.02849	-0.095	0.612	0.102	0.919	0.992	9.655	0.262	0.594
-1.0	0.395	0.02914	-0.096	0.554	0.193	0.920	0.993	13.569	0.262	0.493
0.0	0.508	0.03120	-0.097	0.476	0.844	0.927	0.979	16.285	0.261	0.442
1.0	0.624	0.03242	-0.099	0.431	0.906	0.915	0.978	19.265	0.259	0.408
2.0	0.738	0.03398	-0.099	0.411	0.934	0.889	0.979	21.710	0.257	0.385
3.0	0.847	0.03596	-0.100	0.391	0.949	0.853	0.982	23.562	0.256	0.368
4.0	0.952	0.03728	-0.101	0.367	0.961	0.809	0.984	25.544	0.252	0.356
5.0	1.049	0.04071	-0.101	0.347	0.968	0.748	0.987	25.755	0.253	0.346
6.0	1.146	0.04488	-0.101	0.307	0.975	0.716	0.989	25.525	0.259	0.338
7.0	1.241	0.04926	-0.102	0.256	0.978	0.699	0.991	25.188	0.275	0.333
8.0	1.360	0.05280	-0.107	0.032	0.981	0.797	0.993	25.753	0.262	0.329
9.0	1.398	0.06097	-0.104	0.016	0.985	0.655	0.997	22.922	0.810	0.325
10.0	1.265	0.09775	-0.054	0.012	0.990	0.022	0.997	12.938	0.839	0.292
11.0	1.308	0.11335	-0.051	0.009	0.997	0.016	0.997	11.539	0.199	0.289
12.0	1.338	0.13169	-0.050	0.006	0.997	0.013	0.997	10.162	0.174	0.287
13.0	1.354	0.15153	-0.048	0.005	0.998	0.010	0.998	8.939	0.033	0.285
14.0	1.357	0.17741	-0.046	0.004	0.997	0.008	0.998	7.648	0.544	0.284
15.0	1.346	0.20170	-0.045	0.004	0.998	0.007	0.998	6.674	0.272	0.284
16.0	1.323	0.23603	-0.045	0.004	0.998	0.006	0.998	5.605	0.260	0.284
17.0	1.289	0.27377	-0.045	0.003	0.998	0.005	0.998	4.709	0.260	0.285
18.0	1.247	0.31644	-0.044	0.003	0.998	0.005	0.998	3.940	0.248	0.286
19.0	1.197	0.36612	-0.045	0.003	0.998	0.005	0.998	3.271	0.244	0.288
20.0	1.143	0.39805	-0.045	0.003	0.998	0.005	0.999	2.873	0.250	0.289

Name = NACA 4412
Mach = 0; Re = 430000; T.U. = 1.0; T.L. = 1.0
Surface Finish = 2; Stall model = 0; Transition model = 1; Aspect Ratio = 0; ground effect = 0
?	Cl	Cd	Cm 0.25	T.U.	T.L.	S.U.	S.L.	L/D	A.C.	C.P.
[°]	[-]	[-]	[-]	[-]	[-]	[-]	[-]	[-]	[-]	[-]
-20.0	-0.660	0.22796	-0.034	0.883	0.006	0.991	0.014	-2.897	0.236	0.199
-19.0	-0.687	0.20445	-0.034	0.873	0.006	0.991	0.015	-3.362	0.240	0.201
-18.0	-0.709	0.18436	-0.034	0.854	0.006	0.991	0.014	-3.845	0.198	0.202
-17.0	-0.724	0.16613	-0.036	0.840	0.006	0.991	0.018	-4.358	0.095	0.200
-16.0	-0.719	0.14608	-0.036	0.818	0.007	0.992	0.017	-4.925	0.391	0.200
-15.0	-0.707	0.12974	-0.038	0.799	0.007	0.992	0.022	-5.449	0.344	0.196
-14.0	-0.684	0.11469	-0.039	0.772	0.007	0.992	0.024	-5.964	0.288	0.193
-13.0	-0.651	0.10183	-0.040	0.748	0.008	0.992	0.026	-6.393	0.317	0.188
-12.0	-0.609	0.08902	-0.044	0.717	0.008	0.992	0.039	-6.841	0.316	0.178
-11.0	-0.556	0.07772	-0.047	0.684	0.009	0.992	0.049	-7.153	0.312	0.166
-10.0	-0.495	0.06671	-0.051	0.652	0.009	0.992	0.072	-7.415	0.343	0.147
-9.0	-0.428	0.05447	-0.059	0.613	0.011	0.992	0.133	-7.853	0.505	0.113
-8.0	-0.383	0.02502	-0.080	0.570	0.013	0.992	0.581	-15.317	0.516	0.043
-7.0	-0.311	0.01278	-0.090	0.522	0.017	0.991	0.985	-24.323	0.312	-0.038
-6.0	-0.199	0.01342	-0.091	0.450	0.020	0.991	0.990	-14.851	0.261	-0.206
-5.0	-0.083	0.01306	-0.092	0.423	0.025	0.991	0.992	-6.391	0.261	-0.854
-4.0	0.035	0.01269	-0.093	0.406	0.035	0.991	0.994	2.761	0.261	2.917
-3.0	0.155	0.01252	-0.095	0.387	0.047	0.991	0.995	12.365	0.261	0.862
-2.0	0.275	0.01251	-0.096	0.366	0.071	0.990	0.997	22.017	0.262	0.599
-1.0	0.396	0.01318	-0.098	0.351	0.105	0.990	0.997	30.025	0.262	0.497
0.0	0.515	0.01204	-0.099	0.327	0.148	0.989	0.998	42.730	0.262	0.442
1.0	0.634	0.01216	-0.100	0.301	0.198	0.987	0.998	52.130	0.262	0.409
2.0	0.752	0.01242	-0.102	0.269	0.260	0.985	0.998	60.553	0.262	0.386
3.0	0.870	0.01661	-0.103	0.237	0.526	0.982	0.998	52.363	0.263	0.369
4.0	0.986	0.01780	-0.105	0.197	0.602	0.978	0.998	55.375	0.263	0.356
5.0	1.098	0.01934	-0.106	0.147	0.759	0.970	0.998	56.752	0.263	0.347
6.0	1.205	0.02173	-0.108	0.082	0.878	0.960	0.998	55.430	0.263	0.339
7.0	1.305	0.02472	-0.109	0.035	0.917	0.943	0.998	52.803	0.263	0.333
8.0	1.396	0.02747	-0.110	0.019	0.940	0.926	0.998	50.820	0.264	0.329
9.0	1.473	0.03027	-0.111	0.014	0.957	0.905	0.998	48.644	0.265	0.326
10.0	1.534	0.03367	-0.112	0.011	0.965	0.877	0.998	45.555	0.266	0.323
11.0	1.577	0.03785	-0.113	0.008	0.976	0.841	0.998	41.653	0.267	0.322
12.0	1.600	0.04304	-0.113	0.006	0.980	0.797	0.998	37.168	0.265	0.321
13.0	1.601	0.04948	-0.113	0.005	0.986	0.740	0.998	32.357	0.299	0.321
14.0	1.577	0.05910	-0.112	0.004	0.997	0.657	0.998	26.680	0.301	0.321
15.0	1.525	0.07418	-0.109	0.004	0.998	0.539	0.998	20.553	0.325	0.322
16.0	1.436	0.10377	-0.102	0.003	0.998	0.347	0.998	13.834	0.407	0.321
17.0	1.312	0.15489	-0.076	0.003	0.998	0.076	0.998	8.470	0.435	0.308
18.0	1.259	0.17803	-0.069	0.003	0.998	0.043	0.998	7.070	0.336	0.305
19.0	1.207	0.19750	-0.067	0.003	0.998	0.035	0.998	6.109	0.277	0.305
20.0	1.151	0.22092	-0.066	0.002	0.998	0.031	0.999	5.210	0.267	0.307

Name = NACA 4412
Mach = 0; Re = 830000; T.U. = 1.0; T.L. = 1.0
Surface Finish = 2; Stall model = 0; Transition model = 1; Aspect Ratio = 0; ground effect = 0
?	Cl	Cd	Cm 0.25	T.U.	T.L.	S.U.	S.L.	L/D	A.C.	C.P.
[°]	[-]	[-]	[-]	[-]	[-]	[-]	[-]	[-]	[-]	[-]
-20.0	-0.663	0.20958	-0.038	0.839	0.005	0.992	0.027	-3.161	0.217	0.193
-19.0	-0.690	0.19131	-0.039	0.815	0.005	0.992	0.029	-3.606	0.226	0.193
-18.0	-0.711	0.16765	-0.039	0.798	0.006	0.992	0.029	-4.244	0.197	0.195
-17.0	-0.727	0.15124	-0.041	0.768	0.006	0.992	0.035	-4.807	0.018	0.194
-16.0	-0.723	0.13434	-0.042	0.744	0.006	0.993	0.037	-5.383	0.431	0.192
-15.0	-0.711	0.11929	-0.044	0.714	0.006	0.993	0.044	-5.959	0.343	0.188
-14.0	-0.688	0.10521	-0.045	0.681	0.007	0.993	0.049	-6.543	0.336	0.184
-13.0	-0.657	0.09245	-0.048	0.652	0.007	0.993	0.066	-7.111	0.336	0.176
-12.0	-0.616	0.07992	-0.051	0.615	0.007	0.993	0.084	-7.705	0.338	0.166
-11.0	-0.567	0.06663	-0.056	0.574	0.008	0.993	0.126	-8.502	0.348	0.150
-10.0	-0.509	0.05417	-0.062	0.533	0.008	0.993	0.188	-9.393	0.455	0.128
-9.0	-0.468	0.02851	-0.077	0.480	0.010	0.993	0.518	-16.401	0.535	0.086
-8.0	-0.416	0.01591	-0.088	0.429	0.011	0.992	0.978	-26.170	0.332	0.038
-7.0	-0.311	0.01268	-0.090	0.410	0.015	0.992	0.990	-24.543	0.262	-0.038
-6.0	-0.199	0.01208	-0.091	0.398	0.018	0.992	0.992	-16.507	0.261	-0.206
-5.0	-0.083	0.01169	-0.092	0.372	0.021	0.992	0.993	-7.145	0.261	-0.854
-4.0	0.035	0.01146	-0.093	0.357	0.028	0.992	0.995	3.058	0.261	2.917
-3.0	0.155	0.01137	-0.095	0.345	0.039	0.991	0.996	13.619	0.261	0.862
-2.0	0.275	0.01212	-0.096	0.314	0.056	0.991	0.997	22.727	0.262	0.599
-1.0	0.396	0.01203	-0.098	0.295	0.080	0.991	0.997	32.881	0.262	0.497
0.0	0.515	0.01230	-0.099	0.262	0.111	0.990	0.998	41.858	0.262	0.442
1.0	0.634	0.01259	-0.101	0.234	0.147	0.990	0.998	50.350	0.262	0.409
2.0	0.753	0.01163	-0.102	0.203	0.188	0.988	0.998	64.725	0.262	0.386
3.0	0.870	0.01217	-0.103	0.165	0.237	0.985	0.998	71.518	0.263	0.369
4.0	0.986	0.01747	-0.105	0.123	0.300	0.981	0.998	56.458	0.263	0.356
5.0	1.099	0.01877	-0.106	0.078	0.510	0.975	0.998	58.532	0.263	0.347
6.0	1.206	0.02086	-0.108	0.036	0.565	0.965	0.999	57.822	0.263	0.339
7.0	1.308	0.02263	-0.109	0.024	0.656	0.955	0.999	57.820	0.264	0.333
8.0	1.400	0.02448	-0.110	0.015	0.827	0.940	0.999	57.198	0.265	0.329
9.0	1.478	0.02678	-0.112	0.012	0.904	0.923	0.998	55.195	0.266	0.326
10.0	1.541	0.02962	-0.113	0.009	0.934	0.900	0.998	52.028	0.268	0.323
11.0	1.586	0.03321	-0.114	0.006	0.952	0.870	0.998	47.756	0.272	0.322
12.0	1.612	0.03740	-0.114	0.005	0.964	0.833	0.998	43.089	0.283	0.321
13.0	1.617	0.04257	-0.115	0.004	0.976	0.788	0.999	37.993	0.242	0.321
14.0	1.600	0.04984	-0.114	0.003	0.983	0.725	0.998	32.099	0.272	0.322
15.0	1.562	0.05955	-0.113	0.003	0.998	0.649	0.998	26.230	0.281	0.323
16.0	1.503	0.07393	-0.111	0.003	0.998	0.551	0.998	20.330	0.295	0.324
17.0	1.425	0.09576	-0.107	0.002	0.998	0.429	0.998	14.885	0.322	0.325
18.0	1.327	0.13173	-0.099	0.002	0.998	0.262	0.999	10.073	0.346	0.324
19.0	1.242	0.16448	-0.090	0.002	0.998	0.154	0.998	7.552	0.355	0.322
20.0	1.168	0.19478	-0.082	0.002	0.998	0.092	0.999	5.998	0.356	0.320

Name = NACA 4412
Mach = 0; Re = 1230000; T.U. = 1.0; T.L. = 1.0
Surface Finish = 2; Stall model = 0; Transition model = 1; Aspect Ratio = 0; ground effect = 0
?	Cl	Cd	Cm 0.25	T.U.	T.L.	S.U.	S.L.	L/D	A.C.	C.P.
[°]	[-]	[-]	[-]	[-]	[-]	[-]	[-]	[-]	[-]	[-]
-20.0	-0.664	0.19718	-0.040	0.791	0.005	0.993	0.036	-3.368	0.208	0.189
-19.0	-0.692	0.17928	-0.042	0.763	0.005	0.993	0.040	-3.858	0.208	0.190
-18.0	-0.714	0.16117	-0.042	0.736	0.005	0.993	0.043	-4.430	0.204	0.190
-17.0	-0.729	0.14371	-0.043	0.710	0.006	0.993	0.046	-5.072	0.030	0.191
-16.0	-0.726	0.12702	-0.045	0.675	0.006	0.993	0.054	-5.717	0.516	0.188
-15.0	-0.714	0.11311	-0.047	0.644	0.006	0.993	0.064	-6.315	0.351	0.184
-14.0	-0.692	0.10013	-0.049	0.612	0.006	0.993	0.071	-6.911	0.328	0.180
-13.0	-0.661	0.08743	-0.051	0.572	0.006	0.993	0.088	-7.560	0.335	0.172
-12.0	-0.620	0.07472	-0.055	0.534	0.007	0.993	0.114	-8.302	0.348	0.162
-11.0	-0.573	0.06084	-0.060	0.491	0.007	0.993	0.171	-9.414	0.372	0.145
-10.0	-0.520	0.04566	-0.067	0.433	0.008	0.993	0.280	-11.386	0.644	0.121
-9.0	-0.507	0.01699	-0.086	0.412	0.009	0.993	0.903	-29.855	0.457	0.081
-8.0	-0.417	0.01171	-0.088	0.400	0.010	0.993	0.983	-35.599	0.270	0.038
-7.0	-0.311	0.01188	-0.090	0.375	0.013	0.992	0.990	-26.204	0.262	-0.038
-6.0	-0.199	0.01148	-0.091	0.358	0.017	0.992	0.992	-17.371	0.261	-0.206
-5.0	-0.084	0.01106	-0.092	0.348	0.019	0.992	0.994	-7.553	0.261	-0.854
-4.0	0.035	0.01102	-0.093	0.320	0.025	0.992	0.995	3.181	0.261	2.917
-3.0	0.155	0.01087	-0.095	0.300	0.035	0.992	0.997	14.251	0.261	0.862
-2.0	0.275	0.01156	-0.096	0.272	0.047	0.992	0.997	23.821	0.262	0.599
-1.0	0.396	0.01162	-0.098	0.250	0.067	0.991	0.997	34.055	0.262	0.497
0.0	0.515	0.01188	-0.099	0.218	0.092	0.991	0.998	43.346	0.262	0.442
1.0	0.634	0.01218	-0.101	0.192	0.122	0.990	0.998	52.047	0.262	0.409
2.0	0.753	0.01131	-0.102	0.161	0.156	0.989	0.998	66.571	0.262	0.386
3.0	0.871	0.01181	-0.104	0.124	0.194	0.986	0.998	73.711	0.263	0.369
4.0	0.987	0.01257	-0.105	0.085	0.238	0.982	0.998	78.494	0.263	0.356
5.0	1.099	0.01849	-0.106	0.051	0.294	0.978	0.998	59.462	0.263	0.347
6.0	1.207	0.01981	-0.108	0.029	0.482	0.970	0.999	60.949	0.264	0.339
7.0	1.310	0.02158	-0.109	0.017	0.521	0.961	0.999	60.695	0.264	0.333
8.0	1.403	0.02345	-0.111	0.013	0.577	0.948	0.999	59.819	0.265	0.329
9.0	1.481	0.02547	-0.112	0.010	0.668	0.933	0.999	58.161	0.267	0.326
10.0	1.545	0.02778	-0.113	0.007	0.831	0.912	0.999	55.604	0.269	0.323
11.0	1.591	0.03090	-0.114	0.005	0.908	0.885	0.999	51.485	0.274	0.322
12.0	1.618	0.03468	-0.115	0.004	0.938	0.851	0.999	46.643	0.288	0.321
13.0	1.625	0.03915	-0.115	0.004	0.959	0.811	0.999	41.506	0.190	0.321
14.0	1.610	0.04563	-0.115	0.003	0.971	0.754	0.998	35.270	0.260	0.322
15.0	1.575	0.05368	-0.115	0.003	0.982	0.689	0.999	29.346	0.271	0.323
16.0	1.521	0.06545	-0.113	0.002	0.998	0.605	0.998	23.239	0.282	0.325
17.0	1.449	0.08284	-0.111	0.002	0.998	0.501	0.998	17.489	0.291	0.326
18.0	1.369	0.10534	-0.107	0.002	0.998	0.398	0.999	12.996	0.303	0.328
19.0	1.283	0.13394	-0.102	0.002	0.998	0.289	0.998	9.576	0.332	0.329
20.0	1.190	0.17262	-0.092	0.002	0.998	0.166	0.999	6.892	0.352	0.328

Name = NACA 4412
Mach = 0; Re = 1630000; T.U. = 1.0; T.L. = 1.0
Surface Finish = 2; Stall model = 0; Transition model = 1; Aspect Ratio = 0; ground effect = 0
?	Cl	Cd	Cm 0.25	T.U.	T.L.	S.U.	S.L.	L/D	A.C.	C.P.
[°]	[-]	[-]	[-]	[-]	[-]	[-]	[-]	[-]	[-]	[-]
-20.0	-0.665	0.19531	-0.041	0.746	0.004	0.993	0.041	-3.404	0.207	0.188
-19.0	-0.693	0.17159	-0.043	0.716	0.005	0.993	0.046	-4.036	0.209	0.188
-18.0	-0.715	0.15524	-0.043	0.683	0.005	0.993	0.049	-4.605	0.181	0.189
-17.0	-0.731	0.13804	-0.045	0.659	0.005	0.993	0.057	-5.296	-0.006	0.188
-16.0	-0.728	0.12238	-0.047	0.620	0.006	0.993	0.065	-5.949	0.462	0.186
-15.0	-0.716	0.10903	-0.048	0.585	0.006	0.993	0.073	-6.566	0.355	0.182
-14.0	-0.694	0.09648	-0.050	0.557	0.006	0.993	0.084	-7.196	0.335	0.177
-13.0	-0.663	0.08392	-0.053	0.513	0.006	0.993	0.102	-7.904	0.340	0.170
-12.0	-0.624	0.07108	-0.057	0.457	0.007	0.993	0.137	-8.776	0.359	0.159
-11.0	-0.578	0.05672	-0.062	0.422	0.007	0.993	0.206	-10.184	0.392	0.142
-10.0	-0.529	0.03952	-0.070	0.406	0.007	0.993	0.354	-13.382	0.624	0.117
-9.0	-0.512	0.01582	-0.087	0.392	0.008	0.993	0.952	-32.402	0.413	0.081
-8.0	-0.417	0.01122	-0.088	0.366	0.009	0.993	0.987	-37.183	0.265	0.038
-7.0	-0.311	0.01148	-0.090	0.353	0.012	0.993	0.991	-27.104	0.261	-0.038
-6.0	-0.199	0.01096	-0.091	0.343	0.015	0.992	0.993	-18.201	0.261	-0.206
-5.0	-0.084	0.01078	-0.092	0.312	0.018	0.992	0.994	-7.750	0.261	-0.854
-4.0	0.035	0.01055	-0.094	0.297	0.022	0.992	0.996	3.323	0.261	2.918
-3.0	0.155	0.01057	-0.095	0.265	0.030	0.992	0.997	14.661	0.261	0.862
-2.0	0.275	0.01124	-0.096	0.248	0.042	0.992	0.997	24.502	0.262	0.599
-1.0	0.396	0.01130	-0.098	0.215	0.059	0.992	0.997	35.003	0.262	0.497
0.0	0.515	0.01159	-0.099	0.190	0.081	0.991	0.998	44.434	0.262	0.442
1.0	0.634	0.01191	-0.101	0.163	0.108	0.991	0.998	53.224	0.262	0.409
2.0	0.753	0.01245	-0.102	0.129	0.138	0.990	0.998	60.490	0.263	0.386
3.0	0.871	0.01159	-0.104	0.097	0.172	0.987	0.998	75.129	0.263	0.369
4.0	0.987	0.01227	-0.105	0.064	0.208	0.984	0.998	80.409	0.263	0.356
5.0	1.100	0.01794	-0.106	0.037	0.250	0.979	0.998	61.299	0.263	0.347
6.0	1.208	0.01935	-0.108	0.024	0.303	0.973	0.999	62.415	0.264	0.339
7.0	1.311	0.02071	-0.109	0.015	0.470	0.964	0.999	63.287	0.264	0.333
8.0	1.404	0.02248	-0.111	0.012	0.506	0.953	0.999	62.443	0.266	0.329
9.0	1.483	0.02450	-0.112	0.009	0.553	0.939	0.999	60.538	0.267	0.326
10.0	1.547	0.02697	-0.113	0.006	0.616	0.919	0.999	57.367	0.270	0.323
11.0	1.594	0.02978	-0.114	0.004	0.722	0.894	0.999	53.510	0.275	0.322
12.0	1.622	0.03301	-0.115	0.003	0.873	0.863	0.999	49.124	0.291	0.321
13.0	1.630	0.03716	-0.116	0.003	0.928	0.825	0.999	43.853	0.109	0.321
14.0	1.616	0.04292	-0.116	0.002	0.954	0.774	0.999	37.660	0.252	0.322
15.0	1.584	0.05017	-0.116	0.002	0.970	0.714	0.999	31.564	0.264	0.323
16.0	1.533	0.06006	-0.115	0.002	0.985	0.641	0.999	25.517	0.276	0.325
17.0	1.462	0.07590	-0.112	0.002	0.998	0.541	0.998	19.256	0.284	0.327
18.0	1.384	0.09507	-0.110	0.002	0.998	0.447	0.999	14.562	0.289	0.329
19.0	1.303	0.11889	-0.106	0.002	0.998	0.356	0.998	10.956	0.309	0.332
20.0	1.211	0.15280	-0.100	0.002	0.998	0.241	0.999	7.926	0.323	0.332

Name = NACA 4412
Mach = 0; Re = 2030000; T.U. = 1.0; T.L. = 1.0
Surface Finish = 2; Stall model = 0; Transition model = 1; Aspect Ratio = 0; ground effect = 0
?	Cl	Cd	Cm 0.25	T.U.	T.L.	S.U.	S.L.	L/D	A.C.	C.P.
[°]	[-]	[-]	[-]	[-]	[-]	[-]	[-]	[-]	[-]	[-]
-20.0	-0.665	0.19341	-0.042	0.707	0.003	0.993	0.043	-3.439	0.208	0.187
-19.0	-0.693	0.17316	-0.043	0.670	0.004	0.993	0.048	-4.002	0.198	0.188
-18.0	-0.716	0.15178	-0.044	0.639	0.005	0.993	0.054	-4.717	0.166	0.188
-17.0	-0.732	0.13488	-0.046	0.611	0.005	0.993	0.064	-5.429	0.004	0.187
-16.0	-0.729	0.12068	-0.048	0.572	0.005	0.993	0.071	-6.042	0.483	0.185
-15.0	-0.718	0.10608	-0.050	0.540	0.006	0.993	0.083	-6.765	0.367	0.181
-14.0	-0.696	0.09372	-0.052	0.506	0.006	0.993	0.095	-7.429	0.342	0.176
-13.0	-0.666	0.08082	-0.055	0.448	0.006	0.993	0.119	-8.240	0.344	0.168
-12.0	-0.626	0.06831	-0.058	0.418	0.006	0.993	0.155	-9.171	0.367	0.157
-11.0	-0.582	0.05282	-0.064	0.404	0.007	0.993	0.241	-11.024	0.484	0.140
-10.0	-0.550	0.02871	-0.076	0.385	0.007	0.993	0.527	-19.156	0.580	0.112
-9.0	-0.514	0.01518	-0.087	0.363	0.008	0.993	0.965	-33.836	0.343	0.081
-8.0	-0.417	0.01088	-0.088	0.351	0.009	0.993	0.989	-38.365	0.264	0.038
-7.0	-0.311	0.01120	-0.090	0.336	0.011	0.993	0.991	-27.784	0.261	-0.038
-6.0	-0.199	0.01073	-0.091	0.309	0.015	0.993	0.993	-18.594	0.261	-0.206
-5.0	-0.084	0.01047	-0.092	0.296	0.017	0.993	0.995	-7.975	0.261	-0.854
-4.0	0.035	0.01043	-0.094	0.263	0.021	0.992	0.996	3.363	0.261	2.918
-3.0	0.155	0.01103	-0.095	0.248	0.028	0.992	0.997	14.048	0.261	0.862
-2.0	0.275	0.01105	-0.096	0.216	0.038	0.992	0.997	24.924	0.262	0.599
-1.0	0.396	0.01105	-0.098	0.196	0.054	0.992	0.998	35.818	0.262	0.497
0.0	0.515	0.01136	-0.099	0.166	0.074	0.991	0.998	45.328	0.262	0.442
1.0	0.634	0.01172	-0.101	0.136	0.097	0.991	0.998	54.109	0.262	0.409
2.0	0.753	0.01222	-0.102	0.109	0.123	0.990	0.998	61.618	0.263	0.386
3.0	0.871	0.01139	-0.104	0.079	0.152	0.988	0.998	76.462	0.263	0.369
4.0	0.987	0.01203	-0.105	0.051	0.186	0.985	0.998	82.047	0.263	0.356
5.0	1.100	0.01745	-0.107	0.031	0.222	0.981	0.998	63.047	0.264	0.347
6.0	1.209	0.01885	-0.108	0.019	0.264	0.976	0.999	64.105	0.264	0.339
7.0	1.312	0.02030	-0.109	0.014	0.318	0.967	0.999	64.622	0.265	0.333
8.0	1.405	0.02178	-0.111	0.010	0.467	0.958	0.999	64.521	0.266	0.329
9.0	1.484	0.02369	-0.112	0.008	0.501	0.944	0.999	62.653	0.268	0.326
10.0	1.549	0.02613	-0.113	0.005	0.540	0.926	0.999	59.281	0.271	0.323
11.0	1.596	0.02888	-0.115	0.004	0.597	0.902	0.999	55.279	0.276	0.322
12.0	1.625	0.03211	-0.115	0.003	0.677	0.873	0.999	50.606	0.293	0.321
13.0	1.634	0.03570	-0.116	0.003	0.819	0.838	0.999	45.768	-0.033	0.321
14.0	1.622	0.04086	-0.116	0.002	0.914	0.789	0.999	39.685	0.246	0.322
15.0	1.590	0.04746	-0.116	0.002	0.949	0.733	0.999	33.500	0.261	0.323
16.0	1.539	0.05692	-0.116	0.002	0.971	0.661	0.999	27.043	0.271	0.325
17.0	1.472	0.07060	-0.114	0.002	0.998	0.572	0.998	20.844	0.280	0.327
18.0	1.393	0.08916	-0.111	0.002	0.998	0.476	0.999	15.627	0.282	0.330
19.0	1.315	0.10922	-0.109	0.002	0.998	0.399	0.998	12.041	0.293	0.333
20.0	1.228	0.13809	-0.104	0.002	0.998	0.299	0.999	8.890	0.304	0.335

Name = NACA 4412
Mach = 0; Re = 2430000; T.U. = 1.0; T.L. = 1.0
Surface Finish = 2; Stall model = 0; Transition model = 1; Aspect Ratio = 0; ground effect = 0
?	Cl	Cd	Cm 0.25	T.U.	T.L.	S.U.	S.L.	L/D	A.C.	C.P.
[°]	[-]	[-]	[-]	[-]	[-]	[-]	[-]	[-]	[-]	[-]
-20.0	-0.665	0.19529	-0.042	0.665	0.002	0.993	0.044	-3.407	0.216	0.187
-19.0	-0.693	0.17108	-0.043	0.631	0.003	0.993	0.048	-4.051	0.190	0.188
-18.0	-0.717	0.15018	-0.045	0.608	0.005	0.993	0.059	-4.772	0.151	0.187
-17.0	-0.733	0.13206	-0.047	0.568	0.005	0.993	0.069	-5.552	0.009	0.186
-16.0	-0.730	0.11802	-0.048	0.534	0.005	0.993	0.076	-6.186	0.488	0.184
-15.0	-0.719	0.10421	-0.050	0.504	0.005	0.993	0.089	-6.897	0.372	0.180
-14.0	-0.697	0.09154	-0.052	0.449	0.006	0.993	0.102	-7.619	0.345	0.175
-13.0	-0.667	0.07924	-0.055	0.417	0.006	0.993	0.128	-8.423	0.351	0.167
-12.0	-0.629	0.06586	-0.059	0.403	0.006	0.993	0.171	-9.548	0.371	0.156
-11.0	-0.585	0.05061	-0.065	0.385	0.006	0.993	0.260	-11.559	0.538	0.138
-10.0	-0.562	0.02399	-0.079	0.362	0.007	0.993	0.623	-23.409	0.559	0.110
-9.0	-0.515	0.01472	-0.087	0.351	0.007	0.993	0.972	-34.945	0.318	0.081
-8.0	-0.417	0.01139	-0.088	0.338	0.008	0.993	0.989	-36.641	0.263	0.038
-7.0	-0.311	0.01096	-0.090	0.309	0.010	0.993	0.991	-28.408	0.261	-0.038
-6.0	-0.199	0.01046	-0.091	0.297	0.014	0.993	0.993	-19.075	0.261	-0.206
-5.0	-0.084	0.01035	-0.092	0.265	0.017	0.993	0.995	-8.068	0.261	-0.854
-4.0	0.035	0.01019	-0.094	0.249	0.019	0.993	0.996	3.442	0.261	2.918
-3.0	0.155	0.01092	-0.095	0.219	0.026	0.992	0.997	14.192	0.261	0.862
-2.0	0.275	0.01080	-0.096	0.203	0.036	0.992	0.997	25.507	0.262	0.599
-1.0	0.396	0.01102	-0.098	0.171	0.050	0.992	0.998	35.908	0.262	0.497
0.0	0.515	0.01119	-0.099	0.148	0.067	0.992	0.998	46.003	0.262	0.442
1.0	0.634	0.01152	-0.101	0.124	0.088	0.991	0.998	55.056	0.262	0.409
2.0	0.753	0.01203	-0.102	0.095	0.113	0.990	0.998	62.580	0.263	0.386
3.0	0.871	0.01124	-0.104	0.067	0.142	0.989	0.998	77.492	0.263	0.369
4.0	0.987	0.01178	-0.105	0.044	0.174	0.986	0.998	83.782	0.263	0.356
5.0	1.100	0.01252	-0.107	0.027	0.205	0.982	0.998	87.854	0.264	0.347
6.0	1.209	0.01835	-0.108	0.017	0.238	0.978	0.999	65.877	0.264	0.339
7.0	1.312	0.01980	-0.110	0.012	0.281	0.969	0.999	66.273	0.265	0.333
8.0	1.406	0.02135	-0.111	0.010	0.340	0.961	0.999	65.852	0.266	0.329
9.0	1.485	0.02307	-0.112	0.007	0.467	0.947	0.999	64.378	0.268	0.326
10.0	1.550	0.02548	-0.114	0.005	0.501	0.930	0.999	60.853	0.271	0.323
11.0	1.598	0.02814	-0.115	0.003	0.536	0.908	0.999	56.787	0.277	0.322
12.0	1.627	0.03122	-0.116	0.003	0.589	0.880	0.999	52.120	0.294	0.321
13.0	1.637	0.03476	-0.116	0.003	0.661	0.846	0.999	47.092	-0.261	0.321
14.0	1.625	0.03968	-0.117	0.002	0.775	0.800	0.999	40.958	0.242	0.322
15.0	1.594	0.04573	-0.117	0.002	0.907	0.745	0.999	34.862	0.257	0.323
16.0	1.545	0.05416	-0.116	0.002	0.949	0.680	0.999	28.536	0.269	0.325
17.0	1.477	0.06758	-0.114	0.002	0.979	0.590	0.999	21.860	0.276	0.327
18.0	1.402	0.08386	-0.112	0.002	0.998	0.503	0.999	16.715	0.278	0.330
19.0	1.324	0.10249	-0.110	0.002	0.998	0.427	0.998	12.915	0.289	0.333
20.0	1.236	0.13073	-0.106	0.002	0.998	0.327	0.999	9.452	0.299	0.336

Name = NACA 4412
Mach = 0; Re = 2830000; T.U. = 1.0; T.L. = 1.0
Surface Finish = 2; Stall model = 0; Transition model = 1; Aspect Ratio = 0; ground effect = 0
?	Cl	Cd	Cm 0.25	T.U.	T.L.	S.U.	S.L.	L/D	A.C.	C.P.
[°]	[-]	[-]	[-]	[-]	[-]	[-]	[-]	[-]	[-]	[-]
-20.0	-0.665	0.19091	-0.042	0.628	0.002	0.993	0.044	-3.485	0.212	0.187
-19.0	-0.693	0.17244	-0.043	0.607	0.003	0.993	0.049	-4.019	0.197	0.188
-18.0	-0.716	0.15197	-0.045	0.567	0.004	0.993	0.056	-4.713	0.143	0.187
-17.0	-0.734	0.12981	-0.047	0.534	0.005	0.993	0.072	-5.653	-0.044	0.185
-16.0	-0.731	0.11580	-0.049	0.505	0.005	0.993	0.083	-6.315	0.508	0.183
-15.0	-0.720	0.10236	-0.051	0.454	0.005	0.993	0.095	-7.032	0.380	0.179
-14.0	-0.699	0.08940	-0.053	0.419	0.006	0.993	0.113	-7.820	0.346	0.174
-13.0	-0.669	0.07741	-0.056	0.405	0.006	0.993	0.136	-8.639	0.346	0.166
-12.0	-0.630	0.06442	-0.060	0.392	0.006	0.993	0.181	-9.784	0.383	0.155
-11.0	-0.589	0.04769	-0.067	0.364	0.006	0.993	0.289	-12.350	0.645	0.137
-10.0	-0.576	0.01957	-0.081	0.352	0.007	0.993	0.742	-29.435	0.527	0.109
-9.0	-0.515	0.01430	-0.087	0.345	0.007	0.993	0.977	-36.005	0.294	0.081
-8.0	-0.417	0.01120	-0.088	0.312	0.008	0.993	0.990	-37.260	0.263	0.038
-7.0	-0.311	0.01072	-0.090	0.298	0.009	0.993	0.992	-29.030	0.261	-0.038
-6.0	-0.199	0.01044	-0.091	0.269	0.013	0.993	0.993	-19.100	0.261	-0.206
-5.0	-0.084	0.01013	-0.092	0.252	0.016	0.993	0.995	-8.248	0.261	-0.854
-4.0	0.035	0.01002	-0.094	0.226	0.019	0.993	0.997	3.499	0.261	2.918
-3.0	0.155	0.01078	-0.095	0.206	0.024	0.993	0.997	14.368	0.261	0.862
-2.0	0.275	0.01078	-0.096	0.179	0.034	0.992	0.997	25.541	0.262	0.599
-1.0	0.396	0.01080	-0.098	0.162	0.046	0.992	0.998	36.630	0.262	0.497
0.0	0.515	0.01105	-0.099	0.132	0.062	0.992	0.998	46.608	0.262	0.442
1.0	0.634	0.01138	-0.101	0.107	0.082	0.991	0.998	55.723	0.262	0.409
2.0	0.753	0.01185	-0.102	0.084	0.107	0.991	0.998	63.559	0.263	0.386
3.0	0.871	0.01248	-0.104	0.060	0.133	0.990	0.998	69.829	0.263	0.369
4.0	0.987	0.01162	-0.105	0.038	0.158	0.987	0.998	84.969	0.263	0.356
5.0	1.101	0.01225	-0.107	0.024	0.187	0.983	0.998	89.829	0.264	0.347
6.0	1.209	0.01798	-0.108	0.016	0.221	0.979	0.999	67.280	0.264	0.339
7.0	1.313	0.01936	-0.110	0.012	0.260	0.972	0.999	67.795	0.265	0.333
8.0	1.407	0.02087	-0.111	0.009	0.305	0.963	0.999	67.388	0.266	0.329
9.0	1.486	0.02260	-0.112	0.006	0.452	0.950	0.999	65.785	0.268	0.326
10.0	1.552	0.02487	-0.114	0.004	0.469	0.934	0.999	62.399	0.271	0.323
11.0	1.600	0.02745	-0.115	0.003	0.503	0.912	0.999	58.272	0.277	0.322
12.0	1.629	0.03046	-0.116	0.002	0.540	0.885	0.999	53.483	0.295	0.321
13.0	1.639	0.03391	-0.117	0.002	0.591	0.852	0.999	48.329	-1.110	0.321
14.0	1.628	0.03853	-0.117	0.002	0.659	0.809	0.999	42.258	0.236	0.322
15.0	1.598	0.04434	-0.117	0.002	0.757	0.758	0.999	36.049	0.254	0.323
16.0	1.550	0.05204	-0.117	0.002	0.902	0.695	0.999	29.795	0.267	0.325
17.0	1.483	0.06448	-0.115	0.002	0.955	0.608	0.999	23.002	0.273	0.328
18.0	1.409	0.07960	-0.113	0.002	0.998	0.525	0.999	17.698	0.278	0.330
19.0	1.327	0.09928	-0.111	0.002	0.998	0.439	0.998	13.369	0.284	0.333
20.0	1.244	0.12314	-0.108	0.002	0.998	0.358	0.999	10.105	0.287	0.337

Name = NACA 4412
Mach = 0; Re = 3230000; T.U. = 1.0; T.L. = 1.0
Surface Finish = 2; Stall model = 0; Transition model = 1; Aspect Ratio = 0; ground effect = 0
?	Cl	Cd	Cm 0.25	T.U.	T.L.	S.U.	S.L.	L/D	A.C.	C.P.
[°]	[-]	[-]	[-]	[-]	[-]	[-]	[-]	[-]	[-]	[-]
-20.0	-0.666	0.19097	-0.042	0.608	0.002	0.993	0.046	-3.485	0.220	0.186
-19.0	-0.693	0.17077	-0.043	0.568	0.002	0.993	0.049	-4.059	0.207	0.188
-18.0	-0.716	0.15243	-0.044	0.540	0.003	0.993	0.054	-4.697	0.146	0.188
-17.0	-0.734	0.13159	-0.047	0.508	0.004	0.993	0.071	-5.575	-0.078	0.185
-16.0	-0.732	0.11407	-0.050	0.462	0.005	0.993	0.088	-6.419	0.558	0.182
-15.0	-0.720	0.10152	-0.051	0.423	0.005	0.993	0.098	-7.095	0.372	0.179
-14.0	-0.700	0.08841	-0.054	0.407	0.005	0.993	0.117	-7.916	0.377	0.173
-13.0	-0.672	0.07423	-0.058	0.398	0.006	0.993	0.156	-9.052	0.368	0.164
-12.0	-0.634	0.06122	-0.062	0.367	0.006	0.993	0.206	-10.358	0.374	0.153
-11.0	-0.592	0.04574	-0.068	0.354	0.006	0.994	0.308	-12.932	0.632	0.136
-10.0	-0.580	0.01842	-0.082	0.347	0.006	0.994	0.775	-31.495	0.507	0.108
-9.0	-0.515	0.01406	-0.087	0.316	0.007	0.994	0.979	-36.647	0.289	0.081
-8.0	-0.417	0.01098	-0.088	0.301	0.008	0.994	0.990	-38.017	0.262	0.038
-7.0	-0.311	0.01055	-0.090	0.279	0.009	0.993	0.992	-29.524	0.261	-0.038
-6.0	-0.199	0.01025	-0.091	0.256	0.012	0.993	0.994	-19.457	0.261	-0.206
-5.0	-0.084	0.01000	-0.092	0.241	0.015	0.993	0.995	-8.353	0.261	-0.854
-4.0	0.035	0.00998	-0.094	0.212	0.018	0.993	0.997	3.515	0.261	2.918
-3.0	0.155	0.01057	-0.095	0.196	0.023	0.993	0.997	14.661	0.261	0.862
-2.0	0.275	0.01059	-0.096	0.167	0.032	0.993	0.997	26.016	0.262	0.600
-1.0	0.396	0.01065	-0.098	0.144	0.043	0.992	0.998	37.147	0.262	0.497
0.0	0.515	0.01093	-0.099	0.124	0.057	0.992	0.998	47.110	0.262	0.442
1.0	0.634	0.01128	-0.101	0.097	0.078	0.991	0.998	56.214	0.262	0.409
2.0	0.753	0.01170	-0.102	0.073	0.102	0.991	0.998	64.376	0.263	0.386
3.0	0.871	0.01229	-0.104	0.052	0.122	0.990	0.998	70.872	0.263	0.369
4.0	0.988	0.01142	-0.105	0.034	0.147	0.988	0.998	86.453	0.263	0.356
5.0	1.101	0.01205	-0.107	0.022	0.178	0.984	0.998	91.369	0.264	0.347
6.0	1.210	0.01765	-0.108	0.014	0.212	0.980	0.999	68.549	0.264	0.339
7.0	1.313	0.01900	-0.110	0.011	0.240	0.974	0.999	69.113	0.265	0.333
8.0	1.407	0.02047	-0.111	0.009	0.278	0.965	0.999	68.741	0.266	0.329
9.0	1.487	0.02233	-0.112	0.006	0.326	0.953	0.999	66.591	0.268	0.326
10.0	1.553	0.02439	-0.114	0.004	0.455	0.937	0.999	63.664	0.271	0.323
11.0	1.601	0.02692	-0.115	0.003	0.474	0.916	0.999	59.479	0.278	0.322
12.0	1.631	0.02974	-0.116	0.002	0.508	0.891	0.999	54.845	0.296	0.321
13.0	1.641	0.03308	-0.117	0.002	0.551	0.859	0.999	49.613	-3.460	0.321
14.0	1.630	0.03767	-0.117	0.002	0.601	0.816	0.999	43.278	0.232	0.322
15.0	1.602	0.04293	-0.117	0.002	0.662	0.769	1.000	37.325	0.253	0.323
16.0	1.553	0.05095	-0.117	0.002	0.755	0.703	1.000	30.488	0.264	0.325
17.0	1.489	0.06180	-0.116	0.002	0.904	0.626	1.000	24.093	0.271	0.328
18.0	1.413	0.07668	-0.114	0.002	0.964	0.541	0.999	18.433	0.276	0.331
19.0	1.333	0.09513	-0.112	0.002	0.998	0.458	0.998	14.011	0.280	0.334
20.0	1.251	0.11740	-0.109	0.002	0.998	0.380	0.999	10.653	0.282	0.337

Name = NACA 4412
Mach = 0; Re = 3630000; T.U. = 1.0; T.L. = 1.0
Surface Finish = 2; Stall model = 0; Transition model = 1; Aspect Ratio = 0; ground effect = 0
?	Cl	Cd	Cm 0.25	T.U.	T.L.	S.U.	S.L.	L/D	A.C.	C.P.
[°]	[-]	[-]	[-]	[-]	[-]	[-]	[-]	[-]	[-]	[-]
-20.0	-0.666	0.19188	-0.042	0.572	0.002	0.993	0.046	-3.469	0.220	0.186
-19.0	-0.693	0.17131	-0.043	0.552	0.002	0.993	0.049	-4.046	0.195	0.188
-18.0	-0.717	0.15032	-0.045	0.513	0.003	0.993	0.059	-4.768	0.152	0.187
-17.0	-0.733	0.13192	-0.047	0.474	0.004	0.993	0.070	-5.559	-0.053	0.186
-16.0	-0.733	0.11298	-0.050	0.432	0.005	0.993	0.090	-6.484	0.622	0.182
-15.0	-0.721	0.09995	-0.052	0.410	0.005	0.993	0.102	-7.213	0.383	0.178
-14.0	-0.701	0.08726	-0.054	0.400	0.005	0.993	0.122	-8.031	0.385	0.173
-13.0	-0.673	0.07270	-0.058	0.374	0.006	0.994	0.165	-9.262	0.375	0.164
-12.0	-0.636	0.05944	-0.062	0.357	0.006	0.994	0.219	-10.701	0.385	0.152
-11.0	-0.595	0.04310	-0.069	0.349	0.006	0.994	0.336	-13.815	0.695	0.135
-10.0	-0.588	0.01677	-0.084	0.325	0.006	0.994	0.844	-35.084	0.481	0.108
-9.0	-0.515	0.01378	-0.087	0.305	0.007	0.994	0.980	-37.408	0.279	0.081
-8.0	-0.417	0.01089	-0.088	0.295	0.007	0.994	0.990	-38.347	0.262	0.038
-7.0	-0.311	0.01042	-0.090	0.261	0.008	0.993	0.992	-29.877	0.261	-0.038
-6.0	-0.199	0.01008	-0.091	0.249	0.011	0.993	0.994	-19.796	0.261	-0.206
-5.0	-0.084	0.00992	-0.092	0.219	0.015	0.993	0.996	-8.422	0.261	-0.854
-4.0	0.035	0.00978	-0.094	0.204	0.018	0.993	0.997	3.586	0.261	2.918
-3.0	0.155	0.01048	-0.095	0.176	0.022	0.993	0.997	14.785	0.261	0.862
-2.0	0.275	0.01043	-0.096	0.161	0.031	0.993	0.997	26.401	0.262	0.600
-1.0	0.396	0.01062	-0.098	0.132	0.040	0.992	0.998	37.266	0.262	0.497
0.0	0.515	0.01079	-0.099	0.113	0.055	0.992	0.998	47.728	0.262	0.442
1.0	0.634	0.01110	-0.101	0.092	0.075	0.992	0.998	57.139	0.262	0.409
2.0	0.753	0.01154	-0.102	0.066	0.093	0.991	0.998	65.258	0.263	0.386
3.0	0.871	0.01221	-0.104	0.046	0.114	0.990	0.998	71.329	0.263	0.369
4.0	0.988	0.01131	-0.105	0.030	0.141	0.988	0.998	87.343	0.263	0.356
5.0	1.101	0.01187	-0.107	0.021	0.173	0.985	0.998	92.757	0.264	0.347
6.0	1.210	0.01736	-0.108	0.013	0.194	0.981	0.999	69.709	0.264	0.339
7.0	1.314	0.01867	-0.110	0.010	0.225	0.975	0.999	70.372	0.265	0.333
8.0	1.408	0.02010	-0.111	0.008	0.263	0.966	0.999	70.017	0.266	0.329
9.0	1.488	0.02196	-0.112	0.005	0.305	0.955	0.999	67.741	0.268	0.326
10.0	1.553	0.02399	-0.114	0.003	0.430	0.939	0.999	64.754	0.272	0.323
11.0	1.602	0.02637	-0.115	0.003	0.459	0.920	0.999	60.746	0.278	0.322
12.0	1.632	0.02921	-0.116	0.002	0.482	0.895	0.999	55.872	0.297	0.321
13.0	1.643	0.03235	-0.117	0.002	0.514	0.865	0.999	50.787	2.154	0.321
14.0	1.633	0.03680	-0.117	0.002	0.558	0.823	0.999	44.378	0.228	0.322
15.0	1.605	0.04185	-0.118	0.002	0.608	0.778	1.000	38.353	0.251	0.323
16.0	1.557	0.04954	-0.117	0.002	0.671	0.714	1.000	31.424	0.262	0.325
17.0	1.493	0.05996	-0.116	0.002	0.762	0.640	1.000	24.904	0.271	0.328
18.0	1.416	0.07516	-0.114	0.001	0.910	0.548	1.000	18.835	0.275	0.331
19.0	1.337	0.09215	-0.112	0.002	0.998	0.471	0.998	14.507	0.278	0.334
20.0	1.254	0.11392	-0.110	0.002	0.998	0.393	0.999	11.011	0.281	0.338

Name = NACA 4412
Mach = 0; Re = 4030000; T.U. = 1.0; T.L. = 1.0
Surface Finish = 2; Stall model = 0; Transition model = 1; Aspect Ratio = 0; ground effect = 0
?	Cl	Cd	Cm 0.25	T.U.	T.L.	S.U.	S.L.	L/D	A.C.	C.P.
[°]	[-]	[-]	[-]	[-]	[-]	[-]	[-]	[-]	[-]	[-]
-20.0	-0.666	0.18724	-0.042	0.558	0.001	0.993	0.046	-3.555	0.216	0.186
-19.0	-0.693	0.17060	-0.043	0.519	0.002	0.993	0.050	-4.064	0.196	0.187
-18.0	-0.717	0.14968	-0.045	0.497	0.002	0.993	0.059	-4.788	0.158	0.187
-17.0	-0.733	0.13197	-0.047	0.450	0.003	0.993	0.069	-5.556	-0.061	0.186
-16.0	-0.733	0.11261	-0.050	0.416	0.005	0.993	0.091	-6.507	0.722	0.182
-15.0	-0.722	0.09853	-0.052	0.403	0.005	0.994	0.107	-7.327	0.397	0.178
-14.0	-0.702	0.08593	-0.055	0.387	0.005	0.994	0.128	-8.166	0.385	0.172
-13.0	-0.675	0.07139	-0.059	0.361	0.006	0.994	0.172	-9.449	0.381	0.163
-12.0	-0.638	0.05766	-0.063	0.351	0.006	0.994	0.232	-11.067	0.382	0.151
-11.0	-0.597	0.04232	-0.069	0.344	0.006	0.994	0.344	-14.094	0.727	0.134
-10.0	-0.593	0.01588	-0.084	0.309	0.006	0.994	0.886	-37.376	0.475	0.108
-9.0	-0.515	0.01358	-0.087	0.298	0.007	0.994	0.982	-37.973	0.273	0.081
-8.0	-0.418	0.01077	-0.088	0.270	0.007	0.994	0.990	-38.776	0.262	0.038
-7.0	-0.311	0.01033	-0.090	0.253	0.008	0.993	0.992	-30.144	0.261	-0.038
-6.0	-0.199	0.01001	-0.091	0.234	0.010	0.993	0.994	-19.921	0.261	-0.206
-5.0	-0.084	0.00978	-0.092	0.209	0.015	0.993	0.996	-8.537	0.261	-0.854
-4.0	0.035	0.00967	-0.094	0.194	0.017	0.993	0.997	3.626	0.261	2.918
-3.0	0.155	0.01043	-0.095	0.167	0.021	0.993	0.997	14.853	0.261	0.862
-2.0	0.275	0.01036	-0.096	0.147	0.030	0.993	0.997	26.588	0.262	0.600
-1.0	0.396	0.01043	-0.098	0.126	0.039	0.993	0.998	37.942	0.262	0.497
0.0	0.515	0.01076	-0.099	0.102	0.053	0.992	0.998	47.849	0.262	0.442
1.0	0.634	0.01096	-0.101	0.084	0.071	0.992	0.998	57.879	0.262	0.409
2.0	0.753	0.01147	-0.102	0.063	0.087	0.991	0.998	65.679	0.263	0.386
3.0	0.871	0.01202	-0.104	0.043	0.110	0.991	0.998	72.486	0.263	0.369
4.0	0.988	0.01112	-0.105	0.027	0.137	0.989	0.998	88.831	0.263	0.356
5.0	1.101	0.01169	-0.107	0.019	0.159	0.986	0.998	94.235	0.264	0.347
6.0	1.210	0.01711	-0.108	0.012	0.185	0.981	0.999	70.710	0.264	0.339
7.0	1.314	0.01837	-0.110	0.010	0.217	0.977	0.999	71.551	0.265	0.333
8.0	1.408	0.01976	-0.111	0.008	0.253	0.968	0.999	71.275	0.266	0.329
9.0	1.489	0.02165	-0.113	0.005	0.283	0.958	0.999	68.754	0.268	0.326
10.0	1.554	0.02372	-0.114	0.003	0.328	0.942	0.999	65.510	0.272	0.323
11.0	1.603	0.02594	-0.115	0.002	0.451	0.922	0.999	61.795	0.279	0.322
12.0	1.634	0.02865	-0.116	0.002	0.464	0.899	0.999	57.013	0.297	0.321
13.0	1.645	0.03183	-0.117	0.002	0.497	0.869	0.999	51.670	1.252	0.321
14.0	1.635	0.03602	-0.118	0.002	0.524	0.829	0.999	45.394	0.228	0.322
15.0	1.607	0.04119	-0.118	0.002	0.568	0.782	1.000	39.006	0.249	0.323
16.0	1.560	0.04828	-0.118	0.002	0.620	0.724	1.000	32.310	0.260	0.325
17.0	1.497	0.05828	-0.117	0.002	0.685	0.651	1.000	25.686	0.270	0.328
18.0	1.420	0.07294	-0.115	0.001	0.777	0.562	1.000	19.469	0.274	0.331
19.0	1.341	0.08903	-0.113	0.002	0.934	0.486	0.999	15.065	0.276	0.334
20.0	1.259	0.11001	-0.111	0.002	0.998	0.408	0.999	11.442	0.280	0.338

Name = NACA 4412
Mach = 0; Re = 4430000; T.U. = 1.0; T.L. = 1.0
Surface Finish = 2; Stall model = 0; Transition model = 1; Aspect Ratio = 0; ground effect = 0
?	Cl	Cd	Cm 0.25	T.U.	T.L.	S.U.	S.L.	L/D	A.C.	C.P.
[°]	[-]	[-]	[-]	[-]	[-]	[-]	[-]	[-]	[-]	[-]
-20.0	-0.666	0.18809	-0.043	0.530	0.001	0.993	0.047	-3.540	0.224	0.186
-19.0	-0.693	0.16756	-0.043	0.506	0.002	0.993	0.050	-4.137	0.198	0.187
-18.0	-0.717	0.15025	-0.045	0.462	0.002	0.993	0.059	-4.771	0.164	0.187
-17.0	-0.733	0.13306	-0.047	0.425	0.003	0.993	0.067	-5.508	-0.042	0.186
-16.0	-0.732	0.11411	-0.050	0.407	0.004	0.993	0.087	-6.415	0.858	0.182
-15.0	-0.723	0.09726	-0.053	0.399	0.005	0.994	0.113	-7.432	0.435	0.177
-14.0	-0.702	0.08482	-0.055	0.368	0.005	0.994	0.132	-8.282	0.374	0.172
-13.0	-0.675	0.07109	-0.059	0.354	0.005	0.994	0.173	-9.491	0.387	0.163
-12.0	-0.640	0.05616	-0.064	0.347	0.006	0.994	0.244	-11.395	0.409	0.150
-11.0	-0.602	0.03933	-0.070	0.318	0.006	0.994	0.381	-15.294	0.739	0.133
-10.0	-0.597	0.01531	-0.085	0.302	0.006	0.994	0.912	-38.969	0.445	0.108
-9.0	-0.516	0.01336	-0.087	0.291	0.006	0.994	0.982	-38.595	0.270	0.081
-8.0	-0.418	0.01070	-0.089	0.259	0.007	0.994	0.990	-39.005	0.262	0.038
-7.0	-0.311	0.01014	-0.090	0.248	0.008	0.993	0.993	-30.720	0.261	-0.038
-6.0	-0.200	0.00989	-0.091	0.217	0.010	0.993	0.994	-20.163	0.261	-0.206
-5.0	-0.084	0.00967	-0.092	0.204	0.015	0.993	0.996	-8.636	0.261	-0.854
-4.0	0.035	0.00967	-0.094	0.177	0.017	0.993	0.997	3.625	0.261	2.918
-3.0	0.155	0.01023	-0.095	0.163	0.020	0.993	0.997	15.138	0.261	0.862
-2.0	0.275	0.01033	-0.096	0.135	0.029	0.993	0.997	26.651	0.262	0.600
-1.0	0.396	0.01037	-0.098	0.123	0.037	0.993	0.998	38.150	0.262	0.497
0.0	0.515	0.01059	-0.099	0.096	0.051	0.992	0.998	48.629	0.262	0.442
1.0	0.634	0.01094	-0.101	0.075	0.066	0.992	0.998	57.965	0.262	0.409
2.0	0.753	0.01131	-0.102	0.059	0.084	0.991	0.999	66.590	0.263	0.386
3.0	0.871	0.01188	-0.104	0.040	0.107	0.991	0.998	73.348	0.263	0.369
4.0	0.988	0.01102	-0.105	0.026	0.131	0.990	0.998	89.646	0.263	0.356
5.0	1.101	0.01159	-0.107	0.017	0.150	0.986	0.998	95.054	0.264	0.347
6.0	1.210	0.01233	-0.108	0.012	0.179	0.982	0.999	98.184	0.264	0.339
7.0	1.314	0.01804	-0.110	0.010	0.212	0.978	0.999	72.841	0.265	0.333
8.0	1.409	0.01953	-0.111	0.008	0.234	0.969	0.999	72.106	0.266	0.329
9.0	1.489	0.02137	-0.113	0.004	0.268	0.959	0.999	69.690	0.269	0.326
10.0	1.555	0.02336	-0.114	0.003	0.309	0.944	0.999	66.566	0.272	0.323
11.0	1.604	0.02557	-0.115	0.002	0.405	0.926	0.999	62.718	0.279	0.322
12.0	1.635	0.02815	-0.116	0.002	0.455	0.902	0.999	58.067	0.298	0.321
13.0	1.646	0.03126	-0.117	0.002	0.473	0.874	1.000	52.658	0.951	0.321
14.0	1.637	0.03531	-0.118	0.002	0.506	0.835	0.999	46.361	0.225	0.322
15.0	1.609	0.04036	-0.118	0.002	0.544	0.789	1.000	39.870	0.247	0.323
16.0	1.563	0.04717	-0.118	0.002	0.584	0.732	1.000	33.131	0.260	0.325
17.0	1.499	0.05729	-0.117	0.001	0.637	0.657	1.000	26.165	0.268	0.328
18.0	1.424	0.07083	-0.115	0.001	0.705	0.574	1.000	20.102	0.271	0.331
19.0	1.345	0.08654	-0.114	0.002	0.800	0.499	1.000	15.543	0.275	0.335
20.0	1.262	0.10664	-0.111	0.002	0.998	0.421	0.999	11.838	0.279	0.338

Name = NACA 4412
Mach = 0; Re = 4830000; T.U. = 1.0; T.L. = 1.0
Surface Finish = 2; Stall model = 0; Transition model = 1; Aspect Ratio = 0; ground effect = 0
?	Cl	Cd	Cm 0.25	T.U.	T.L.	S.U.	S.L.	L/D	A.C.	C.P.
[°]	[-]	[-]	[-]	[-]	[-]	[-]	[-]	[-]	[-]	[-]
-20.0	-0.666	0.18521	-0.043	0.513	0.001	0.993	0.047	-3.595	0.216	0.186
-19.0	-0.693	0.16911	-0.044	0.481	0.001	0.993	0.051	-4.101	0.204	0.187
-18.0	-0.716	0.15081	-0.045	0.446	0.002	0.993	0.057	-4.751	0.168	0.187
-17.0	-0.733	0.13284	-0.047	0.413	0.002	0.994	0.067	-5.517	-0.046	0.186
-16.0	-0.732	0.11477	-0.049	0.402	0.003	0.994	0.085	-6.375	0.962	0.182
-15.0	-0.724	0.09615	-0.053	0.382	0.005	0.994	0.117	-7.526	0.461	0.176
-14.0	-0.703	0.08385	-0.055	0.359	0.005	0.994	0.136	-8.386	0.377	0.171
-13.0	-0.676	0.06972	-0.059	0.350	0.005	0.994	0.181	-9.697	0.392	0.162
-12.0	-0.642	0.05483	-0.064	0.338	0.006	0.994	0.255	-11.700	0.441	0.150
-11.0	-0.609	0.03553	-0.072	0.308	0.006	0.994	0.432	-17.131	0.741	0.131
-10.0	-0.599	0.01493	-0.085	0.298	0.006	0.994	0.930	-40.112	0.411	0.108
-9.0	-0.516	0.01033	-0.087	0.269	0.006	0.994	0.983	-49.903	0.268	0.081
-8.0	-0.418	0.01051	-0.089	0.253	0.007	0.994	0.990	-39.719	0.262	0.038
-7.0	-0.311	0.01009	-0.090	0.235	0.008	0.994	0.993	-30.854	0.261	-0.038
-6.0	-0.200	0.00986	-0.091	0.210	0.009	0.993	0.994	-20.233	0.261	-0.206
-5.0	-0.084	0.00955	-0.092	0.201	0.014	0.993	0.996	-8.746	0.261	-0.854
-4.0	0.035	0.01025	-0.094	0.169	0.017	0.993	0.997	3.421	0.261	2.918
-3.0	0.155	0.01018	-0.095	0.160	0.019	0.993	0.997	15.215	0.261	0.862
-2.0	0.275	0.01017	-0.096	0.129	0.028	0.993	0.998	27.090	0.262	0.600
-1.0	0.396	0.01023	-0.098	0.111	0.036	0.993	0.998	38.688	0.262	0.497
0.0	0.515	0.01049	-0.099	0.093	0.050	0.992	0.998	49.096	0.262	0.442
1.0	0.634	0.01081	-0.101	0.069	0.062	0.992	0.998	58.696	0.262	0.409
2.0	0.753	0.01118	-0.102	0.053	0.081	0.992	0.999	67.368	0.263	0.386
3.0	0.871	0.01180	-0.104	0.039	0.104	0.991	0.998	73.866	0.263	0.369
4.0	0.988	0.01239	-0.105	0.024	0.122	0.990	0.998	79.722	0.263	0.356
5.0	1.101	0.01148	-0.107	0.016	0.145	0.987	0.998	95.920	0.264	0.347
6.0	1.210	0.01221	-0.108	0.011	0.175	0.983	0.999	99.148	0.264	0.339
7.0	1.315	0.01785	-0.110	0.009	0.197	0.978	0.999	73.660	0.265	0.333
8.0	1.409	0.01932	-0.111	0.007	0.224	0.970	0.999	72.913	0.266	0.329
9.0	1.489	0.02109	-0.113	0.004	0.260	0.960	0.999	70.616	0.269	0.326
10.0	1.555	0.02306	-0.114	0.003	0.300	0.946	0.999	67.452	0.272	0.323
11.0	1.605	0.02532	-0.115	0.002	0.338	0.928	0.999	63.377	0.279	0.322
12.0	1.636	0.02770	-0.116	0.002	0.449	0.906	0.999	59.058	0.298	0.321
13.0	1.648	0.03076	-0.117	0.002	0.461	0.878	1.000	53.562	0.949	0.321
14.0	1.638	0.03484	-0.118	0.002	0.486	0.839	0.999	47.021	0.222	0.322
15.0	1.611	0.03959	-0.118	0.002	0.516	0.796	1.000	40.699	0.246	0.323
16.0	1.565	0.04617	-0.118	0.002	0.558	0.739	1.000	33.898	0.259	0.325
17.0	1.502	0.05592	-0.117	0.001	0.606	0.666	1.000	26.858	0.267	0.328
18.0	1.427	0.06901	-0.116	0.001	0.659	0.585	1.000	20.682	0.270	0.331
19.0	1.349	0.08421	-0.114	0.002	0.724	0.511	1.000	16.016	0.286	0.335
20.0	1.253	0.11346	-0.110	0.001	0.829	0.388	1.000	11.045	0.299	0.337

Name = NACA 4412
Mach = 0; Re = 5230000; T.U. = 1.0; T.L. = 1.0
Surface Finish = 2; Stall model = 0; Transition model = 1; Aspect Ratio = 0; ground effect = 0
?	Cl	Cd	Cm 0.25	T.U.	T.L.	S.U.	S.L.	L/D	A.C.	C.P.
[°]	[-]	[-]	[-]	[-]	[-]	[-]	[-]	[-]	[-]	[-]
-20.0	-0.666	0.18641	-0.043	0.504	0.001	0.993	0.048	-3.573	0.217	0.186
-19.0	-0.694	0.16697	-0.044	0.459	0.001	0.993	0.051	-4.154	0.202	0.187
-18.0	-0.717	0.14951	-0.045	0.423	0.002	0.993	0.059	-4.793	0.167	0.187
-17.0	-0.733	0.13155	-0.047	0.407	0.002	0.994	0.068	-5.572	-0.021	0.186
-16.0	-0.731	0.11576	-0.049	0.399	0.003	0.994	0.081	-6.315	0.915	0.183
-15.0	-0.724	0.09613	-0.053	0.367	0.005	0.994	0.117	-7.527	0.508	0.176
-14.0	-0.704	0.08267	-0.056	0.353	0.005	0.994	0.142	-8.519	0.393	0.171
-13.0	-0.677	0.06854	-0.060	0.347	0.005	0.994	0.189	-9.883	0.397	0.162
-12.0	-0.643	0.05340	-0.065	0.317	0.006	0.994	0.268	-12.050	0.473	0.149
-11.0	-0.615	0.03232	-0.074	0.302	0.006	0.994	0.479	-19.030	0.709	0.130
-10.0	-0.599	0.01478	-0.085	0.294	0.006	0.994	0.932	-40.539	0.387	0.108
-9.0	-0.516	0.01019	-0.087	0.259	0.006	0.994	0.985	-50.608	0.268	0.081
-8.0	-0.418	0.01047	-0.089	0.249	0.007	0.994	0.990	-39.882	0.262	0.038
-7.0	-0.311	0.00998	-0.090	0.219	0.007	0.994	0.993	-31.207	0.261	-0.038
-6.0	-0.200	0.00968	-0.091	0.206	0.009	0.994	0.995	-20.606	0.261	-0.206
-5.0	-0.084	0.00953	-0.092	0.182	0.013	0.994	0.996	-8.766	0.261	-0.854
-4.0	0.035	0.01021	-0.094	0.165	0.016	0.993	0.997	3.435	0.261	2.918
-3.0	0.155	0.01014	-0.095	0.143	0.019	0.993	0.997	15.284	0.261	0.863
-2.0	0.275	0.01013	-0.096	0.126	0.026	0.993	0.998	27.191	0.262	0.600
-1.0	0.396	0.01022	-0.098	0.102	0.035	0.993	0.998	38.738	0.262	0.497
0.0	0.515	0.01040	-0.099	0.090	0.049	0.993	0.998	49.507	0.262	0.442
1.0	0.634	0.01072	-0.101	0.066	0.059	0.992	0.998	59.160	0.262	0.409
2.0	0.753	0.01114	-0.102	0.048	0.079	0.992	0.999	67.609	0.263	0.386
3.0	0.871	0.01163	-0.104	0.036	0.102	0.991	0.998	74.900	0.263	0.369
4.0	0.988	0.01227	-0.105	0.023	0.116	0.990	0.998	80.546	0.263	0.356
5.0	1.102	0.01134	-0.107	0.015	0.141	0.987	0.999	97.120	0.264	0.347
6.0	1.210	0.01207	-0.108	0.010	0.170	0.983	0.999	100.317	0.264	0.339
7.0	1.315	0.01761	-0.110	0.009	0.188	0.979	0.999	74.668	0.265	0.333
8.0	1.409	0.01911	-0.111	0.006	0.218	0.972	0.999	73.748	0.266	0.329
9.0	1.490	0.02085	-0.113	0.004	0.255	0.961	0.999	71.432	0.269	0.326
10.0	1.556	0.02278	-0.114	0.003	0.278	0.948	0.999	68.289	0.272	0.323
11.0	1.606	0.02499	-0.115	0.002	0.317	0.931	0.999	64.248	0.279	0.322
12.0	1.637	0.02743	-0.116	0.002	0.408	0.908	0.999	59.675	0.298	0.321
13.0	1.649	0.03030	-0.117	0.002	0.454	0.881	1.000	54.418	0.772	0.321
14.0	1.640	0.03430	-0.118	0.002	0.469	0.843	0.999	47.805	0.220	0.322
15.0	1.613	0.03887	-0.118	0.002	0.504	0.801	1.000	41.494	0.244	0.323
16.0	1.567	0.04528	-0.118	0.002	0.534	0.746	1.000	34.620	0.257	0.326
17.0	1.505	0.05473	-0.118	0.001	0.573	0.675	1.000	27.492	0.266	0.328
18.0	1.430	0.06735	-0.116	0.001	0.621	0.594	1.000	21.234	0.269	0.331
19.0	1.352	0.08208	-0.115	0.002	0.677	0.522	1.000	16.472	0.295	0.335
20.0	1.244	0.11991	-0.108	0.001	0.751	0.358	1.000	10.379	0.314	0.337

Name = NACA 4412
Mach = 0; Re = 5630000; T.U. = 1.0; T.L. = 1.0
Surface Finish = 2; Stall model = 0; Transition model = 1; Aspect Ratio = 0; ground effect = 0
?	Cl	Cd	Cm 0.25	T.U.	T.L.	S.U.	S.L.	L/D	A.C.	C.P.
[°]	[-]	[-]	[-]	[-]	[-]	[-]	[-]	[-]	[-]	[-]
-20.0	-0.666	0.18644	-0.043	0.479	0.001	0.993	0.049	-3.573	0.210	0.186
-19.0	-0.694	0.16725	-0.044	0.449	0.001	0.993	0.053	-4.149	0.206	0.187
-18.0	-0.717	0.15040	-0.045	0.413	0.001	0.994	0.058	-4.764	0.178	0.187
-17.0	-0.733	0.13317	-0.047	0.402	0.002	0.994	0.067	-5.503	-0.017	0.186
-16.0	-0.731	0.11615	-0.049	0.385	0.003	0.994	0.080	-6.291	0.801	0.183
-15.0	-0.722	0.09782	-0.053	0.359	0.004	0.994	0.110	-7.384	0.545	0.177
-14.0	-0.705	0.08163	-0.056	0.350	0.005	0.994	0.148	-8.639	0.427	0.170
-13.0	-0.678	0.06745	-0.060	0.342	0.005	0.994	0.196	-10.060	0.386	0.161
-12.0	-0.643	0.05344	-0.065	0.308	0.005	0.994	0.266	-12.037	0.500	0.149
-11.0	-0.620	0.02986	-0.075	0.298	0.006	0.994	0.517	-20.772	0.728	0.129
-10.0	-0.600	0.01456	-0.085	0.271	0.006	0.994	0.941	-41.208	0.369	0.108
-9.0	-0.516	0.01004	-0.087	0.254	0.006	0.994	0.986	-51.379	0.267	0.081
-8.0	-0.418	0.01028	-0.089	0.246	0.007	0.994	0.991	-40.605	0.262	0.038
-7.0	-0.311	0.00993	-0.090	0.212	0.007	0.994	0.993	-31.370	0.261	-0.038
-6.0	-0.200	0.00963	-0.091	0.203	0.009	0.994	0.995	-20.709	0.261	-0.206
-5.0	-0.084	0.00950	-0.092	0.173	0.012	0.994	0.996	-8.789	0.261	-0.854
-4.0	0.035	0.01002	-0.094	0.162	0.016	0.994	0.997	3.501	0.261	2.918
-3.0	0.155	0.01003	-0.095	0.134	0.019	0.993	0.997	15.447	0.261	0.863
-2.0	0.275	0.01001	-0.096	0.123	0.025	0.993	0.998	27.513	0.262	0.600
-1.0	0.396	0.01018	-0.098	0.098	0.033	0.993	0.998	38.873	0.262	0.497
0.0	0.515	0.01035	-0.099	0.083	0.046	0.993	0.998	49.773	0.262	0.442
1.0	0.634	0.01061	-0.101	0.064	0.057	0.992	0.998	59.757	0.262	0.409
2.0	0.753	0.01100	-0.102	0.045	0.077	0.992	0.999	68.484	0.263	0.386
3.0	0.871	0.01154	-0.104	0.032	0.095	0.992	0.998	75.501	0.263	0.369
4.0	0.988	0.01216	-0.105	0.022	0.113	0.990	0.998	81.270	0.263	0.356
5.0	1.102	0.01126	-0.107	0.014	0.138	0.988	0.999	97.881	0.264	0.347
6.0	1.211	0.01194	-0.108	0.010	0.158	0.984	0.999	101.364	0.264	0.339
7.0	1.315	0.01743	-0.110	0.009	0.183	0.980	0.999	75.421	0.265	0.333
8.0	1.409	0.01891	-0.111	0.006	0.215	0.973	0.999	74.523	0.267	0.329
9.0	1.490	0.02061	-0.113	0.004	0.237	0.963	0.999	72.304	0.269	0.326
10.0	1.556	0.02253	-0.114	0.002	0.268	0.949	0.999	69.096	0.273	0.323
11.0	1.606	0.02465	-0.115	0.002	0.307	0.933	0.999	65.166	0.280	0.322
12.0	1.638	0.02710	-0.116	0.002	0.363	0.911	0.999	60.424	0.299	0.321
13.0	1.650	0.02988	-0.117	0.002	0.449	0.884	1.000	55.219	0.726	0.321
14.0	1.641	0.03376	-0.118	0.002	0.460	0.847	0.999	48.601	0.218	0.322
15.0	1.614	0.03825	-0.119	0.002	0.485	0.806	1.000	42.209	0.244	0.323
16.0	1.568	0.04481	-0.118	0.002	0.514	0.749	1.000	35.001	0.256	0.326
17.0	1.507	0.05362	-0.118	0.001	0.556	0.682	1.000	28.106	0.264	0.328
18.0	1.433	0.06589	-0.117	0.001	0.601	0.603	1.000	21.748	0.268	0.331
19.0	1.355	0.08012	-0.115	0.002	0.647	0.531	1.000	16.910	0.303	0.335
20.0	1.237	0.12574	-0.106	0.001	0.705	0.331	1.000	9.835	0.326	0.336

Name = NACA 4412
Mach = 0; Re = 6030000; T.U. = 1.0; T.L. = 1.0
Surface Finish = 2; Stall model = 0; Transition model = 1; Aspect Ratio = 0; ground effect = 0
?	Cl	Cd	Cm 0.25	T.U.	T.L.	S.U.	S.L.	L/D	A.C.	C.P.
[°]	[-]	[-]	[-]	[-]	[-]	[-]	[-]	[-]	[-]	[-]
-20.0	-0.666	0.18568	-0.043	0.460	0.001	0.993	0.049	-3.588	0.213	0.186
-19.0	-0.694	0.16598	-0.044	0.426	0.001	0.993	0.053	-4.181	0.206	0.187
-18.0	-0.717	0.14847	-0.045	0.407	0.001	0.994	0.059	-4.827	0.176	0.187
-17.0	-0.733	0.13159	-0.047	0.399	0.002	0.994	0.068	-5.570	-0.002	0.186
-16.0	-0.730	0.11653	-0.049	0.369	0.002	0.994	0.078	-6.268	0.680	0.183
-15.0	-0.721	0.09914	-0.052	0.354	0.003	0.994	0.103	-7.274	0.583	0.178
-14.0	-0.706	0.08068	-0.057	0.347	0.005	0.994	0.153	-8.750	0.460	0.170
-13.0	-0.679	0.06653	-0.061	0.321	0.005	0.994	0.202	-10.213	0.391	0.161
-12.0	-0.645	0.05221	-0.065	0.303	0.005	0.994	0.277	-12.351	0.530	0.149
-11.0	-0.625	0.02768	-0.076	0.295	0.006	0.994	0.552	-22.587	0.712	0.129
-10.0	-0.601	0.01433	-0.086	0.261	0.006	0.994	0.949	-41.951	0.355	0.108
-9.0	-0.516	0.00997	-0.087	0.250	0.006	0.994	0.986	-51.736	0.266	0.081
-8.0	-0.418	0.01030	-0.089	0.225	0.006	0.994	0.991	-40.546	0.262	0.038
-7.0	-0.311	0.00990	-0.090	0.208	0.007	0.994	0.993	-31.466	0.261	-0.038
-6.0	-0.200	0.00961	-0.091	0.195	0.008	0.994	0.995	-20.753	0.261	-0.206
-5.0	-0.084	0.00940	-0.092	0.168	0.011	0.994	0.996	-8.887	0.261	-0.854
-4.0	0.035	0.00998	-0.094	0.160	0.015	0.994	0.997	3.513	0.261	2.918
-3.0	0.155	0.01000	-0.095	0.130	0.018	0.993	0.997	15.493	0.261	0.863
-2.0	0.275	0.00993	-0.096	0.119	0.024	0.993	0.998	27.744	0.262	0.600
-1.0	0.396	0.01001	-0.098	0.095	0.033	0.993	0.998	39.517	0.262	0.497
0.0	0.515	0.01024	-0.099	0.075	0.043	0.993	0.998	50.289	0.262	0.442
1.0	0.634	0.01053	-0.101	0.062	0.056	0.992	0.998	60.231	0.262	0.409
2.0	0.753	0.01095	-0.102	0.043	0.076	0.992	0.999	68.798	0.263	0.386
3.0	0.871	0.01146	-0.104	0.030	0.090	0.992	0.998	76.015	0.263	0.369
4.0	0.988	0.01202	-0.105	0.022	0.110	0.991	0.998	82.207	0.263	0.356
5.0	1.102	0.01117	-0.107	0.013	0.136	0.988	0.999	98.666	0.264	0.347
6.0	1.211	0.01182	-0.108	0.010	0.151	0.985	0.999	102.470	0.264	0.339
7.0	1.315	0.01723	-0.110	0.009	0.179	0.980	0.999	76.326	0.265	0.333
8.0	1.410	0.01874	-0.111	0.005	0.209	0.974	0.999	75.243	0.267	0.329
9.0	1.490	0.02042	-0.113	0.003	0.228	0.963	0.999	72.981	0.269	0.326
10.0	1.557	0.02227	-0.114	0.002	0.262	0.951	0.999	69.923	0.273	0.323
11.0	1.607	0.02435	-0.115	0.002	0.301	0.935	0.999	66.004	0.280	0.322
12.0	1.638	0.02681	-0.116	0.002	0.332	0.913	0.999	61.113	0.299	0.321
13.0	1.651	0.02962	-0.117	0.002	0.418	0.886	1.000	55.724	0.689	0.321
14.0	1.642	0.03331	-0.118	0.002	0.454	0.851	0.999	49.309	0.215	0.322
15.0	1.616	0.03768	-0.119	0.002	0.470	0.810	1.000	42.884	0.243	0.323
16.0	1.570	0.04408	-0.119	0.002	0.504	0.755	1.000	35.628	0.256	0.326
17.0	1.509	0.05262	-0.118	0.001	0.533	0.689	1.000	28.680	0.263	0.328
18.0	1.435	0.06453	-0.117	0.001	0.570	0.611	1.000	22.243	0.277	0.331
19.0	1.344	0.08596	-0.114	0.001	0.616	0.496	1.000	15.639	0.307	0.334
20.0	1.234	0.12754	-0.105	0.000	0.667	0.321	1.000	9.674	0.323	0.335

Name = NACA 4412
Mach = 0; Re = 6430000; T.U. = 1.0; T.L. = 1.0
Surface Finish = 2; Stall model = 0; Transition model = 1; Aspect Ratio = 0; ground effect = 0
?	Cl	Cd	Cm 0.25	T.U.	T.L.	S.U.	S.L.	L/D	A.C.	C.P.
[°]	[-]	[-]	[-]	[-]	[-]	[-]	[-]	[-]	[-]	[-]
-20.0	-0.666	0.18452	-0.043	0.451	0.001	0.993	0.049	-3.610	0.207	0.186
-19.0	-0.694	0.16540	-0.044	0.415	0.001	0.994	0.054	-4.196	0.203	0.186
-18.0	-0.717	0.14795	-0.045	0.403	0.001	0.994	0.060	-4.845	0.177	0.187
-17.0	-0.733	0.13122	-0.047	0.396	0.002	0.994	0.069	-5.587	-0.013	0.186
-16.0	-0.731	0.11569	-0.049	0.361	0.002	0.994	0.081	-6.319	0.571	0.183
-15.0	-0.720	0.10092	-0.051	0.351	0.003	0.994	0.096	-7.134	0.581	0.179
-14.0	-0.707	0.07982	-0.057	0.345	0.005	0.994	0.157	-8.855	0.496	0.169
-13.0	-0.680	0.06568	-0.061	0.311	0.005	0.994	0.208	-10.359	0.394	0.160
-12.0	-0.646	0.05108	-0.066	0.299	0.005	0.994	0.287	-12.653	0.565	0.148
-11.0	-0.630	0.02571	-0.077	0.280	0.006	0.994	0.588	-24.506	0.698	0.128
-10.0	-0.602	0.01414	-0.086	0.256	0.006	0.994	0.955	-42.560	0.342	0.108
-9.0	-0.516	0.00982	-0.087	0.248	0.006	0.994	0.988	-52.542	0.265	0.081
-8.0	-0.418	0.01013	-0.089	0.216	0.006	0.994	0.991	-41.204	0.262	0.038
-7.0	-0.311	0.00973	-0.090	0.205	0.007	0.994	0.993	-32.011	0.261	-0.038
-6.0	-0.200	0.00949	-0.091	0.180	0.008	0.994	0.995	-21.036	0.261	-0.206
-5.0	-0.084	0.00938	-0.092	0.164	0.011	0.994	0.996	-8.910	0.261	-0.854
-4.0	0.035	0.00999	-0.094	0.145	0.015	0.994	0.997	3.511	0.261	2.918
-3.0	0.155	0.00991	-0.095	0.127	0.018	0.994	0.997	15.635	0.261	0.863
-2.0	0.275	0.00993	-0.096	0.108	0.023	0.993	0.998	27.738	0.262	0.600
-1.0	0.396	0.00998	-0.098	0.093	0.032	0.993	0.998	39.667	0.262	0.497
0.0	0.515	0.01022	-0.099	0.071	0.042	0.993	0.998	50.398	0.262	0.442
1.0	0.634	0.01043	-0.101	0.061	0.054	0.993	0.998	60.838	0.262	0.409
2.0	0.753	0.01081	-0.102	0.042	0.075	0.992	0.999	69.695	0.263	0.386
3.0	0.871	0.01135	-0.104	0.028	0.086	0.992	0.998	76.768	0.263	0.369
4.0	0.988	0.01196	-0.105	0.021	0.108	0.991	0.998	82.618	0.263	0.356
5.0	1.102	0.01104	-0.107	0.012	0.132	0.989	0.999	99.808	0.264	0.347
6.0	1.211	0.01173	-0.108	0.010	0.147	0.985	0.999	103.261	0.264	0.339
7.0	1.315	0.01708	-0.110	0.008	0.176	0.981	0.999	76.998	0.265	0.333
8.0	1.410	0.01858	-0.111	0.005	0.197	0.975	0.999	75.867	0.267	0.329
9.0	1.491	0.02025	-0.113	0.003	0.222	0.964	0.999	73.613	0.269	0.326
10.0	1.557	0.02203	-0.114	0.002	0.258	0.952	0.999	70.681	0.273	0.323
11.0	1.607	0.02416	-0.115	0.002	0.282	0.936	0.999	66.545	0.280	0.322
12.0	1.639	0.02651	-0.117	0.002	0.317	0.915	0.999	61.825	0.299	0.321
13.0	1.651	0.02926	-0.118	0.002	0.392	0.889	1.000	56.433	0.646	0.321
14.0	1.643	0.03287	-0.118	0.002	0.450	0.854	0.999	49.999	0.213	0.322
15.0	1.617	0.03714	-0.119	0.002	0.461	0.814	1.000	43.544	0.243	0.323
16.0	1.572	0.04337	-0.119	0.002	0.489	0.760	1.000	36.248	0.255	0.326
17.0	1.511	0.05175	-0.118	0.001	0.515	0.695	1.000	29.202	0.262	0.328
18.0	1.438	0.06332	-0.117	0.001	0.557	0.619	1.000	22.706	0.285	0.331
19.0	1.335	0.09118	-0.112	0.001	0.600	0.464	1.000	14.639	0.310	0.334
20.0	1.231	0.12947	-0.105	0.000	0.642	0.311	1.000	9.508	0.320	0.335


