Name = NACA 4415
Mach = 0; Re = 30000; T.U. = 1.0; T.L. = 1.0
Surface Finish = 2; Stall model = 0; Transition model = 1; Aspect Ratio = 0; ground effect = 0
?	Cl	Cd	Cm 0.25	T.U.	T.L.	S.U.	S.L.	L/D	A.C.	C.P.
[°]	[-]	[-]	[-]	[-]	[-]	[-]	[-]	[-]	[-]	[-]
-20.0	-0.911	0.35784	-0.030	0.921	0.009	0.960	0.012	-2.547	1.131	0.217
-19.0	-0.911	0.32089	-0.031	0.915	0.009	0.958	0.013	-2.838	0.401	0.216
-18.0	-0.903	0.27997	-0.031	0.910	0.009	0.954	0.014	-3.225	0.305	0.215
-17.0	-0.886	0.25622	-0.032	0.901	0.010	0.951	0.014	-3.460	0.283	0.214
-16.0	-0.861	0.22131	-0.033	0.891	0.010	0.948	0.015	-3.892	0.282	0.212
-15.0	-0.827	0.19565	-0.034	0.882	0.011	0.944	0.017	-4.227	0.281	0.209
-14.0	-0.784	0.17170	-0.035	0.871	0.012	0.941	0.019	-4.563	0.279	0.205
-13.0	-0.731	0.15223	-0.037	0.856	0.014	0.939	0.022	-4.801	0.272	0.200
-12.0	-0.669	0.13396	-0.038	0.843	0.017	0.935	0.023	-4.994	0.268	0.193
-11.0	-0.599	0.11765	-0.039	0.827	0.018	0.931	0.026	-5.093	0.268	0.185
-10.0	-0.522	0.10273	-0.040	0.808	0.020	0.926	0.028	-5.084	0.269	0.172
-9.0	-0.439	0.09010	-0.042	0.789	0.022	0.921	0.032	-4.874	0.274	0.154
-8.0	-0.351	0.07973	-0.045	0.765	0.025	0.918	0.039	-4.405	0.280	0.123
-7.0	-0.259	0.07104	-0.048	0.739	0.030	0.914	0.049	-3.645	0.287	0.067
-6.0	-0.164	0.06381	-0.052	0.712	0.039	0.910	0.068	-2.566	0.301	-0.065
-5.0	-0.066	0.05698	-0.057	0.678	0.049	0.907	0.107	-1.164	0.335	-0.616
-4.0	0.035	0.04845	-0.068	0.640	0.070	0.904	0.235	0.721	0.403	2.207
-3.0	0.163	0.03304	-0.092	0.598	0.101	0.902	0.974	4.940	0.353	0.816
-2.0	0.286	0.02930	-0.094	0.546	0.151	0.902	0.984	9.774	0.266	0.579
-1.0	0.409	0.03119	-0.096	0.483	0.211	0.904	0.990	13.121	0.265	0.485
0.0	0.521	0.03229	-0.098	0.436	0.339	0.894	0.991	16.143	0.261	0.438
1.0	0.637	0.03520	-0.099	0.417	0.738	0.868	0.977	18.107	0.258	0.405
2.0	0.750	0.03693	-0.100	0.400	0.837	0.832	0.970	20.312	0.258	0.383
3.0	0.860	0.03913	-0.101	0.378	0.884	0.792	0.970	21.974	0.257	0.367
4.0	0.965	0.04197	-0.101	0.358	0.912	0.741	0.972	22.980	0.255	0.355
5.0	1.065	0.04551	-0.102	0.336	0.933	0.688	0.975	23.392	0.257	0.345
6.0	1.165	0.04952	-0.103	0.303	0.942	0.658	0.977	23.531	0.261	0.338
7.0	1.264	0.05413	-0.104	0.262	0.953	0.637	0.979	23.355	0.265	0.332
8.0	1.361	0.05934	-0.106	0.210	0.960	0.631	0.981	22.932	0.273	0.328
9.0	1.463	0.06382	-0.108	0.115	0.965	0.659	0.984	22.914	0.273	0.324
10.0	1.543	0.07103	-0.110	0.035	0.970	0.641	0.986	21.729	0.239	0.321
11.0	1.580	0.08438	-0.107	0.027	0.975	0.518	0.989	18.722	0.862	0.318
12.0	1.487	0.12206	-0.075	0.017	0.978	0.081	0.992	12.182	0.901	0.301
13.0	1.514	0.13997	-0.065	0.015	0.980	0.035	0.997	10.820	0.015	0.293
14.0	1.544	0.16081	-0.062	0.012	0.984	0.026	0.998	9.599	0.151	0.290
15.0	1.562	0.18267	-0.060	0.011	0.987	0.020	0.997	8.549	0.128	0.288
16.0	1.568	0.20907	-0.059	0.009	0.997	0.017	0.997	7.500	-0.817	0.288
17.0	1.563	0.23679	-0.059	0.008	0.997	0.015	0.997	6.600	0.278	0.287
18.0	1.547	0.26510	-0.058	0.007	0.997	0.014	0.997	5.834	0.257	0.288
19.0	1.520	0.30012	-0.058	0.006	0.997	0.013	0.998	5.066	0.253	0.288
20.0	1.485	0.33459	-0.058	0.005	0.997	0.012	0.998	4.439	0.254	0.289

Name = NACA 4415
Mach = 0; Re = 430000; T.U. = 1.0; T.L. = 1.0
Surface Finish = 2; Stall model = 0; Transition model = 1; Aspect Ratio = 0; ground effect = 0
?	Cl	Cd	Cm 0.25	T.U.	T.L.	S.U.	S.L.	L/D	A.C.	C.P.
[°]	[-]	[-]	[-]	[-]	[-]	[-]	[-]	[-]	[-]	[-]
-20.0	-0.919	0.19958	-0.040	0.853	0.008	0.991	0.048	-4.607	22.410	0.207
-19.0	-0.919	0.18179	-0.041	0.840	0.008	0.991	0.051	-5.058	0.582	0.206
-18.0	-0.913	0.16293	-0.042	0.819	0.009	0.991	0.057	-5.601	0.375	0.204
-17.0	-0.897	0.14694	-0.043	0.802	0.009	0.991	0.063	-6.106	0.328	0.202
-16.0	-0.873	0.13035	-0.045	0.778	0.009	0.991	0.072	-6.701	0.322	0.198
-15.0	-0.841	0.11427	-0.048	0.757	0.010	0.991	0.086	-7.363	0.313	0.194
-14.0	-0.800	0.10010	-0.050	0.728	0.011	0.991	0.102	-7.988	0.311	0.188
-13.0	-0.750	0.08561	-0.053	0.703	0.013	0.991	0.130	-8.766	0.315	0.179
-12.0	-0.693	0.07201	-0.057	0.670	0.015	0.991	0.168	-9.624	0.321	0.168
-11.0	-0.630	0.05843	-0.062	0.636	0.017	0.991	0.234	-10.785	0.367	0.152
-10.0	-0.574	0.03867	-0.071	0.603	0.018	0.991	0.429	-14.847	0.445	0.127
-9.0	-0.526	0.02104	-0.082	0.563	0.021	0.991	0.826	-24.983	0.355	0.094
-8.0	-0.431	0.01813	-0.086	0.519	0.023	0.991	0.954	-23.761	0.278	0.051
-7.0	-0.318	0.01683	-0.088	0.461	0.028	0.990	0.978	-18.915	0.266	-0.026
-6.0	-0.201	0.01256	-0.089	0.428	0.035	0.990	0.985	-15.977	0.264	-0.196
-5.0	-0.081	0.01221	-0.091	0.410	0.043	0.989	0.990	-6.596	0.264	-0.881
-4.0	0.041	0.01185	-0.093	0.396	0.055	0.987	0.991	3.474	0.264	2.504
-3.0	0.164	0.01170	-0.094	0.372	0.072	0.986	0.992	14.002	0.264	0.827
-2.0	0.287	0.01149	-0.096	0.356	0.096	0.984	0.993	24.980	0.264	0.585
-1.0	0.410	0.01140	-0.098	0.342	0.126	0.983	0.995	35.924	0.265	0.489
0.0	0.531	0.01541	-0.100	0.313	0.161	0.981	0.996	34.423	0.265	0.438
1.0	0.652	0.01602	-0.102	0.292	0.201	0.978	0.997	40.691	0.265	0.406
2.0	0.772	0.01750	-0.103	0.260	0.248	0.974	0.997	44.131	0.265	0.384
3.0	0.892	0.01844	-0.105	0.230	0.314	0.968	0.997	48.341	0.265	0.368
4.0	1.010	0.01916	-0.107	0.200	0.513	0.962	0.997	52.682	0.265	0.356
5.0	1.125	0.02085	-0.109	0.162	0.568	0.953	0.998	53.954	0.265	0.347
6.0	1.236	0.02291	-0.111	0.120	0.649	0.940	0.998	53.954	0.265	0.339
7.0	1.342	0.02537	-0.112	0.081	0.763	0.924	0.998	52.908	0.265	0.334
8.0	1.441	0.02826	-0.114	0.051	0.845	0.904	0.998	50.991	0.266	0.329
9.0	1.532	0.03153	-0.115	0.033	0.887	0.880	0.998	48.577	0.266	0.325
10.0	1.614	0.03495	-0.117	0.025	0.913	0.853	0.998	46.169	0.266	0.322
11.0	1.686	0.03920	-0.118	0.017	0.933	0.820	0.998	43.003	0.266	0.320
12.0	1.743	0.04416	-0.119	0.014	0.944	0.784	0.998	39.476	0.268	0.318
13.0	1.781	0.04978	-0.119	0.012	0.956	0.744	0.998	35.777	0.272	0.317
14.0	1.801	0.05690	-0.120	0.010	0.962	0.698	0.998	31.659	0.276	0.317
15.0	1.805	0.06568	-0.120	0.009	0.969	0.648	0.998	27.484	0.260	0.317
16.0	1.792	0.07672	-0.120	0.007	0.976	0.591	0.998	23.357	0.274	0.317
17.0	1.763	0.09058	-0.119	0.006	0.980	0.528	0.998	19.459	0.275	0.318
18.0	1.722	0.10647	-0.118	0.005	0.984	0.469	0.998	16.175	0.277	0.319
19.0	1.669	0.12665	-0.117	0.005	0.997	0.406	0.998	13.182	0.285	0.320
20.0	1.606	0.15117	-0.114	0.004	0.997	0.339	0.998	10.627	0.289	0.321

Name = NACA 4415
Mach = 0; Re = 830000; T.U. = 1.0; T.L. = 1.0
Surface Finish = 2; Stall model = 0; Transition model = 1; Aspect Ratio = 0; ground effect = 0
?	Cl	Cd	Cm 0.25	T.U.	T.L.	S.U.	S.L.	L/D	A.C.	C.P.
[°]	[-]	[-]	[-]	[-]	[-]	[-]	[-]	[-]	[-]	[-]
-20.0	-0.925	0.18268	-0.043	0.801	0.007	0.992	0.072	-5.063	-1.555	0.203
-19.0	-0.925	0.16473	-0.044	0.776	0.007	0.992	0.078	-5.618	0.773	0.202
-18.0	-0.919	0.14750	-0.046	0.756	0.008	0.992	0.088	-6.234	0.389	0.200
-17.0	-0.904	0.13286	-0.047	0.726	0.007	0.992	0.095	-6.807	0.332	0.198
-16.0	-0.881	0.11738	-0.049	0.703	0.008	0.992	0.108	-7.507	0.331	0.194
-15.0	-0.850	0.10225	-0.052	0.670	0.008	0.992	0.130	-8.317	0.326	0.189
-14.0	-0.811	0.08782	-0.054	0.637	0.009	0.992	0.158	-9.230	0.325	0.183
-13.0	-0.764	0.07323	-0.058	0.608	0.011	0.992	0.203	-10.428	0.330	0.174
-12.0	-0.710	0.05873	-0.062	0.568	0.012	0.992	0.271	-12.092	0.358	0.162
-11.0	-0.659	0.04087	-0.069	0.528	0.014	0.992	0.424	-16.113	0.440	0.145
-10.0	-0.620	0.02176	-0.080	0.483	0.017	0.991	0.779	-28.470	0.372	0.121
-9.0	-0.538	0.01771	-0.084	0.434	0.018	0.991	0.938	-30.362	0.285	0.094
-8.0	-0.432	0.01620	-0.086	0.414	0.021	0.991	0.973	-26.686	0.267	0.051
-7.0	-0.319	0.01168	-0.088	0.401	0.023	0.991	0.983	-27.278	0.264	-0.026
-6.0	-0.201	0.01226	-0.089	0.379	0.029	0.990	0.989	-16.381	0.264	-0.196
-5.0	-0.081	0.01181	-0.091	0.361	0.036	0.990	0.991	-6.820	0.264	-0.881
-4.0	0.041	0.01157	-0.093	0.348	0.045	0.990	0.992	3.558	0.264	2.505
-3.0	0.164	0.01058	-0.095	0.325	0.058	0.989	0.993	15.482	0.264	0.827
-2.0	0.287	0.01050	-0.096	0.303	0.075	0.987	0.994	27.339	0.264	0.585
-1.0	0.410	0.01053	-0.098	0.279	0.098	0.985	0.996	38.915	0.265	0.489
0.0	0.531	0.01065	-0.100	0.253	0.125	0.983	0.997	49.842	0.265	0.438
1.0	0.652	0.01559	-0.102	0.225	0.155	0.981	0.997	41.837	0.265	0.406
2.0	0.773	0.01622	-0.104	0.201	0.189	0.978	0.998	47.651	0.265	0.384
3.0	0.892	0.01737	-0.105	0.167	0.228	0.973	0.997	51.373	0.265	0.368
4.0	1.010	0.01855	-0.107	0.135	0.274	0.967	0.998	54.478	0.266	0.356
5.0	1.126	0.02004	-0.109	0.102	0.340	0.959	0.998	56.201	0.266	0.347
6.0	1.238	0.02156	-0.111	0.072	0.501	0.947	0.998	57.415	0.266	0.340
7.0	1.345	0.02369	-0.113	0.048	0.545	0.935	0.998	56.791	0.266	0.334
8.0	1.445	0.02600	-0.114	0.032	0.606	0.917	0.998	55.560	0.267	0.329
9.0	1.537	0.02843	-0.116	0.024	0.695	0.898	0.998	54.075	0.267	0.325
10.0	1.621	0.03127	-0.117	0.017	0.800	0.875	0.998	51.841	0.267	0.322
11.0	1.695	0.03464	-0.118	0.013	0.867	0.847	0.998	48.933	0.268	0.320
12.0	1.755	0.03864	-0.120	0.011	0.904	0.816	0.998	45.406	0.271	0.318
13.0	1.795	0.04334	-0.121	0.010	0.922	0.781	0.998	41.406	0.278	0.317
14.0	1.818	0.04914	-0.121	0.008	0.939	0.741	0.998	36.997	0.292	0.317
15.0	1.824	0.05620	-0.122	0.007	0.952	0.696	0.998	32.458	0.174	0.317
16.0	1.812	0.06594	-0.122	0.005	0.961	0.642	0.998	27.478	0.260	0.317
17.0	1.784	0.07787	-0.121	0.004	0.969	0.583	0.998	22.905	0.263	0.318
18.0	1.745	0.09106	-0.121	0.004	0.976	0.528	0.998	19.162	0.266	0.319
19.0	1.694	0.10779	-0.120	0.003	0.981	0.470	0.998	15.712	0.269	0.321
20.0	1.635	0.12678	-0.119	0.003	0.988	0.415	0.998	12.893	0.270	0.323

Name = NACA 4415
Mach = 0; Re = 1230000; T.U. = 1.0; T.L. = 1.0
Surface Finish = 2; Stall model = 0; Transition model = 1; Aspect Ratio = 0; ground effect = 0
?	Cl	Cd	Cm 0.25	T.U.	T.L.	S.U.	S.L.	L/D	A.C.	C.P.
[°]	[-]	[-]	[-]	[-]	[-]	[-]	[-]	[-]	[-]	[-]
-20.0	-0.928	0.17384	-0.045	0.754	0.007	0.992	0.085	-5.337	-0.959	0.202
-19.0	-0.929	0.15640	-0.046	0.722	0.007	0.992	0.093	-5.939	0.784	0.201
-18.0	-0.923	0.14023	-0.047	0.697	0.007	0.992	0.102	-6.580	0.393	0.199
-17.0	-0.908	0.12553	-0.049	0.667	0.007	0.992	0.113	-7.235	0.348	0.196
-16.0	-0.886	0.11050	-0.051	0.633	0.007	0.992	0.130	-8.019	0.336	0.193
-15.0	-0.855	0.09582	-0.053	0.608	0.008	0.992	0.154	-8.926	0.327	0.188
-14.0	-0.816	0.08185	-0.056	0.568	0.008	0.992	0.187	-9.974	0.330	0.181
-13.0	-0.771	0.06712	-0.060	0.531	0.009	0.992	0.242	-11.482	0.339	0.172
-12.0	-0.720	0.05191	-0.065	0.494	0.011	0.992	0.329	-13.866	0.380	0.160
-11.0	-0.675	0.03317	-0.073	0.438	0.012	0.992	0.533	-20.341	0.439	0.142
-10.0	-0.632	0.01880	-0.082	0.416	0.016	0.992	0.874	-33.610	0.337	0.121
-9.0	-0.540	0.01646	-0.084	0.403	0.017	0.991	0.957	-32.794	0.274	0.094
-8.0	-0.433	0.01515	-0.086	0.382	0.019	0.991	0.978	-28.569	0.266	0.051
-7.0	-0.319	0.01104	-0.088	0.362	0.021	0.991	0.986	-28.891	0.264	-0.026
-6.0	-0.201	0.01158	-0.090	0.351	0.025	0.991	0.990	-17.338	0.264	-0.196
-5.0	-0.081	0.01131	-0.091	0.332	0.032	0.990	0.991	-7.124	0.264	-0.881
-4.0	0.041	0.01116	-0.093	0.307	0.039	0.991	0.992	3.688	0.264	2.505
-3.0	0.164	0.01099	-0.095	0.293	0.051	0.990	0.993	14.906	0.264	0.827
-2.0	0.287	0.01006	-0.096	0.261	0.065	0.989	0.995	28.535	0.264	0.586
-1.0	0.410	0.01007	-0.098	0.244	0.084	0.987	0.996	40.691	0.265	0.489
0.0	0.531	0.01037	-0.100	0.212	0.107	0.984	0.997	51.184	0.265	0.438
1.0	0.652	0.01116	-0.102	0.187	0.133	0.982	0.997	58.452	0.265	0.406
2.0	0.773	0.01573	-0.104	0.161	0.161	0.980	0.998	49.148	0.265	0.384
3.0	0.893	0.01678	-0.105	0.130	0.192	0.976	0.997	53.196	0.265	0.368
4.0	1.011	0.01801	-0.107	0.101	0.228	0.969	0.998	56.135	0.266	0.356
5.0	1.127	0.01938	-0.109	0.074	0.270	0.962	0.998	58.136	0.266	0.347
6.0	1.239	0.02102	-0.111	0.051	0.325	0.952	0.998	58.947	0.266	0.340
7.0	1.347	0.02261	-0.113	0.035	0.476	0.940	0.998	59.578	0.267	0.334
8.0	1.447	0.02467	-0.114	0.025	0.511	0.926	0.998	58.667	0.267	0.329
9.0	1.541	0.02696	-0.116	0.018	0.557	0.908	0.998	57.146	0.268	0.325
10.0	1.625	0.02960	-0.117	0.014	0.618	0.887	0.999	54.909	0.268	0.322
11.0	1.700	0.03257	-0.119	0.011	0.705	0.862	0.999	52.203	0.270	0.320
12.0	1.761	0.03601	-0.120	0.010	0.803	0.834	0.999	48.903	0.273	0.318
13.0	1.802	0.04010	-0.121	0.008	0.871	0.801	0.999	44.945	0.280	0.317
14.0	1.826	0.04524	-0.122	0.007	0.906	0.763	0.999	40.371	0.294	0.317
15.0	1.832	0.05224	-0.123	0.005	0.928	0.717	0.998	35.078	0.120	0.317
16.0	1.821	0.06096	-0.123	0.004	0.942	0.666	0.998	29.880	0.248	0.317
17.0	1.795	0.07132	-0.123	0.003	0.957	0.612	0.998	25.171	0.256	0.318
18.0	1.757	0.08324	-0.122	0.003	0.964	0.561	0.998	21.110	0.263	0.320
19.0	1.705	0.09883	-0.121	0.003	0.975	0.500	0.998	17.254	0.267	0.321
20.0	1.646	0.11634	-0.121	0.002	0.980	0.446	0.998	14.150	0.266	0.323

Name = NACA 4415
Mach = 0; Re = 1630000; T.U. = 1.0; T.L. = 1.0
Surface Finish = 2; Stall model = 0; Transition model = 1; Aspect Ratio = 0; ground effect = 0
?	Cl	Cd	Cm 0.25	T.U.	T.L.	S.U.	S.L.	L/D	A.C.	C.P.
[°]	[-]	[-]	[-]	[-]	[-]	[-]	[-]	[-]	[-]	[-]
-20.0	-0.930	0.16832	-0.045	0.708	0.006	0.992	0.093	-5.524	-0.829	0.201
-19.0	-0.931	0.15101	-0.047	0.674	0.007	0.992	0.102	-6.165	0.873	0.200
-18.0	-0.925	0.13528	-0.048	0.646	0.007	0.992	0.113	-6.839	0.416	0.198
-17.0	-0.911	0.12088	-0.050	0.615	0.007	0.992	0.127	-7.539	0.349	0.195
-16.0	-0.889	0.10646	-0.052	0.579	0.007	0.992	0.143	-8.349	0.334	0.192
-15.0	-0.859	0.09201	-0.054	0.555	0.007	0.992	0.170	-9.331	0.331	0.187
-14.0	-0.820	0.07791	-0.057	0.512	0.008	0.992	0.207	-10.528	0.334	0.180
-13.0	-0.776	0.06302	-0.061	0.464	0.009	0.992	0.269	-12.308	0.348	0.171
-12.0	-0.727	0.04737	-0.067	0.426	0.010	0.992	0.372	-15.350	0.392	0.158
-11.0	-0.685	0.02897	-0.074	0.409	0.011	0.992	0.599	-23.633	0.419	0.141
-10.0	-0.635	0.01772	-0.082	0.399	0.014	0.992	0.901	-35.868	0.321	0.121
-9.0	-0.541	0.01568	-0.085	0.372	0.016	0.992	0.964	-34.480	0.271	0.094
-8.0	-0.433	0.01445	-0.086	0.357	0.018	0.992	0.980	-29.964	0.265	0.051
-7.0	-0.319	0.01059	-0.088	0.347	0.020	0.991	0.988	-30.128	0.264	-0.026
-6.0	-0.201	0.01124	-0.090	0.320	0.023	0.991	0.990	-17.873	0.264	-0.196
-5.0	-0.081	0.01086	-0.091	0.302	0.029	0.991	0.992	-7.420	0.264	-0.881
-4.0	0.041	0.01073	-0.093	0.280	0.036	0.991	0.993	3.836	0.264	2.505
-3.0	0.164	0.01076	-0.095	0.255	0.045	0.991	0.994	15.224	0.264	0.827
-2.0	0.287	0.00980	-0.096	0.235	0.058	0.990	0.995	29.287	0.264	0.586
-1.0	0.410	0.00989	-0.098	0.209	0.075	0.988	0.997	41.459	0.265	0.489
0.0	0.531	0.01070	-0.100	0.184	0.094	0.986	0.997	49.631	0.265	0.438
1.0	0.652	0.01092	-0.102	0.162	0.116	0.983	0.998	59.731	0.265	0.406
2.0	0.773	0.01544	-0.104	0.132	0.143	0.980	0.998	50.086	0.265	0.384
3.0	0.893	0.01635	-0.105	0.106	0.174	0.977	0.998	54.626	0.266	0.368
4.0	1.011	0.01748	-0.107	0.082	0.202	0.971	0.998	57.850	0.266	0.356
5.0	1.127	0.01884	-0.109	0.059	0.236	0.965	0.998	59.852	0.266	0.347
6.0	1.240	0.02036	-0.111	0.041	0.276	0.956	0.998	60.890	0.266	0.340
7.0	1.348	0.02204	-0.113	0.029	0.329	0.945	0.998	61.177	0.267	0.334
8.0	1.449	0.02370	-0.114	0.021	0.468	0.932	0.998	61.141	0.267	0.329
9.0	1.543	0.02590	-0.116	0.016	0.500	0.915	0.998	59.554	0.268	0.325
10.0	1.628	0.02841	-0.118	0.012	0.536	0.895	0.999	57.299	0.269	0.322
11.0	1.704	0.03118	-0.119	0.010	0.588	0.872	0.999	54.643	0.270	0.320
12.0	1.765	0.03439	-0.120	0.009	0.657	0.845	0.999	51.333	0.274	0.318
13.0	1.807	0.03819	-0.122	0.008	0.749	0.815	0.999	47.328	0.281	0.317
14.0	1.831	0.04325	-0.122	0.006	0.836	0.776	0.999	42.340	0.296	0.317
15.0	1.838	0.04977	-0.123	0.004	0.884	0.731	0.999	36.926	-0.009	0.317
16.0	1.828	0.05767	-0.123	0.003	0.915	0.683	0.998	31.697	0.242	0.317
17.0	1.802	0.06750	-0.123	0.003	0.937	0.629	0.998	26.694	0.253	0.318
18.0	1.765	0.07856	-0.123	0.003	0.952	0.579	0.998	22.461	0.259	0.320
19.0	1.713	0.09303	-0.123	0.002	0.962	0.522	0.998	18.415	0.263	0.322
20.0	1.655	0.10897	-0.122	0.002	0.974	0.471	0.998	15.189	0.262	0.324

Name = NACA 4415
Mach = 0; Re = 2030000; T.U. = 1.0; T.L. = 1.0
Surface Finish = 2; Stall model = 0; Transition model = 1; Aspect Ratio = 0; ground effect = 0
?	Cl	Cd	Cm 0.25	T.U.	T.L.	S.U.	S.L.	L/D	A.C.	C.P.
[°]	[-]	[-]	[-]	[-]	[-]	[-]	[-]	[-]	[-]	[-]
-20.0	-0.931	0.16436	-0.046	0.665	0.006	0.992	0.100	-5.666	-0.796	0.201
-19.0	-0.932	0.14786	-0.047	0.631	0.006	0.992	0.108	-6.306	1.028	0.199
-18.0	-0.927	0.13125	-0.049	0.608	0.007	0.992	0.123	-7.065	0.415	0.197
-17.0	-0.913	0.11804	-0.051	0.569	0.006	0.992	0.134	-7.734	0.348	0.195
-16.0	-0.891	0.10357	-0.053	0.538	0.006	0.992	0.154	-8.604	0.339	0.191
-15.0	-0.861	0.08923	-0.055	0.507	0.007	0.992	0.182	-9.650	0.332	0.186
-14.0	-0.823	0.07515	-0.058	0.455	0.007	0.992	0.222	-10.953	0.338	0.179
-13.0	-0.780	0.06000	-0.062	0.422	0.008	0.992	0.290	-12.993	0.359	0.170
-12.0	-0.734	0.04350	-0.068	0.407	0.009	0.992	0.413	-16.870	0.401	0.157
-11.0	-0.692	0.02606	-0.076	0.397	0.010	0.992	0.649	-26.558	0.397	0.141
-10.0	-0.637	0.01719	-0.082	0.368	0.012	0.992	0.912	-37.043	0.310	0.121
-9.0	-0.541	0.01507	-0.085	0.354	0.016	0.992	0.970	-35.909	0.270	0.094
-8.0	-0.433	0.01400	-0.086	0.346	0.017	0.992	0.982	-30.950	0.265	0.051
-7.0	-0.319	0.01123	-0.088	0.316	0.018	0.991	0.989	-28.402	0.264	-0.026
-6.0	-0.201	0.01096	-0.090	0.300	0.022	0.991	0.990	-18.333	0.264	-0.196
-5.0	-0.081	0.01072	-0.091	0.277	0.027	0.991	0.992	-7.516	0.264	-0.881
-4.0	0.041	0.01048	-0.093	0.254	0.034	0.991	0.993	3.928	0.264	2.505
-3.0	0.164	0.01060	-0.095	0.235	0.041	0.991	0.994	15.467	0.264	0.827
-2.0	0.287	0.01063	-0.096	0.209	0.054	0.990	0.995	27.014	0.265	0.586
-1.0	0.410	0.00973	-0.098	0.187	0.067	0.989	0.997	42.120	0.265	0.489
0.0	0.531	0.01051	-0.100	0.164	0.085	0.986	0.997	50.515	0.265	0.438
1.0	0.653	0.01075	-0.102	0.138	0.107	0.984	0.998	60.688	0.265	0.406
2.0	0.773	0.01511	-0.104	0.118	0.130	0.981	0.998	51.169	0.265	0.384
3.0	0.893	0.01602	-0.106	0.091	0.155	0.978	0.998	55.775	0.266	0.368
4.0	1.012	0.01720	-0.107	0.067	0.184	0.973	0.998	58.830	0.266	0.356
5.0	1.128	0.01841	-0.109	0.048	0.217	0.966	0.998	61.255	0.266	0.347
6.0	1.241	0.01983	-0.111	0.035	0.251	0.959	0.998	62.576	0.266	0.340
7.0	1.349	0.02143	-0.113	0.024	0.288	0.948	0.998	62.940	0.267	0.334
8.0	1.450	0.02314	-0.115	0.019	0.342	0.937	0.998	62.693	0.267	0.329
9.0	1.544	0.02511	-0.116	0.013	0.465	0.920	0.998	61.489	0.268	0.325
10.0	1.630	0.02745	-0.118	0.011	0.495	0.901	0.999	59.388	0.269	0.322
11.0	1.706	0.03017	-0.119	0.009	0.527	0.880	0.999	56.558	0.271	0.320
12.0	1.769	0.03322	-0.121	0.008	0.574	0.854	0.999	53.237	0.275	0.318
13.0	1.811	0.03680	-0.122	0.007	0.635	0.825	0.999	49.217	0.281	0.317
14.0	1.835	0.04201	-0.123	0.005	0.713	0.785	0.999	43.679	0.297	0.317
15.0	1.842	0.04810	-0.123	0.003	0.804	0.741	0.999	38.292	-0.189	0.317
16.0	1.832	0.05552	-0.124	0.003	0.873	0.695	0.999	33.003	0.234	0.318
17.0	1.808	0.06435	-0.124	0.002	0.909	0.645	0.999	28.097	0.250	0.319
18.0	1.770	0.07523	-0.124	0.002	0.935	0.593	0.999	23.527	0.257	0.320
19.0	1.720	0.08864	-0.123	0.002	0.950	0.539	0.999	19.400	0.260	0.322
20.0	1.661	0.10379	-0.123	0.002	0.962	0.487	0.999	16.006	0.261	0.324

Name = NACA 4415
Mach = 0; Re = 2430000; T.U. = 1.0; T.L. = 1.0
Surface Finish = 2; Stall model = 0; Transition model = 1; Aspect Ratio = 0; ground effect = 0
?	Cl	Cd	Cm 0.25	T.U.	T.L.	S.U.	S.L.	L/D	A.C.	C.P.
[°]	[-]	[-]	[-]	[-]	[-]	[-]	[-]	[-]	[-]	[-]
-20.0	-0.932	0.16224	-0.046	0.625	0.006	0.992	0.104	-5.745	-0.485	0.200
-19.0	-0.934	0.14456	-0.048	0.602	0.006	0.992	0.116	-6.462	1.148	0.199
-18.0	-0.929	0.12919	-0.050	0.566	0.006	0.992	0.128	-7.188	0.413	0.197
-17.0	-0.915	0.11500	-0.051	0.533	0.006	0.993	0.142	-7.955	0.357	0.194
-16.0	-0.893	0.10073	-0.053	0.506	0.006	0.992	0.164	-8.867	0.344	0.190
-15.0	-0.864	0.08637	-0.056	0.455	0.007	0.992	0.195	-10.001	0.332	0.185
-14.0	-0.825	0.07294	-0.059	0.422	0.007	0.992	0.234	-11.317	0.337	0.179
-13.0	-0.783	0.05771	-0.063	0.406	0.008	0.992	0.307	-13.560	0.376	0.169
-12.0	-0.742	0.03945	-0.069	0.397	0.008	0.992	0.460	-18.801	0.405	0.156
-11.0	-0.697	0.02432	-0.076	0.368	0.009	0.992	0.683	-28.659	0.375	0.140
-10.0	-0.638	0.01663	-0.082	0.354	0.011	0.992	0.923	-38.389	0.304	0.121
-9.0	-0.542	0.01472	-0.085	0.346	0.014	0.992	0.972	-36.802	0.269	0.094
-8.0	-0.433	0.01048	-0.086	0.316	0.017	0.992	0.983	-41.362	0.265	0.051
-7.0	-0.319	0.01098	-0.088	0.301	0.018	0.991	0.989	-29.063	0.264	-0.026
-6.0	-0.201	0.01069	-0.090	0.280	0.021	0.991	0.991	-18.789	0.264	-0.196
-5.0	-0.081	0.01049	-0.091	0.256	0.024	0.991	0.992	-7.685	0.264	-0.881
-4.0	0.041	0.01040	-0.093	0.243	0.032	0.991	0.993	3.960	0.264	2.505
-3.0	0.164	0.01041	-0.095	0.212	0.038	0.991	0.994	15.749	0.264	0.827
-2.0	0.287	0.01038	-0.096	0.198	0.051	0.991	0.996	27.668	0.265	0.586
-1.0	0.410	0.00956	-0.098	0.168	0.061	0.990	0.997	42.860	0.265	0.490
0.0	0.531	0.01039	-0.100	0.147	0.079	0.987	0.997	51.117	0.265	0.438
1.0	0.653	0.01055	-0.102	0.125	0.099	0.985	0.998	61.867	0.265	0.406
2.0	0.774	0.01091	-0.104	0.099	0.119	0.982	0.998	70.923	0.265	0.384
3.0	0.894	0.01573	-0.106	0.079	0.144	0.979	0.998	56.809	0.266	0.368
4.0	1.012	0.01682	-0.107	0.060	0.174	0.975	0.998	60.176	0.266	0.356
5.0	1.128	0.01803	-0.109	0.042	0.197	0.968	0.998	62.576	0.266	0.347
6.0	1.241	0.01941	-0.111	0.030	0.228	0.961	0.998	63.953	0.266	0.340
7.0	1.350	0.02089	-0.113	0.022	0.264	0.951	0.998	64.607	0.267	0.334
8.0	1.451	0.02257	-0.115	0.017	0.306	0.939	0.998	64.295	0.268	0.329
9.0	1.545	0.02446	-0.116	0.012	0.449	0.924	0.998	63.190	0.268	0.325
10.0	1.632	0.02674	-0.118	0.010	0.465	0.907	0.999	61.031	0.269	0.322
11.0	1.708	0.02925	-0.120	0.008	0.496	0.886	0.999	58.412	0.271	0.320
12.0	1.771	0.03218	-0.121	0.008	0.526	0.861	0.999	55.035	0.275	0.318
13.0	1.814	0.03588	-0.122	0.006	0.571	0.832	0.999	50.544	0.282	0.317
14.0	1.838	0.04094	-0.123	0.004	0.627	0.793	0.999	44.885	0.299	0.317
15.0	1.845	0.04670	-0.124	0.003	0.702	0.751	0.999	39.519	-1.166	0.317
16.0	1.837	0.05361	-0.124	0.002	0.788	0.706	0.999	34.263	0.232	0.318
17.0	1.812	0.06231	-0.124	0.002	0.861	0.655	0.999	29.082	0.248	0.319
18.0	1.775	0.07246	-0.124	0.002	0.906	0.606	0.999	24.495	0.254	0.320
19.0	1.725	0.08476	-0.124	0.002	0.934	0.554	0.999	20.355	0.259	0.322
20.0	1.666	0.10004	-0.123	0.002	0.950	0.500	0.999	16.653	0.261	0.324

Name = NACA 4415
Mach = 0; Re = 2830000; T.U. = 1.0; T.L. = 1.0
Surface Finish = 2; Stall model = 0; Transition model = 1; Aspect Ratio = 0; ground effect = 0
?	Cl	Cd	Cm 0.25	T.U.	T.L.	S.U.	S.L.	L/D	A.C.	C.P.
[°]	[-]	[-]	[-]	[-]	[-]	[-]	[-]	[-]	[-]	[-]
-20.0	-0.933	0.15904	-0.047	0.601	0.006	0.993	0.109	-5.868	-0.446	0.200
-19.0	-0.936	0.14179	-0.048	0.566	0.006	0.993	0.122	-6.599	1.176	0.198
-18.0	-0.930	0.12697	-0.050	0.534	0.006	0.993	0.135	-7.324	0.406	0.196
-17.0	-0.916	0.11329	-0.052	0.507	0.006	0.993	0.148	-8.086	0.359	0.194
-16.0	-0.895	0.09855	-0.054	0.459	0.006	0.993	0.172	-9.081	0.344	0.190
-15.0	-0.865	0.08477	-0.056	0.424	0.006	0.993	0.202	-10.207	0.336	0.185
-14.0	-0.828	0.07061	-0.060	0.407	0.007	0.993	0.248	-11.728	0.334	0.178
-13.0	-0.783	0.05686	-0.063	0.399	0.007	0.993	0.311	-13.778	0.390	0.169
-12.0	-0.749	0.03609	-0.071	0.370	0.008	0.992	0.502	-20.743	0.421	0.156
-11.0	-0.702	0.02267	-0.077	0.356	0.008	0.992	0.717	-30.974	0.359	0.140
-10.0	-0.639	0.01623	-0.083	0.347	0.010	0.992	0.930	-39.388	0.297	0.121
-9.0	-0.542	0.01450	-0.085	0.319	0.013	0.992	0.974	-37.374	0.268	0.094
-8.0	-0.433	0.01026	-0.086	0.302	0.016	0.992	0.984	-42.259	0.265	0.051
-7.0	-0.319	0.01082	-0.088	0.289	0.017	0.992	0.989	-29.495	0.264	-0.026
-6.0	-0.201	0.01053	-0.090	0.259	0.020	0.991	0.991	-19.070	0.264	-0.196
-5.0	-0.081	0.01030	-0.091	0.247	0.023	0.991	0.992	-7.823	0.264	-0.881
-4.0	0.041	0.01020	-0.093	0.216	0.031	0.991	0.993	4.036	0.264	2.506
-3.0	0.164	0.01017	-0.095	0.202	0.036	0.991	0.995	16.125	0.264	0.827
-2.0	0.287	0.01041	-0.096	0.173	0.046	0.991	0.996	27.588	0.265	0.586
-1.0	0.410	0.01010	-0.098	0.160	0.058	0.990	0.997	40.597	0.265	0.490
0.0	0.531	0.01024	-0.100	0.131	0.076	0.988	0.997	51.869	0.265	0.438
1.0	0.653	0.01043	-0.102	0.113	0.091	0.985	0.998	62.608	0.265	0.406
2.0	0.774	0.01075	-0.104	0.091	0.111	0.983	0.998	71.963	0.265	0.384
3.0	0.894	0.01556	-0.106	0.068	0.138	0.980	0.998	57.436	0.266	0.368
4.0	1.012	0.01655	-0.107	0.052	0.158	0.976	0.998	61.172	0.266	0.356
5.0	1.129	0.01770	-0.109	0.039	0.184	0.970	0.998	63.745	0.266	0.347
6.0	1.242	0.01902	-0.111	0.027	0.217	0.962	0.998	65.269	0.267	0.340
7.0	1.351	0.02043	-0.113	0.021	0.246	0.954	0.998	66.114	0.267	0.334
8.0	1.452	0.02214	-0.115	0.015	0.279	0.942	0.998	65.570	0.268	0.329
9.0	1.547	0.02411	-0.116	0.011	0.322	0.927	0.998	64.159	0.269	0.325
10.0	1.633	0.02605	-0.118	0.009	0.451	0.911	0.999	62.702	0.270	0.322
11.0	1.710	0.02855	-0.120	0.008	0.468	0.890	0.999	59.895	0.271	0.320
12.0	1.773	0.03134	-0.121	0.007	0.500	0.867	0.999	56.583	0.275	0.318
13.0	1.815	0.03522	-0.122	0.005	0.530	0.836	0.999	51.549	0.282	0.317
14.0	1.840	0.03993	-0.123	0.003	0.574	0.799	0.999	46.090	0.301	0.317
15.0	1.848	0.04559	-0.124	0.002	0.628	0.758	0.999	40.537	-6.562	0.317
16.0	1.840	0.05220	-0.124	0.002	0.700	0.714	0.999	35.253	0.224	0.318
17.0	1.817	0.06027	-0.125	0.002	0.778	0.667	0.999	30.143	0.244	0.319
18.0	1.780	0.06989	-0.125	0.002	0.854	0.618	0.999	25.462	0.253	0.320
19.0	1.729	0.08224	-0.124	0.002	0.905	0.565	0.999	21.029	0.258	0.322
20.0	1.671	0.09632	-0.124	0.002	0.934	0.514	0.999	17.350	0.258	0.324

Name = NACA 4415
Mach = 0; Re = 3230000; T.U. = 1.0; T.L. = 1.0
Surface Finish = 2; Stall model = 0; Transition model = 1; Aspect Ratio = 0; ground effect = 0
?	Cl	Cd	Cm 0.25	T.U.	T.L.	S.U.	S.L.	L/D	A.C.	C.P.
[°]	[-]	[-]	[-]	[-]	[-]	[-]	[-]	[-]	[-]	[-]
-20.0	-0.934	0.15622	-0.047	0.568	0.006	0.993	0.114	-5.982	-0.541	0.199
-19.0	-0.936	0.14023	-0.049	0.540	0.006	0.993	0.125	-6.676	1.209	0.198
-18.0	-0.931	0.12465	-0.050	0.509	0.006	0.993	0.140	-7.471	0.432	0.196
-17.0	-0.918	0.11117	-0.052	0.467	0.006	0.993	0.155	-8.254	0.354	0.193
-16.0	-0.896	0.09734	-0.054	0.430	0.006	0.993	0.176	-9.203	0.344	0.190
-15.0	-0.867	0.08284	-0.057	0.410	0.006	0.993	0.211	-10.466	0.337	0.184
-14.0	-0.829	0.06932	-0.060	0.400	0.006	0.993	0.254	-11.965	0.339	0.178
-13.0	-0.787	0.05459	-0.064	0.375	0.007	0.993	0.329	-14.411	0.399	0.169
-12.0	-0.753	0.03420	-0.071	0.358	0.008	0.993	0.526	-22.006	0.429	0.155
-11.0	-0.708	0.02100	-0.078	0.349	0.008	0.992	0.758	-33.726	0.351	0.140
-10.0	-0.640	0.01591	-0.083	0.327	0.010	0.992	0.937	-40.215	0.291	0.121
-9.0	-0.542	0.01428	-0.085	0.305	0.012	0.992	0.975	-37.951	0.268	0.094
-8.0	-0.433	0.01003	-0.086	0.295	0.016	0.992	0.985	-43.222	0.264	0.051
-7.0	-0.319	0.01070	-0.088	0.263	0.017	0.992	0.990	-29.830	0.264	-0.026
-6.0	-0.201	0.01029	-0.090	0.250	0.019	0.991	0.991	-19.531	0.264	-0.196
-5.0	-0.081	0.01015	-0.091	0.224	0.022	0.991	0.992	-7.941	0.264	-0.881
-4.0	0.041	0.01006	-0.093	0.206	0.029	0.991	0.994	4.094	0.264	2.506
-3.0	0.164	0.01016	-0.095	0.184	0.035	0.991	0.995	16.132	0.264	0.827
-2.0	0.287	0.01023	-0.096	0.164	0.043	0.991	0.996	28.058	0.265	0.586
-1.0	0.410	0.01114	-0.098	0.142	0.055	0.990	0.997	36.786	0.265	0.490
0.0	0.531	0.01008	-0.100	0.124	0.070	0.989	0.998	52.723	0.265	0.438
1.0	0.653	0.01029	-0.102	0.099	0.085	0.986	0.998	63.476	0.265	0.406
2.0	0.774	0.01056	-0.104	0.084	0.107	0.984	0.998	73.239	0.265	0.384
3.0	0.894	0.01531	-0.106	0.063	0.127	0.980	0.998	58.381	0.266	0.368
4.0	1.013	0.01631	-0.107	0.046	0.149	0.977	0.998	62.077	0.266	0.356
5.0	1.129	0.01737	-0.109	0.035	0.177	0.971	0.998	64.982	0.266	0.347
6.0	1.242	0.01869	-0.111	0.024	0.202	0.964	0.998	66.458	0.267	0.340
7.0	1.351	0.02006	-0.113	0.019	0.229	0.956	0.998	67.355	0.267	0.334
8.0	1.453	0.02179	-0.115	0.013	0.263	0.944	0.998	66.661	0.268	0.329
9.0	1.548	0.02364	-0.117	0.010	0.304	0.930	0.998	65.465	0.269	0.325
10.0	1.634	0.02563	-0.118	0.008	0.360	0.914	0.999	63.754	0.270	0.322
11.0	1.712	0.02790	-0.120	0.008	0.454	0.895	0.999	61.354	0.271	0.320
12.0	1.775	0.03074	-0.121	0.006	0.472	0.871	0.999	57.732	0.275	0.318
13.0	1.817	0.03457	-0.122	0.004	0.505	0.841	0.999	52.563	0.282	0.317
14.0	1.842	0.03912	-0.123	0.003	0.540	0.805	0.999	47.100	0.302	0.317
15.0	1.851	0.04449	-0.124	0.002	0.582	0.765	0.999	41.601	2.290	0.317
16.0	1.843	0.05096	-0.125	0.002	0.636	0.722	0.999	36.165	0.223	0.318
17.0	1.819	0.05891	-0.125	0.002	0.703	0.674	0.999	30.883	0.243	0.319
18.0	1.783	0.06817	-0.125	0.002	0.779	0.627	0.999	26.152	0.250	0.320
19.0	1.734	0.07968	-0.125	0.002	0.854	0.576	0.999	21.761	0.257	0.322
20.0	1.674	0.09389	-0.124	0.001	0.906	0.522	0.999	17.832	0.260	0.324

Name = NACA 4415
Mach = 0; Re = 3630000; T.U. = 1.0; T.L. = 1.0
Surface Finish = 2; Stall model = 0; Transition model = 1; Aspect Ratio = 0; ground effect = 0
?	Cl	Cd	Cm 0.25	T.U.	T.L.	S.U.	S.L.	L/D	A.C.	C.P.
[°]	[-]	[-]	[-]	[-]	[-]	[-]	[-]	[-]	[-]	[-]
-20.0	-0.936	0.15426	-0.048	0.554	0.006	0.993	0.119	-6.064	-0.565	0.199
-19.0	-0.937	0.13831	-0.049	0.514	0.006	0.993	0.129	-6.775	1.048	0.198
-18.0	-0.932	0.12368	-0.051	0.482	0.006	0.993	0.143	-7.534	0.436	0.196
-17.0	-0.919	0.10921	-0.052	0.443	0.006	0.993	0.161	-8.413	0.365	0.193
-16.0	-0.898	0.09541	-0.055	0.414	0.006	0.993	0.184	-9.407	0.348	0.189
-15.0	-0.869	0.08098	-0.057	0.403	0.006	0.993	0.220	-10.729	0.339	0.184
-14.0	-0.832	0.06743	-0.060	0.386	0.006	0.993	0.266	-12.336	0.342	0.177
-13.0	-0.790	0.05263	-0.065	0.361	0.007	0.993	0.345	-15.001	0.388	0.168
-12.0	-0.753	0.03400	-0.071	0.351	0.007	0.993	0.526	-22.134	0.433	0.155
-11.0	-0.713	0.01980	-0.079	0.344	0.008	0.993	0.789	-36.009	0.352	0.140
-10.0	-0.641	0.01566	-0.083	0.309	0.009	0.992	0.941	-40.918	0.286	0.121
-9.0	-0.542	0.01411	-0.085	0.298	0.011	0.992	0.976	-38.419	0.268	0.094
-8.0	-0.434	0.00998	-0.086	0.272	0.015	0.992	0.986	-43.451	0.264	0.051
-7.0	-0.319	0.01045	-0.088	0.253	0.017	0.992	0.990	-30.531	0.264	-0.026
-6.0	-0.201	0.01023	-0.090	0.242	0.018	0.992	0.991	-19.641	0.264	-0.196
-5.0	-0.081	0.01013	-0.091	0.211	0.021	0.991	0.992	-7.955	0.264	-0.881
-4.0	0.041	0.00994	-0.093	0.201	0.027	0.992	0.994	4.143	0.264	2.506
-3.0	0.164	0.00998	-0.095	0.170	0.034	0.991	0.995	16.427	0.264	0.827
-2.0	0.287	0.01007	-0.096	0.159	0.040	0.991	0.996	28.499	0.265	0.586
-1.0	0.410	0.01102	-0.098	0.131	0.054	0.990	0.997	37.195	0.265	0.490
0.0	0.531	0.01001	-0.100	0.117	0.065	0.989	0.998	53.103	0.265	0.438
1.0	0.653	0.01015	-0.102	0.093	0.082	0.987	0.998	64.331	0.265	0.406
2.0	0.774	0.01050	-0.104	0.073	0.104	0.984	0.998	73.679	0.265	0.384
3.0	0.894	0.01510	-0.106	0.060	0.119	0.981	0.998	59.192	0.266	0.368
4.0	1.013	0.01605	-0.107	0.042	0.143	0.978	0.998	63.086	0.266	0.356
5.0	1.129	0.01718	-0.109	0.031	0.170	0.972	0.998	65.710	0.266	0.347
6.0	1.242	0.01838	-0.111	0.023	0.189	0.965	0.998	67.582	0.267	0.340
7.0	1.352	0.01976	-0.113	0.018	0.220	0.958	0.998	68.413	0.267	0.334
8.0	1.453	0.02144	-0.115	0.012	0.254	0.946	0.998	67.775	0.268	0.329
9.0	1.549	0.02321	-0.117	0.010	0.280	0.934	0.998	66.708	0.269	0.325
10.0	1.635	0.02522	-0.118	0.008	0.319	0.917	0.999	64.841	0.270	0.322
11.0	1.713	0.02736	-0.120	0.007	0.435	0.898	0.999	62.610	0.271	0.320
12.0	1.776	0.03035	-0.121	0.005	0.459	0.874	0.999	58.517	0.275	0.318
13.0	1.819	0.03398	-0.123	0.004	0.480	0.845	0.999	53.521	0.283	0.317
14.0	1.844	0.03840	-0.124	0.002	0.511	0.810	0.999	48.030	0.303	0.317
15.0	1.853	0.04354	-0.124	0.002	0.553	0.772	0.999	42.573	1.209	0.317
16.0	1.846	0.04977	-0.125	0.002	0.598	0.729	0.999	37.090	0.220	0.318
17.0	1.822	0.05762	-0.125	0.001	0.652	0.682	0.999	31.623	0.242	0.319
18.0	1.786	0.06646	-0.125	0.002	0.711	0.635	0.999	26.875	0.250	0.320
19.0	1.736	0.07796	-0.125	0.001	0.789	0.583	0.999	22.272	0.256	0.322
20.0	1.678	0.09128	-0.125	0.001	0.861	0.533	0.999	18.384	0.257	0.324

Name = NACA 4415
Mach = 0; Re = 4030000; T.U. = 1.0; T.L. = 1.0
Surface Finish = 2; Stall model = 0; Transition model = 1; Aspect Ratio = 0; ground effect = 0
?	Cl	Cd	Cm 0.25	T.U.	T.L.	S.U.	S.L.	L/D	A.C.	C.P.
[°]	[-]	[-]	[-]	[-]	[-]	[-]	[-]	[-]	[-]	[-]
-20.0	-0.936	0.15228	-0.048	0.521	0.006	0.993	0.122	-6.149	-0.556	0.199
-19.0	-0.938	0.13663	-0.049	0.503	0.006	0.993	0.133	-6.865	1.125	0.197
-18.0	-0.933	0.12173	-0.051	0.455	0.006	0.993	0.148	-7.664	0.444	0.195
-17.0	-0.920	0.10774	-0.053	0.421	0.006	0.993	0.166	-8.539	0.369	0.193
-16.0	-0.899	0.09374	-0.055	0.406	0.006	0.993	0.191	-9.591	0.344	0.189
-15.0	-0.870	0.08018	-0.057	0.398	0.006	0.993	0.223	-10.846	0.341	0.184
-14.0	-0.834	0.06570	-0.061	0.367	0.006	0.993	0.277	-12.692	0.344	0.177
-13.0	-0.791	0.05156	-0.065	0.354	0.007	0.993	0.354	-15.344	0.395	0.168
-12.0	-0.757	0.03200	-0.072	0.347	0.007	0.993	0.553	-23.662	0.434	0.155
-11.0	-0.715	0.01925	-0.079	0.317	0.007	0.993	0.804	-37.147	0.343	0.140
-10.0	-0.641	0.01540	-0.083	0.302	0.009	0.993	0.945	-41.624	0.284	0.121
-9.0	-0.542	0.01391	-0.085	0.292	0.010	0.992	0.977	-38.960	0.267	0.094
-8.0	-0.434	0.00986	-0.086	0.259	0.014	0.992	0.987	-43.956	0.264	0.051
-7.0	-0.319	0.01035	-0.088	0.248	0.016	0.992	0.990	-30.822	0.264	-0.026
-6.0	-0.201	0.01006	-0.090	0.219	0.018	0.992	0.992	-19.968	0.264	-0.196
-5.0	-0.081	0.00990	-0.091	0.205	0.020	0.992	0.993	-8.141	0.264	-0.882
-4.0	0.041	0.00986	-0.093	0.182	0.025	0.992	0.994	4.177	0.264	2.506
-3.0	0.164	0.00994	-0.095	0.164	0.033	0.991	0.995	16.494	0.264	0.827
-2.0	0.287	0.00997	-0.096	0.143	0.039	0.991	0.997	28.800	0.265	0.586
-1.0	0.410	0.01089	-0.098	0.125	0.052	0.991	0.997	37.638	0.265	0.490
0.0	0.531	0.00990	-0.100	0.103	0.061	0.990	0.998	53.701	0.265	0.438
1.0	0.653	0.01006	-0.102	0.089	0.079	0.987	0.998	64.895	0.265	0.406
2.0	0.774	0.01035	-0.104	0.067	0.096	0.985	0.998	74.758	0.265	0.384
3.0	0.894	0.01072	-0.106	0.054	0.113	0.982	0.998	83.362	0.266	0.368
4.0	1.013	0.01586	-0.107	0.040	0.139	0.978	0.998	63.854	0.266	0.356
5.0	1.129	0.01698	-0.109	0.028	0.157	0.973	0.998	66.508	0.266	0.347
6.0	1.243	0.01812	-0.111	0.021	0.182	0.967	0.998	68.562	0.267	0.340
7.0	1.352	0.01951	-0.113	0.016	0.215	0.959	0.998	69.303	0.267	0.334
8.0	1.454	0.02114	-0.115	0.011	0.235	0.948	0.998	68.760	0.268	0.329
9.0	1.549	0.02284	-0.117	0.009	0.267	0.936	0.998	67.813	0.269	0.325
10.0	1.636	0.02479	-0.118	0.008	0.305	0.920	0.999	65.992	0.270	0.322
11.0	1.714	0.02700	-0.120	0.007	0.355	0.902	0.999	63.493	0.272	0.320
12.0	1.777	0.02993	-0.121	0.005	0.451	0.877	0.999	59.375	0.275	0.318
13.0	1.820	0.03350	-0.123	0.003	0.465	0.848	0.999	54.328	0.284	0.317
14.0	1.846	0.03770	-0.124	0.002	0.495	0.815	0.999	48.971	0.305	0.317
15.0	1.856	0.04261	-0.125	0.002	0.520	0.778	0.999	43.550	0.858	0.317
16.0	1.849	0.04868	-0.125	0.002	0.562	0.736	0.999	37.977	0.217	0.318
17.0	1.825	0.05629	-0.126	0.001	0.609	0.689	0.999	32.424	0.242	0.319
18.0	1.788	0.06526	-0.126	0.001	0.662	0.641	0.999	27.403	0.249	0.320
19.0	1.740	0.07609	-0.126	0.001	0.723	0.592	0.999	22.864	0.255	0.322
20.0	1.680	0.08973	-0.125	0.001	0.799	0.538	0.999	18.724	0.258	0.324

Name = NACA 4415
Mach = 0; Re = 4430000; T.U. = 1.0; T.L. = 1.0
Surface Finish = 2; Stall model = 0; Transition model = 1; Aspect Ratio = 0; ground effect = 0
?	Cl	Cd	Cm 0.25	T.U.	T.L.	S.U.	S.L.	L/D	A.C.	C.P.
[°]	[-]	[-]	[-]	[-]	[-]	[-]	[-]	[-]	[-]	[-]
-20.0	-0.936	0.15330	-0.048	0.508	0.005	0.993	0.119	-6.103	-0.328	0.199
-19.0	-0.939	0.13552	-0.050	0.467	0.006	0.993	0.136	-6.928	2.456	0.197
-18.0	-0.934	0.12022	-0.051	0.433	0.006	0.993	0.153	-7.770	0.428	0.195
-17.0	-0.920	0.10715	-0.053	0.411	0.005	0.993	0.167	-8.589	0.370	0.193
-16.0	-0.900	0.09228	-0.055	0.401	0.006	0.993	0.197	-9.758	0.353	0.189
-15.0	-0.871	0.07866	-0.058	0.378	0.006	0.993	0.231	-11.076	0.343	0.184
-14.0	-0.836	0.06421	-0.061	0.358	0.006	0.993	0.287	-13.016	0.350	0.177
-13.0	-0.795	0.04943	-0.066	0.349	0.007	0.993	0.373	-16.075	0.404	0.167
-12.0	-0.762	0.03017	-0.073	0.332	0.007	0.993	0.580	-25.238	0.430	0.154
-11.0	-0.718	0.01852	-0.079	0.306	0.007	0.993	0.825	-38.772	0.334	0.140
-10.0	-0.641	0.01517	-0.083	0.296	0.008	0.993	0.948	-42.271	0.281	0.121
-9.0	-0.542	0.01375	-0.085	0.268	0.010	0.993	0.977	-39.420	0.267	0.094
-8.0	-0.434	0.00980	-0.086	0.252	0.012	0.992	0.987	-44.234	0.264	0.051
-7.0	-0.319	0.01024	-0.088	0.238	0.016	0.992	0.991	-31.170	0.264	-0.026
-6.0	-0.201	0.01002	-0.090	0.210	0.018	0.992	0.992	-20.049	0.264	-0.196
-5.0	-0.081	0.00986	-0.091	0.201	0.020	0.992	0.993	-8.173	0.264	-0.882
-4.0	0.041	0.00978	-0.093	0.171	0.023	0.992	0.994	4.211	0.264	2.506
-3.0	0.164	0.00973	-0.095	0.160	0.032	0.992	0.995	16.847	0.264	0.827
-2.0	0.287	0.00996	-0.096	0.133	0.038	0.991	0.997	28.827	0.265	0.586
-1.0	0.410	0.01075	-0.098	0.122	0.051	0.991	0.997	38.138	0.265	0.490
0.0	0.531	0.01100	-0.100	0.096	0.059	0.990	0.998	48.310	0.265	0.438
1.0	0.653	0.00994	-0.102	0.084	0.078	0.988	0.998	65.708	0.265	0.406
2.0	0.774	0.01023	-0.104	0.064	0.090	0.985	0.998	75.669	0.265	0.384
3.0	0.894	0.01065	-0.106	0.048	0.110	0.982	0.998	83.939	0.266	0.368
4.0	1.013	0.01561	-0.108	0.038	0.135	0.979	0.998	64.900	0.266	0.356
5.0	1.130	0.01679	-0.109	0.026	0.150	0.974	0.998	67.272	0.266	0.347
6.0	1.243	0.01789	-0.111	0.021	0.178	0.968	0.998	69.451	0.267	0.340
7.0	1.352	0.01925	-0.113	0.014	0.200	0.960	0.998	70.230	0.267	0.334
8.0	1.454	0.02084	-0.115	0.010	0.226	0.949	0.998	69.795	0.268	0.329
9.0	1.550	0.02250	-0.117	0.008	0.260	0.938	0.998	68.880	0.269	0.325
10.0	1.637	0.02439	-0.118	0.008	0.288	0.922	0.999	67.117	0.270	0.322
11.0	1.715	0.02655	-0.120	0.007	0.323	0.905	0.999	64.597	0.271	0.320
12.0	1.778	0.02960	-0.121	0.004	0.415	0.880	0.999	60.058	0.275	0.318
13.0	1.821	0.03297	-0.123	0.003	0.455	0.852	0.999	55.244	0.284	0.317
14.0	1.848	0.03699	-0.124	0.002	0.472	0.819	0.999	49.964	0.305	0.317
15.0	1.858	0.04192	-0.125	0.002	0.505	0.782	0.999	44.316	0.857	0.317
16.0	1.850	0.04785	-0.125	0.001	0.538	0.741	0.999	38.673	0.213	0.318
17.0	1.828	0.05507	-0.126	0.001	0.575	0.696	0.999	33.192	0.239	0.319
18.0	1.791	0.06383	-0.126	0.001	0.622	0.649	0.999	28.063	0.248	0.320
19.0	1.743	0.07441	-0.126	0.001	0.676	0.600	0.999	23.420	0.254	0.322
20.0	1.683	0.08779	-0.126	0.001	0.743	0.547	0.999	19.174	0.257	0.325

Name = NACA 4415
Mach = 0; Re = 4830000; T.U. = 1.0; T.L. = 1.0
Surface Finish = 2; Stall model = 0; Transition model = 1; Aspect Ratio = 0; ground effect = 0
?	Cl	Cd	Cm 0.25	T.U.	T.L.	S.U.	S.L.	L/D	A.C.	C.P.
[°]	[-]	[-]	[-]	[-]	[-]	[-]	[-]	[-]	[-]	[-]
-20.0	-0.933	0.15774	-0.047	0.492	0.003	0.993	0.109	-5.917	-0.215	0.200
-19.0	-0.940	0.13390	-0.050	0.453	0.006	0.993	0.140	-7.017	-2.491	0.197
-18.0	-0.935	0.11881	-0.052	0.417	0.006	0.993	0.157	-7.870	0.429	0.195
-17.0	-0.921	0.10598	-0.053	0.405	0.005	0.993	0.172	-8.692	0.370	0.192
-16.0	-0.901	0.09089	-0.056	0.397	0.006	0.993	0.202	-9.918	0.355	0.188
-15.0	-0.873	0.07734	-0.058	0.364	0.006	0.993	0.238	-11.283	0.339	0.183
-14.0	-0.836	0.06370	-0.061	0.352	0.006	0.993	0.290	-13.129	0.356	0.177
-13.0	-0.798	0.04756	-0.066	0.346	0.007	0.993	0.390	-16.772	0.407	0.167
-12.0	-0.763	0.02954	-0.073	0.314	0.007	0.993	0.589	-25.831	0.420	0.154
-11.0	-0.719	0.01816	-0.079	0.300	0.007	0.993	0.834	-39.620	0.332	0.140
-10.0	-0.642	0.01502	-0.083	0.290	0.008	0.993	0.950	-42.731	0.280	0.121
-9.0	-0.542	0.01362	-0.085	0.258	0.009	0.993	0.978	-39.793	0.267	0.094
-8.0	-0.434	0.00972	-0.086	0.248	0.011	0.992	0.987	-44.612	0.264	0.051
-7.0	-0.319	0.01014	-0.088	0.219	0.016	0.992	0.991	-31.458	0.264	-0.026
-6.0	-0.201	0.00992	-0.090	0.205	0.017	0.992	0.992	-20.253	0.264	-0.196
-5.0	-0.081	0.00976	-0.091	0.186	0.019	0.992	0.993	-8.262	0.264	-0.882
-4.0	0.041	0.00976	-0.093	0.165	0.022	0.992	0.994	4.222	0.264	2.506
-3.0	0.164	0.00971	-0.095	0.152	0.032	0.992	0.995	16.879	0.264	0.827
-2.0	0.287	0.00989	-0.096	0.127	0.036	0.991	0.997	29.028	0.265	0.586
-1.0	0.410	0.01067	-0.098	0.113	0.048	0.991	0.997	38.432	0.265	0.490
0.0	0.531	0.01090	-0.100	0.093	0.057	0.990	0.998	48.739	0.265	0.438
1.0	0.653	0.00989	-0.102	0.074	0.076	0.988	0.998	66.046	0.265	0.406
2.0	0.774	0.01015	-0.104	0.061	0.086	0.986	0.998	76.255	0.265	0.384
3.0	0.894	0.01052	-0.106	0.044	0.108	0.983	0.998	85.004	0.266	0.368
4.0	1.013	0.01545	-0.108	0.037	0.125	0.980	0.998	65.593	0.266	0.356
5.0	1.130	0.01662	-0.109	0.024	0.146	0.975	0.998	67.979	0.266	0.347
6.0	1.243	0.01764	-0.111	0.020	0.175	0.969	0.998	70.483	0.267	0.340
7.0	1.352	0.01906	-0.113	0.013	0.190	0.961	0.998	70.964	0.267	0.334
8.0	1.455	0.02059	-0.115	0.010	0.220	0.951	0.998	70.664	0.268	0.329
9.0	1.550	0.02218	-0.117	0.008	0.249	0.940	0.998	69.892	0.269	0.325
10.0	1.638	0.02408	-0.118	0.007	0.273	0.924	0.999	68.008	0.270	0.322
11.0	1.716	0.02620	-0.120	0.006	0.310	0.907	0.999	65.508	0.272	0.320
12.0	1.779	0.02930	-0.121	0.003	0.366	0.882	0.999	60.721	0.276	0.318
13.0	1.822	0.03247	-0.123	0.003	0.450	0.855	0.999	56.121	0.285	0.317
14.0	1.850	0.03649	-0.124	0.002	0.462	0.823	0.999	50.685	0.306	0.317
15.0	1.860	0.04117	-0.125	0.002	0.487	0.788	0.999	45.166	0.758	0.317
16.0	1.853	0.04695	-0.126	0.001	0.514	0.746	0.999	39.460	0.212	0.318
17.0	1.830	0.05421	-0.126	0.001	0.556	0.701	0.999	33.754	0.238	0.319
18.0	1.794	0.06254	-0.126	0.001	0.600	0.655	0.999	28.681	0.248	0.320
19.0	1.744	0.07338	-0.126	0.001	0.644	0.604	0.999	23.771	0.254	0.322
20.0	1.686	0.08591	-0.126	0.001	0.701	0.553	0.999	19.622	0.255	0.325

Name = NACA 4415
Mach = 0; Re = 5230000; T.U. = 1.0; T.L. = 1.0
Surface Finish = 2; Stall model = 0; Transition model = 1; Aspect Ratio = 0; ground effect = 0
?	Cl	Cd	Cm 0.25	T.U.	T.L.	S.U.	S.L.	L/D	A.C.	C.P.
[°]	[-]	[-]	[-]	[-]	[-]	[-]	[-]	[-]	[-]	[-]
-20.0	-0.932	0.15964	-0.047	0.465	0.003	0.993	0.105	-5.841	-0.227	0.200
-19.0	-0.939	0.13540	-0.050	0.432	0.005	0.993	0.136	-6.933	-1.309	0.197
-18.0	-0.936	0.11752	-0.052	0.410	0.006	0.993	0.161	-7.963	0.480	0.195
-17.0	-0.922	0.10477	-0.053	0.401	0.005	0.993	0.175	-8.801	0.363	0.192
-16.0	-0.902	0.09067	-0.056	0.377	0.005	0.993	0.203	-9.944	0.358	0.188
-15.0	-0.874	0.07612	-0.059	0.357	0.006	0.993	0.245	-11.482	0.345	0.183
-14.0	-0.838	0.06247	-0.062	0.348	0.006	0.993	0.297	-13.412	0.364	0.176
-13.0	-0.801	0.04557	-0.067	0.332	0.007	0.993	0.410	-17.584	0.415	0.167
-12.0	-0.767	0.02813	-0.073	0.305	0.007	0.993	0.610	-27.256	0.412	0.154
-11.0	-0.722	0.01763	-0.080	0.296	0.007	0.993	0.848	-40.921	0.326	0.139
-10.0	-0.642	0.01482	-0.083	0.268	0.008	0.993	0.954	-43.331	0.278	0.121
-9.0	-0.542	0.01346	-0.085	0.252	0.009	0.993	0.979	-40.291	0.266	0.094
-8.0	-0.434	0.00964	-0.086	0.245	0.011	0.993	0.987	-44.970	0.264	0.051
-7.0	-0.319	0.01008	-0.088	0.211	0.016	0.992	0.991	-31.672	0.264	-0.026
-6.0	-0.201	0.00983	-0.090	0.202	0.017	0.992	0.992	-20.445	0.264	-0.196
-5.0	-0.081	0.00968	-0.091	0.174	0.019	0.992	0.993	-8.326	0.264	-0.882
-4.0	0.041	0.00963	-0.093	0.162	0.021	0.992	0.994	4.276	0.264	2.506
-3.0	0.164	0.00967	-0.095	0.138	0.032	0.992	0.996	16.956	0.264	0.827
-2.0	0.287	0.00970	-0.096	0.124	0.035	0.991	0.997	29.592	0.265	0.586
-1.0	0.410	0.01066	-0.098	0.103	0.045	0.991	0.997	38.469	0.265	0.490
0.0	0.532	0.01078	-0.100	0.090	0.056	0.990	0.998	49.301	0.265	0.438
1.0	0.653	0.00984	-0.102	0.069	0.071	0.989	0.998	66.353	0.265	0.406
2.0	0.774	0.01002	-0.104	0.060	0.084	0.986	0.998	77.233	0.265	0.384
3.0	0.894	0.01042	-0.106	0.042	0.106	0.983	0.998	85.824	0.266	0.368
4.0	1.013	0.01538	-0.108	0.034	0.119	0.980	0.998	65.876	0.266	0.356
5.0	1.130	0.01640	-0.109	0.023	0.142	0.976	0.998	68.888	0.266	0.347
6.0	1.243	0.01744	-0.111	0.020	0.164	0.970	0.998	71.288	0.267	0.340
7.0	1.353	0.01889	-0.113	0.012	0.184	0.962	0.998	71.604	0.267	0.334
8.0	1.455	0.02035	-0.115	0.009	0.216	0.952	0.998	71.503	0.268	0.329
9.0	1.551	0.02192	-0.117	0.008	0.235	0.941	0.998	70.758	0.269	0.325
10.0	1.639	0.02375	-0.119	0.007	0.265	0.927	0.999	68.976	0.270	0.322
11.0	1.717	0.02606	-0.120	0.005	0.303	0.909	0.999	65.874	0.272	0.320
12.0	1.780	0.02904	-0.122	0.003	0.335	0.885	0.999	61.287	0.276	0.318
13.0	1.824	0.03209	-0.123	0.002	0.417	0.858	0.999	56.836	0.285	0.317
14.0	1.851	0.03598	-0.124	0.002	0.455	0.827	0.999	51.435	0.306	0.317
15.0	1.861	0.04064	-0.125	0.001	0.470	0.791	0.999	45.792	0.658	0.317
16.0	1.855	0.04618	-0.126	0.001	0.503	0.752	0.999	40.165	0.208	0.318
17.0	1.832	0.05324	-0.126	0.001	0.531	0.707	0.999	34.414	0.237	0.319
18.0	1.796	0.06140	-0.127	0.001	0.568	0.662	0.999	29.255	0.247	0.320
19.0	1.747	0.07202	-0.126	0.001	0.613	0.611	0.999	24.255	0.253	0.322
20.0	1.688	0.08433	-0.126	0.001	0.663	0.561	0.999	20.022	0.254	0.325

Name = NACA 4415
Mach = 0; Re = 5630000; T.U. = 1.0; T.L. = 1.0
Surface Finish = 2; Stall model = 0; Transition model = 1; Aspect Ratio = 0; ground effect = 0
?	Cl	Cd	Cm 0.25	T.U.	T.L.	S.U.	S.L.	L/D	A.C.	C.P.
[°]	[-]	[-]	[-]	[-]	[-]	[-]	[-]	[-]	[-]	[-]
-20.0	-0.932	0.16090	-0.046	0.453	0.002	0.993	0.103	-5.792	-0.271	0.200
-19.0	-0.937	0.13854	-0.049	0.418	0.004	0.993	0.128	-6.762	-0.952	0.198
-18.0	-0.937	0.11642	-0.052	0.404	0.006	0.993	0.164	-8.046	0.593	0.194
-17.0	-0.923	0.10354	-0.054	0.398	0.005	0.993	0.180	-8.915	0.364	0.192
-16.0	-0.903	0.08958	-0.056	0.364	0.005	0.993	0.208	-10.076	0.358	0.188
-15.0	-0.875	0.07504	-0.059	0.352	0.006	0.993	0.250	-11.662	0.348	0.183
-14.0	-0.839	0.06127	-0.062	0.346	0.006	0.993	0.305	-13.699	0.362	0.176
-13.0	-0.802	0.04504	-0.067	0.315	0.006	0.993	0.415	-17.813	0.421	0.166
-12.0	-0.770	0.02690	-0.074	0.301	0.007	0.993	0.630	-28.621	0.415	0.154
-11.0	-0.724	0.01721	-0.080	0.293	0.007	0.993	0.861	-42.041	0.321	0.139
-10.0	-0.643	0.01467	-0.083	0.259	0.008	0.993	0.957	-43.803	0.277	0.121
-9.0	-0.542	0.01333	-0.085	0.249	0.008	0.993	0.979	-40.682	0.266	0.094
-8.0	-0.434	0.00957	-0.086	0.224	0.010	0.993	0.988	-45.312	0.264	0.051
-7.0	-0.319	0.00999	-0.088	0.206	0.016	0.992	0.991	-31.940	0.264	-0.026
-6.0	-0.201	0.00966	-0.090	0.199	0.017	0.992	0.992	-20.807	0.264	-0.196
-5.0	-0.081	0.00967	-0.091	0.168	0.018	0.992	0.993	-8.340	0.264	-0.882
-4.0	0.041	0.00953	-0.093	0.159	0.021	0.992	0.994	4.323	0.264	2.506
-3.0	0.164	0.00957	-0.095	0.132	0.030	0.992	0.996	17.123	0.264	0.827
-2.0	0.287	0.00967	-0.096	0.122	0.035	0.991	0.997	29.695	0.264	0.586
-1.0	0.410	0.01050	-0.098	0.097	0.042	0.991	0.997	39.020	0.265	0.490
0.0	0.532	0.01069	-0.100	0.088	0.055	0.990	0.998	49.724	0.265	0.438
1.0	0.653	0.00974	-0.102	0.066	0.067	0.989	0.998	67.062	0.265	0.406
2.0	0.774	0.01000	-0.104	0.056	0.082	0.986	0.998	77.421	0.265	0.384
3.0	0.894	0.01038	-0.106	0.041	0.104	0.983	0.998	86.184	0.266	0.368
4.0	1.013	0.01522	-0.108	0.030	0.114	0.980	0.998	66.565	0.266	0.356
5.0	1.130	0.01624	-0.109	0.022	0.140	0.977	0.998	69.578	0.266	0.347
6.0	1.244	0.01727	-0.111	0.019	0.156	0.971	0.998	72.003	0.267	0.340
7.0	1.353	0.01868	-0.113	0.011	0.180	0.963	0.998	72.450	0.267	0.334
8.0	1.456	0.02011	-0.115	0.009	0.209	0.954	0.998	72.382	0.268	0.329
9.0	1.551	0.02167	-0.117	0.008	0.227	0.943	0.998	71.602	0.269	0.325
10.0	1.639	0.02349	-0.119	0.007	0.260	0.928	0.999	69.782	0.270	0.322
11.0	1.717	0.02585	-0.120	0.005	0.287	0.911	0.999	66.436	0.272	0.320
12.0	1.781	0.02869	-0.122	0.003	0.318	0.887	0.999	62.063	0.276	0.318
13.0	1.825	0.03173	-0.123	0.002	0.383	0.861	0.999	57.509	0.285	0.317
14.0	1.852	0.03548	-0.124	0.002	0.450	0.831	0.999	52.199	0.307	0.317
15.0	1.863	0.04000	-0.125	0.001	0.461	0.795	0.999	46.569	0.691	0.317
16.0	1.856	0.04561	-0.126	0.001	0.486	0.755	0.999	40.698	0.206	0.318
17.0	1.834	0.05235	-0.126	0.001	0.513	0.712	0.999	35.037	0.237	0.319
18.0	1.798	0.06071	-0.127	0.001	0.554	0.665	0.999	29.608	0.247	0.320
19.0	1.749	0.07069	-0.127	0.001	0.592	0.616	0.999	24.743	0.252	0.322
20.0	1.691	0.08278	-0.126	0.001	0.633	0.567	0.999	20.424	0.254	0.325

Name = NACA 4415
Mach = 0; Re = 6030000; T.U. = 1.0; T.L. = 1.0
Surface Finish = 2; Stall model = 0; Transition model = 1; Aspect Ratio = 0; ground effect = 0
?	Cl	Cd	Cm 0.25	T.U.	T.L.	S.U.	S.L.	L/D	A.C.	C.P.
[°]	[-]	[-]	[-]	[-]	[-]	[-]	[-]	[-]	[-]	[-]
-20.0	-0.932	0.16065	-0.046	0.438	0.002	0.993	0.103	-5.801	-0.314	0.200
-19.0	-0.936	0.14010	-0.049	0.411	0.003	0.993	0.124	-6.680	-0.835	0.198
-18.0	-0.937	0.11535	-0.052	0.401	0.006	0.993	0.167	-8.126	0.697	0.194
-17.0	-0.924	0.10241	-0.054	0.382	0.005	0.993	0.184	-9.023	0.364	0.192
-16.0	-0.903	0.08859	-0.056	0.358	0.005	0.993	0.211	-10.198	0.351	0.188
-15.0	-0.875	0.07491	-0.059	0.349	0.005	0.993	0.250	-11.682	0.352	0.183
-14.0	-0.841	0.06003	-0.062	0.340	0.006	0.993	0.314	-14.011	0.377	0.176
-13.0	-0.806	0.04315	-0.068	0.307	0.006	0.993	0.435	-18.676	0.426	0.166
-12.0	-0.773	0.02578	-0.074	0.297	0.007	0.993	0.649	-29.991	0.402	0.154
-11.0	-0.724	0.01705	-0.080	0.274	0.006	0.993	0.865	-42.474	0.316	0.139
-10.0	-0.643	0.01452	-0.083	0.254	0.007	0.993	0.958	-44.263	0.276	0.121
-9.0	-0.542	0.01316	-0.085	0.246	0.008	0.993	0.980	-41.200	0.266	0.094
-8.0	-0.434	0.00957	-0.086	0.214	0.009	0.993	0.988	-45.327	0.264	0.051
-7.0	-0.319	0.00987	-0.088	0.203	0.015	0.992	0.991	-32.345	0.264	-0.026
-6.0	-0.201	0.00968	-0.090	0.181	0.017	0.992	0.992	-20.751	0.264	-0.196
-5.0	-0.081	0.00953	-0.091	0.164	0.018	0.992	0.993	-8.458	0.264	-0.882
-4.0	0.041	0.00952	-0.093	0.152	0.020	0.992	0.994	4.327	0.264	2.506
-3.0	0.164	0.00948	-0.095	0.127	0.028	0.992	0.996	17.287	0.264	0.827
-2.0	0.287	0.00956	-0.096	0.120	0.034	0.992	0.997	30.031	0.264	0.586
-1.0	0.410	0.01045	-0.098	0.094	0.040	0.991	0.997	39.223	0.265	0.490
0.0	0.532	0.01059	-0.100	0.083	0.054	0.990	0.998	50.180	0.265	0.438
1.0	0.653	0.00968	-0.102	0.064	0.064	0.990	0.998	67.501	0.265	0.406
2.0	0.774	0.00991	-0.104	0.050	0.080	0.987	0.998	78.121	0.265	0.384
3.0	0.894	0.01026	-0.106	0.039	0.097	0.984	0.998	87.159	0.266	0.368
4.0	1.013	0.01510	-0.108	0.028	0.112	0.981	0.998	67.100	0.266	0.356
5.0	1.130	0.01605	-0.109	0.021	0.138	0.977	0.998	70.426	0.266	0.347
6.0	1.244	0.01715	-0.111	0.017	0.150	0.971	0.998	72.504	0.267	0.340
7.0	1.353	0.01851	-0.113	0.011	0.178	0.963	0.998	73.105	0.268	0.334
8.0	1.456	0.01989	-0.115	0.009	0.197	0.955	0.998	73.216	0.268	0.329
9.0	1.552	0.02143	-0.117	0.008	0.222	0.944	0.998	72.424	0.269	0.325
10.0	1.640	0.02320	-0.119	0.007	0.256	0.930	0.999	70.677	0.270	0.322
11.0	1.718	0.02565	-0.120	0.004	0.274	0.912	0.999	66.963	0.272	0.320
12.0	1.781	0.02842	-0.122	0.002	0.310	0.889	0.999	62.681	0.276	0.318
13.0	1.826	0.03136	-0.123	0.002	0.355	0.864	0.999	58.230	0.286	0.317
14.0	1.854	0.03501	-0.124	0.002	0.428	0.834	0.999	52.941	0.307	0.317
15.0	1.864	0.03944	-0.125	0.001	0.455	0.799	0.999	47.263	0.658	0.317
16.0	1.858	0.04496	-0.126	0.001	0.471	0.760	0.999	41.320	0.204	0.318
17.0	1.836	0.05151	-0.127	0.001	0.504	0.717	0.999	35.642	0.236	0.319
18.0	1.800	0.05974	-0.127	0.001	0.533	0.670	0.999	30.125	0.246	0.320
19.0	1.751	0.06953	-0.127	0.001	0.568	0.622	0.999	25.188	0.253	0.322
20.0	1.692	0.08207	-0.127	0.001	0.611	0.569	0.999	20.613	0.256	0.325

Name = NACA 4415
Mach = 0; Re = 6430000; T.U. = 1.0; T.L. = 1.0
Surface Finish = 2; Stall model = 0; Transition model = 1; Aspect Ratio = 0; ground effect = 0
?	Cl	Cd	Cm 0.25	T.U.	T.L.	S.U.	S.L.	L/D	A.C.	C.P.
[°]	[-]	[-]	[-]	[-]	[-]	[-]	[-]	[-]	[-]	[-]
-20.0	-0.932	0.16063	-0.046	0.422	0.002	0.993	0.103	-5.802	-0.349	0.200
-19.0	-0.935	0.14069	-0.048	0.406	0.002	0.993	0.121	-6.648	-1.942	0.198
-18.0	-0.934	0.11948	-0.051	0.399	0.004	0.993	0.153	-7.819	0.793	0.195
-17.0	-0.925	0.10131	-0.054	0.368	0.005	0.993	0.188	-9.128	0.419	0.191
-16.0	-0.904	0.08763	-0.056	0.354	0.005	0.993	0.216	-10.322	0.351	0.188
-15.0	-0.876	0.07397	-0.059	0.347	0.005	0.993	0.255	-11.844	0.354	0.183
-14.0	-0.843	0.05892	-0.063	0.320	0.006	0.993	0.322	-14.302	0.386	0.176
-13.0	-0.809	0.04149	-0.068	0.302	0.006	0.993	0.452	-19.501	0.431	0.166
-12.0	-0.776	0.02479	-0.075	0.295	0.007	0.993	0.667	-31.304	0.395	0.154
-11.0	-0.726	0.01674	-0.080	0.263	0.006	0.993	0.875	-43.345	0.312	0.139
-10.0	-0.643	0.01437	-0.083	0.250	0.007	0.993	0.960	-44.738	0.275	0.121
-9.0	-0.542	0.01313	-0.085	0.236	0.008	0.993	0.980	-41.300	0.266	0.094
-8.0	-0.434	0.00946	-0.086	0.209	0.009	0.993	0.989	-45.868	0.264	0.051
-7.0	-0.319	0.00986	-0.088	0.201	0.014	0.992	0.991	-32.379	0.263	-0.026
-6.0	-0.201	0.00959	-0.090	0.172	0.017	0.992	0.992	-20.946	0.264	-0.196
-5.0	-0.081	0.00941	-0.091	0.162	0.018	0.992	0.993	-8.568	0.264	-0.882
-4.0	0.041	0.00944	-0.093	0.139	0.020	0.992	0.995	4.364	0.264	2.506
-3.0	0.164	0.00947	-0.095	0.125	0.027	0.992	0.996	17.317	0.264	0.827
-2.0	0.287	0.00951	-0.096	0.107	0.033	0.992	0.997	30.200	0.264	0.586
-1.0	0.410	0.01042	-0.098	0.092	0.039	0.991	0.997	39.338	0.265	0.490
0.0	0.532	0.01054	-0.100	0.075	0.053	0.990	0.998	50.408	0.265	0.438
1.0	0.653	0.01080	-0.102	0.062	0.061	0.990	0.998	60.477	0.265	0.406
2.0	0.774	0.00985	-0.104	0.046	0.079	0.987	0.998	78.585	0.265	0.384
3.0	0.894	0.01018	-0.106	0.038	0.092	0.984	0.998	87.894	0.266	0.368
4.0	1.013	0.01499	-0.108	0.026	0.110	0.981	0.998	67.602	0.266	0.356
5.0	1.130	0.01587	-0.109	0.021	0.133	0.978	0.998	71.220	0.267	0.347
6.0	1.244	0.01700	-0.111	0.016	0.147	0.972	0.998	73.154	0.267	0.340
7.0	1.353	0.01833	-0.113	0.010	0.175	0.965	0.998	73.820	0.268	0.334
8.0	1.456	0.01972	-0.115	0.008	0.189	0.956	0.998	73.834	0.268	0.329
9.0	1.552	0.02122	-0.117	0.008	0.219	0.945	0.998	73.135	0.269	0.325
10.0	1.640	0.02297	-0.119	0.007	0.242	0.932	0.999	71.400	0.270	0.322
11.0	1.718	0.02544	-0.120	0.004	0.267	0.913	0.999	67.547	0.272	0.320
12.0	1.782	0.02812	-0.122	0.002	0.304	0.891	0.999	63.381	0.277	0.318
13.0	1.827	0.03103	-0.123	0.002	0.335	0.866	0.999	58.860	0.286	0.317
14.0	1.854	0.03469	-0.124	0.001	0.403	0.836	0.999	53.453	0.307	0.317
15.0	1.865	0.03906	-0.125	0.001	0.451	0.802	0.999	47.752	0.618	0.317
16.0	1.859	0.04432	-0.126	0.001	0.462	0.763	0.999	41.956	0.203	0.318
17.0	1.837	0.05106	-0.127	0.001	0.493	0.720	0.999	35.982	0.235	0.319
18.0	1.801	0.05881	-0.127	0.001	0.516	0.675	0.999	30.632	0.245	0.321
19.0	1.753	0.06844	-0.127	0.001	0.556	0.627	0.999	25.615	0.252	0.323
20.0	1.694	0.08072	-0.127	0.001	0.594	0.575	0.999	20.981	0.255	0.325


