Name = NACA 4418
Mach = 0; Re = 30000; T.U. = 1.0; T.L. = 1.0
Surface Finish = 2; Stall model = 0; Transition model = 1; Aspect Ratio = 0; ground effect = 0
?	Cl	Cd	Cm 0.25	T.U.	T.L.	S.U.	S.L.	L/D	A.C.	C.P.
[°]	[-]	[-]	[-]	[-]	[-]	[-]	[-]	[-]	[-]	[-]
-20.0	-1.096	0.31906	-0.031	0.904	0.014	0.948	0.023	-3.436	0.282	0.222
-19.0	-1.077	0.28344	-0.032	0.894	0.016	0.945	0.024	-3.800	0.280	0.221
-18.0	-1.050	0.25290	-0.032	0.885	0.017	0.942	0.025	-4.151	0.278	0.219
-17.0	-1.014	0.22383	-0.033	0.877	0.018	0.939	0.026	-4.531	0.275	0.217
-16.0	-0.970	0.20028	-0.034	0.865	0.019	0.936	0.028	-4.844	0.272	0.214
-15.0	-0.918	0.17891	-0.036	0.853	0.020	0.932	0.030	-5.130	0.271	0.211
-14.0	-0.857	0.15931	-0.037	0.841	0.021	0.927	0.032	-5.380	0.271	0.207
-13.0	-0.789	0.14000	-0.038	0.825	0.023	0.923	0.036	-5.637	0.273	0.202
-12.0	-0.715	0.12436	-0.040	0.809	0.025	0.918	0.041	-5.747	0.274	0.194
-11.0	-0.633	0.10999	-0.042	0.791	0.028	0.914	0.047	-5.757	0.273	0.184
-10.0	-0.546	0.09794	-0.044	0.769	0.033	0.910	0.053	-5.572	0.276	0.169
-9.0	-0.455	0.08705	-0.047	0.748	0.038	0.905	0.064	-5.228	0.280	0.147
-8.0	-0.361	0.07769	-0.050	0.721	0.044	0.901	0.077	-4.649	0.289	0.113
-7.0	-0.265	0.06895	-0.054	0.693	0.052	0.896	0.108	-3.848	0.299	0.046
-6.0	-0.167	0.06141	-0.059	0.663	0.067	0.891	0.150	-2.713	0.310	-0.104
-5.0	-0.065	0.05366	-0.066	0.626	0.084	0.888	0.236	-1.213	0.360	-0.765
-4.0	0.045	0.03972	-0.082	0.586	0.105	0.885	0.635	1.124	0.355	2.094
-3.0	0.171	0.03587	-0.091	0.541	0.137	0.883	0.927	4.775	0.295	0.780
-2.0	0.298	0.03570	-0.094	0.488	0.177	0.882	0.963	8.333	0.270	0.565
-1.0	0.423	0.03595	-0.096	0.442	0.229	0.875	0.977	11.768	0.267	0.477
0.0	0.533	0.03733	-0.098	0.423	0.293	0.847	0.980	14.288	0.263	0.433
1.0	0.649	0.03846	-0.099	0.407	0.571	0.813	0.969	16.887	0.260	0.402
2.0	0.762	0.04033	-0.100	0.390	0.664	0.771	0.968	18.903	0.260	0.381
3.0	0.872	0.04279	-0.101	0.369	0.764	0.728	0.962	20.381	0.258	0.366
4.0	0.977	0.04588	-0.102	0.351	0.832	0.678	0.959	21.300	0.259	0.354
5.0	1.082	0.04949	-0.103	0.326	0.871	0.642	0.960	21.865	0.262	0.345
6.0	1.185	0.05370	-0.104	0.298	0.895	0.613	0.962	22.072	0.265	0.338
7.0	1.287	0.05855	-0.106	0.265	0.912	0.592	0.965	21.978	0.267	0.332
8.0	1.385	0.06418	-0.108	0.228	0.927	0.576	0.968	21.584	0.269	0.328
9.0	1.481	0.07058	-0.110	0.184	0.937	0.566	0.973	20.982	0.272	0.324
10.0	1.573	0.07798	-0.112	0.131	0.944	0.559	0.976	20.171	0.272	0.321
11.0	1.653	0.08672	-0.113	0.079	0.952	0.543	0.978	19.063	0.264	0.319
12.0	1.713	0.09846	-0.114	0.051	0.959	0.495	0.980	17.403	0.244	0.316
13.0	1.758	0.11333	-0.113	0.034	0.962	0.431	0.982	15.514	0.118	0.314
14.0	1.765	0.13702	-0.107	0.028	0.966	0.298	0.984	12.879	1.338	0.311
15.0	1.737	0.16997	-0.090	0.023	0.971	0.113	0.986	10.220	2.871	0.302
16.0	1.755	0.19413	-0.081	0.019	0.976	0.061	0.989	9.040	-0.032	0.296
17.0	1.779	0.21824	-0.078	0.016	0.978	0.046	0.992	8.151	0.053	0.294
18.0	1.786	0.24454	-0.075	0.014	0.980	0.034	0.997	7.305	-0.427	0.292
19.0	1.785	0.27152	-0.074	0.012	0.982	0.030	0.997	6.573	0.355	0.291
20.0	1.773	0.30435	-0.073	0.011	0.985	0.026	0.998	5.826	0.305	0.291

Name = NACA 4418
Mach = 0; Re = 430000; T.U. = 1.0; T.L. = 1.0
Surface Finish = 2; Stall model = 0; Transition model = 1; Aspect Ratio = 0; ground effect = 0
?	Cl	Cd	Cm 0.25	T.U.	T.L.	S.U.	S.L.	L/D	A.C.	C.P.
[°]	[-]	[-]	[-]	[-]	[-]	[-]	[-]	[-]	[-]	[-]
-20.0	-1.118	0.17968	-0.042	0.823	0.011	0.990	0.103	-6.222	0.339	0.212
-19.0	-1.101	0.16074	-0.044	0.806	0.012	0.990	0.113	-6.850	0.337	0.210
-18.0	-1.077	0.14097	-0.046	0.786	0.013	0.990	0.131	-7.643	0.319	0.207
-17.0	-1.045	0.12443	-0.048	0.764	0.016	0.990	0.147	-8.395	0.307	0.204
-16.0	-1.004	0.10870	-0.050	0.741	0.017	0.990	0.169	-9.238	0.305	0.200
-15.0	-0.956	0.09390	-0.053	0.716	0.018	0.990	0.198	-10.181	0.304	0.195
-14.0	-0.901	0.07985	-0.056	0.687	0.019	0.990	0.237	-11.280	0.305	0.188
-13.0	-0.839	0.06626	-0.059	0.661	0.020	0.990	0.290	-12.663	0.312	0.180
-12.0	-0.774	0.05217	-0.063	0.626	0.022	0.990	0.375	-14.829	0.332	0.168
-11.0	-0.710	0.03609	-0.070	0.594	0.025	0.989	0.539	-19.681	0.337	0.152
-10.0	-0.636	0.02540	-0.075	0.559	0.028	0.989	0.722	-25.033	0.313	0.131
-9.0	-0.545	0.02018	-0.080	0.518	0.033	0.987	0.871	-27.025	0.288	0.103
-8.0	-0.437	0.01803	-0.083	0.468	0.038	0.986	0.936	-24.241	0.274	0.060
-7.0	-0.320	0.01675	-0.085	0.432	0.044	0.985	0.962	-19.131	0.269	-0.016
-6.0	-0.200	0.01555	-0.088	0.414	0.052	0.984	0.976	-12.846	0.268	-0.188
-5.0	-0.077	0.01776	-0.090	0.401	0.064	0.982	0.981	-4.309	0.267	-0.921
-4.0	0.048	0.01446	-0.092	0.381	0.077	0.980	0.985	3.321	0.267	2.160
-3.0	0.173	0.01533	-0.094	0.362	0.095	0.979	0.989	11.312	0.267	0.792
-2.0	0.299	0.01546	-0.096	0.349	0.118	0.977	0.990	19.349	0.267	0.571
-1.0	0.424	0.01587	-0.098	0.325	0.144	0.974	0.991	26.733	0.268	0.482
0.0	0.547	0.01639	-0.100	0.303	0.173	0.970	0.992	33.360	0.268	0.434
1.0	0.670	0.01713	-0.103	0.280	0.206	0.965	0.993	39.116	0.268	0.403
2.0	0.792	0.01798	-0.105	0.254	0.244	0.960	0.994	44.069	0.269	0.383
3.0	0.913	0.01909	-0.107	0.227	0.288	0.953	0.995	47.857	0.269	0.367
4.0	1.033	0.02005	-0.109	0.201	0.465	0.944	0.997	51.528	0.269	0.356
5.0	1.150	0.02229	-0.112	0.170	0.505	0.934	0.997	51.604	0.269	0.347
6.0	1.264	0.02426	-0.114	0.140	0.551	0.919	0.998	52.109	0.269	0.340
7.0	1.374	0.02663	-0.116	0.110	0.608	0.903	0.998	51.603	0.269	0.334
8.0	1.478	0.02948	-0.118	0.082	0.685	0.882	0.998	50.128	0.269	0.330
9.0	1.576	0.03269	-0.120	0.060	0.767	0.858	0.998	48.207	0.269	0.326
10.0	1.667	0.03633	-0.121	0.046	0.832	0.832	0.998	45.887	0.269	0.323
11.0	1.747	0.04063	-0.123	0.034	0.871	0.801	0.998	42.999	0.270	0.320
12.0	1.818	0.04548	-0.124	0.027	0.894	0.769	0.998	39.972	0.271	0.318
13.0	1.879	0.05111	-0.126	0.022	0.911	0.735	0.997	36.760	0.272	0.317
14.0	1.929	0.05780	-0.127	0.019	0.927	0.698	0.997	33.372	0.273	0.316
15.0	1.967	0.06576	-0.128	0.015	0.937	0.658	0.997	29.918	0.275	0.315
16.0	1.995	0.07501	-0.129	0.013	0.946	0.617	0.997	26.598	0.280	0.314
17.0	2.012	0.08568	-0.129	0.011	0.956	0.577	0.997	23.488	0.324	0.314
18.0	2.009	0.09796	-0.130	0.010	0.961	0.536	0.997	20.505	0.220	0.315
19.0	1.991	0.11204	-0.130	0.009	0.966	0.496	0.998	17.772	0.243	0.315
20.0	1.963	0.12772	-0.130	0.008	0.973	0.457	0.998	15.368	0.246	0.316

Name = NACA 4418
Mach = 0; Re = 830000; T.U. = 1.0; T.L. = 1.0
Surface Finish = 2; Stall model = 0; Transition model = 1; Aspect Ratio = 0; ground effect = 0
?	Cl	Cd	Cm 0.25	T.U.	T.L.	S.U.	S.L.	L/D	A.C.	C.P.
[°]	[-]	[-]	[-]	[-]	[-]	[-]	[-]	[-]	[-]	[-]
-20.0	-1.126	0.16302	-0.044	0.764	0.009	0.991	0.132	-6.906	0.351	0.211
-19.0	-1.110	0.14515	-0.046	0.740	0.010	0.991	0.146	-7.646	0.348	0.208
-18.0	-1.087	0.12673	-0.048	0.716	0.011	0.991	0.169	-8.581	0.329	0.206
-17.0	-1.056	0.11100	-0.050	0.687	0.012	0.991	0.192	-9.514	0.315	0.202
-16.0	-1.017	0.09534	-0.053	0.662	0.013	0.991	0.223	-10.669	0.314	0.198
-15.0	-0.971	0.07999	-0.056	0.628	0.016	0.991	0.266	-12.144	0.310	0.193
-14.0	-0.917	0.06648	-0.059	0.600	0.017	0.990	0.316	-13.800	0.313	0.186
-13.0	-0.859	0.05268	-0.063	0.565	0.018	0.990	0.394	-16.313	0.331	0.177
-12.0	-0.803	0.03755	-0.068	0.527	0.020	0.990	0.538	-21.371	0.333	0.165
-11.0	-0.734	0.02705	-0.073	0.487	0.021	0.990	0.690	-27.137	0.313	0.150
-10.0	-0.651	0.02111	-0.078	0.439	0.024	0.990	0.836	-30.850	0.292	0.131
-9.0	-0.551	0.01773	-0.081	0.418	0.027	0.989	0.919	-31.057	0.277	0.103
-8.0	-0.439	0.01601	-0.083	0.404	0.033	0.988	0.957	-27.426	0.270	0.060
-7.0	-0.321	0.01491	-0.086	0.389	0.037	0.987	0.972	-21.533	0.268	-0.016
-6.0	-0.200	0.01394	-0.088	0.366	0.043	0.986	0.980	-14.337	0.267	-0.188
-5.0	-0.077	0.01018	-0.090	0.352	0.053	0.985	0.984	-7.520	0.267	-0.922
-4.0	0.048	0.01001	-0.092	0.339	0.062	0.983	0.989	4.801	0.267	2.161
-3.0	0.173	0.01405	-0.094	0.311	0.077	0.981	0.990	12.347	0.267	0.792
-2.0	0.299	0.01411	-0.096	0.295	0.094	0.980	0.991	21.210	0.268	0.571
-1.0	0.424	0.01455	-0.098	0.267	0.115	0.978	0.992	29.173	0.268	0.482
0.0	0.547	0.01510	-0.101	0.247	0.139	0.974	0.993	36.248	0.268	0.434
1.0	0.671	0.01591	-0.103	0.219	0.164	0.969	0.994	42.135	0.268	0.403
2.0	0.793	0.01668	-0.105	0.199	0.193	0.965	0.995	47.562	0.269	0.383
3.0	0.915	0.01784	-0.107	0.169	0.226	0.959	0.996	51.252	0.269	0.367
4.0	1.034	0.01916	-0.110	0.143	0.262	0.950	0.997	53.963	0.269	0.356
5.0	1.152	0.02116	-0.112	0.119	0.306	0.941	0.998	54.444	0.269	0.347
6.0	1.266	0.02264	-0.114	0.092	0.462	0.928	0.998	55.931	0.269	0.340
7.0	1.377	0.02482	-0.116	0.070	0.495	0.913	0.998	55.482	0.269	0.334
8.0	1.482	0.02725	-0.118	0.053	0.530	0.896	0.998	54.391	0.270	0.330
9.0	1.582	0.02987	-0.120	0.041	0.579	0.876	0.998	52.947	0.270	0.326
10.0	1.674	0.03295	-0.122	0.030	0.644	0.852	0.998	50.805	0.271	0.323
11.0	1.756	0.03638	-0.124	0.024	0.721	0.826	0.998	48.270	0.272	0.320
12.0	1.829	0.04026	-0.125	0.020	0.796	0.798	0.998	45.431	0.273	0.319
13.0	1.891	0.04505	-0.127	0.017	0.844	0.766	0.998	41.982	0.274	0.317
14.0	1.942	0.05095	-0.128	0.013	0.878	0.730	0.998	38.118	0.276	0.316
15.0	1.983	0.05766	-0.129	0.011	0.904	0.695	0.998	34.391	0.280	0.315
16.0	2.012	0.06539	-0.130	0.010	0.918	0.657	0.998	30.774	0.287	0.315
17.0	2.031	0.07450	-0.131	0.008	0.934	0.618	0.998	27.258	0.341	0.315
18.0	2.028	0.08476	-0.132	0.008	0.942	0.580	0.998	23.931	0.189	0.315
19.0	2.012	0.09668	-0.132	0.007	0.954	0.542	0.998	20.806	0.230	0.316
20.0	1.984	0.11008	-0.133	0.007	0.960	0.505	0.998	18.025	0.235	0.317

Name = NACA 4418
Mach = 0; Re = 1230000; T.U. = 1.0; T.L. = 1.0
Surface Finish = 2; Stall model = 0; Transition model = 1; Aspect Ratio = 0; ground effect = 0
?	Cl	Cd	Cm 0.25	T.U.	T.L.	S.U.	S.L.	L/D	A.C.	C.P.
[°]	[-]	[-]	[-]	[-]	[-]	[-]	[-]	[-]	[-]	[-]
-20.0	-1.130	0.15431	-0.045	0.714	0.008	0.991	0.148	-7.325	0.356	0.210
-19.0	-1.115	0.13763	-0.047	0.684	0.008	0.991	0.164	-8.099	0.345	0.208
-18.0	-1.092	0.12058	-0.049	0.661	0.009	0.991	0.186	-9.054	0.323	0.205
-17.0	-1.060	0.10582	-0.051	0.626	0.010	0.991	0.208	-10.018	0.315	0.202
-16.0	-1.022	0.09050	-0.054	0.599	0.011	0.991	0.242	-11.291	0.317	0.197
-15.0	-0.977	0.07503	-0.057	0.565	0.013	0.991	0.291	-13.022	0.322	0.192
-14.0	-0.928	0.05947	-0.060	0.529	0.016	0.991	0.363	-15.597	0.334	0.185
-13.0	-0.876	0.04415	-0.065	0.499	0.017	0.990	0.478	-19.837	0.336	0.176
-12.0	-0.816	0.03172	-0.070	0.445	0.019	0.990	0.616	-25.735	0.322	0.164
-11.0	-0.745	0.02347	-0.075	0.420	0.020	0.990	0.760	-31.735	0.303	0.150
-10.0	-0.657	0.01925	-0.078	0.406	0.021	0.990	0.876	-34.113	0.284	0.131
-9.0	-0.553	0.01712	-0.081	0.395	0.024	0.990	0.936	-32.274	0.273	0.103
-8.0	-0.440	0.01509	-0.084	0.368	0.028	0.990	0.962	-29.123	0.269	0.060
-7.0	-0.321	0.01392	-0.086	0.354	0.034	0.989	0.977	-23.086	0.267	-0.017
-6.0	-0.200	0.01314	-0.088	0.345	0.039	0.988	0.982	-15.214	0.267	-0.189
-5.0	-0.077	0.00968	-0.090	0.315	0.045	0.986	0.987	-7.915	0.267	-0.922
-4.0	0.048	0.01024	-0.092	0.299	0.056	0.985	0.990	4.694	0.267	2.162
-3.0	0.173	0.01019	-0.094	0.275	0.066	0.983	0.991	17.022	0.267	0.792
-2.0	0.299	0.01368	-0.096	0.254	0.082	0.981	0.992	21.873	0.267	0.571
-1.0	0.424	0.01402	-0.098	0.232	0.099	0.979	0.993	30.274	0.268	0.482
0.0	0.548	0.01457	-0.101	0.208	0.119	0.977	0.993	37.587	0.268	0.434
1.0	0.671	0.01532	-0.103	0.184	0.143	0.972	0.994	43.797	0.268	0.403
2.0	0.794	0.01620	-0.105	0.162	0.168	0.967	0.996	48.969	0.269	0.383
3.0	0.915	0.01725	-0.107	0.135	0.194	0.962	0.997	53.044	0.269	0.367
4.0	1.035	0.01899	-0.110	0.114	0.224	0.954	0.997	54.499	0.269	0.356
5.0	1.153	0.02042	-0.112	0.091	0.260	0.945	0.998	56.445	0.269	0.347
6.0	1.268	0.02207	-0.114	0.069	0.299	0.934	0.998	57.430	0.269	0.340
7.0	1.379	0.02387	-0.116	0.054	0.391	0.920	0.998	57.765	0.270	0.334
8.0	1.485	0.02592	-0.118	0.041	0.473	0.904	0.998	57.283	0.270	0.330
9.0	1.585	0.02835	-0.120	0.032	0.505	0.885	0.998	55.887	0.270	0.326
10.0	1.678	0.03115	-0.122	0.024	0.544	0.864	0.998	53.881	0.271	0.323
11.0	1.761	0.03421	-0.124	0.020	0.593	0.841	0.998	51.488	0.273	0.321
12.0	1.835	0.03779	-0.126	0.017	0.657	0.814	0.998	48.558	0.273	0.319
13.0	1.898	0.04230	-0.127	0.013	0.730	0.782	0.998	44.861	0.275	0.317
14.0	1.950	0.04758	-0.129	0.010	0.800	0.749	0.998	40.977	0.278	0.316
15.0	1.992	0.05343	-0.130	0.009	0.847	0.716	0.998	37.276	0.283	0.315
16.0	2.022	0.06037	-0.131	0.008	0.881	0.680	0.998	33.495	0.290	0.315
17.0	2.041	0.06858	-0.132	0.007	0.906	0.643	0.998	29.764	0.347	0.315
18.0	2.039	0.07803	-0.133	0.007	0.922	0.605	0.998	26.133	0.177	0.315
19.0	2.023	0.08907	-0.133	0.006	0.936	0.567	0.998	22.709	0.231	0.316
20.0	1.993	0.10278	-0.134	0.005	0.945	0.526	0.999	19.394	0.241	0.317

Name = NACA 4418
Mach = 0; Re = 1630000; T.U. = 1.0; T.L. = 1.0
Surface Finish = 2; Stall model = 0; Transition model = 1; Aspect Ratio = 0; ground effect = 0
?	Cl	Cd	Cm 0.25	T.U.	T.L.	S.U.	S.L.	L/D	A.C.	C.P.
[°]	[-]	[-]	[-]	[-]	[-]	[-]	[-]	[-]	[-]	[-]
-20.0	-1.133	0.14899	-0.046	0.668	0.008	0.992	0.159	-7.606	0.350	0.209
-19.0	-1.117	0.13260	-0.048	0.638	0.008	0.992	0.174	-8.427	0.349	0.207
-18.0	-1.096	0.11579	-0.050	0.613	0.009	0.992	0.200	-9.462	0.327	0.204
-17.0	-1.064	0.10151	-0.052	0.576	0.009	0.991	0.223	-10.480	0.312	0.201
-16.0	-1.025	0.08707	-0.054	0.553	0.010	0.991	0.256	-11.773	0.312	0.197
-15.0	-0.979	0.07299	-0.057	0.513	0.011	0.991	0.300	-13.415	0.322	0.192
-14.0	-0.931	0.05703	-0.061	0.470	0.013	0.991	0.381	-16.330	0.351	0.184
-13.0	-0.886	0.03939	-0.067	0.432	0.017	0.991	0.528	-22.484	0.344	0.175
-12.0	-0.825	0.02842	-0.071	0.412	0.018	0.991	0.663	-29.014	0.316	0.164
-11.0	-0.751	0.02150	-0.075	0.401	0.019	0.990	0.800	-34.942	0.297	0.150
-10.0	-0.659	0.01820	-0.079	0.381	0.020	0.990	0.896	-36.233	0.280	0.131
-9.0	-0.554	0.01642	-0.081	0.361	0.022	0.990	0.944	-33.721	0.272	0.103
-8.0	-0.440	0.01515	-0.084	0.350	0.025	0.990	0.966	-29.034	0.269	0.060
-7.0	-0.321	0.01340	-0.086	0.333	0.032	0.990	0.978	-23.993	0.267	-0.017
-6.0	-0.200	0.00955	-0.088	0.308	0.036	0.989	0.983	-20.945	0.267	-0.189
-5.0	-0.077	0.00937	-0.090	0.295	0.040	0.987	0.988	-8.180	0.267	-0.922
-4.0	0.048	0.00997	-0.092	0.266	0.050	0.986	0.990	4.822	0.267	2.162
-3.0	0.174	0.00991	-0.094	0.250	0.059	0.984	0.991	17.515	0.267	0.792
-2.0	0.299	0.01336	-0.096	0.225	0.073	0.982	0.992	22.399	0.267	0.572
-1.0	0.424	0.01374	-0.098	0.205	0.088	0.980	0.993	30.894	0.268	0.482
0.0	0.548	0.01429	-0.101	0.180	0.108	0.977	0.994	38.326	0.268	0.434
1.0	0.671	0.01496	-0.103	0.161	0.127	0.974	0.995	44.862	0.268	0.403
2.0	0.794	0.01585	-0.105	0.135	0.150	0.968	0.996	50.093	0.269	0.383
3.0	0.915	0.01677	-0.108	0.118	0.177	0.964	0.997	54.601	0.269	0.367
4.0	1.036	0.01857	-0.110	0.093	0.201	0.957	0.997	55.780	0.269	0.356
5.0	1.153	0.01994	-0.112	0.073	0.230	0.947	0.998	57.849	0.269	0.347
6.0	1.269	0.02138	-0.114	0.059	0.265	0.938	0.998	59.340	0.269	0.340
7.0	1.380	0.02322	-0.116	0.043	0.304	0.924	0.998	59.439	0.270	0.334
8.0	1.486	0.02503	-0.119	0.035	0.381	0.910	0.998	59.377	0.270	0.330
9.0	1.587	0.02733	-0.121	0.026	0.465	0.892	0.998	58.061	0.271	0.326
10.0	1.681	0.02988	-0.123	0.021	0.496	0.872	0.998	56.254	0.272	0.323
11.0	1.765	0.03272	-0.124	0.018	0.526	0.850	0.998	53.928	0.273	0.321
12.0	1.838	0.03641	-0.126	0.013	0.570	0.823	0.998	50.489	0.274	0.319
13.0	1.902	0.04056	-0.128	0.011	0.625	0.794	0.998	46.901	0.276	0.317
14.0	1.955	0.04535	-0.129	0.009	0.693	0.762	0.998	43.119	0.279	0.316
15.0	1.998	0.05067	-0.131	0.008	0.762	0.730	0.998	39.422	0.284	0.315
16.0	2.029	0.05720	-0.132	0.007	0.825	0.695	0.998	35.468	0.292	0.315
17.0	2.048	0.06472	-0.133	0.007	0.869	0.659	0.998	31.652	0.351	0.315
18.0	2.047	0.07366	-0.134	0.006	0.895	0.622	0.998	27.789	0.182	0.315
19.0	2.029	0.08487	-0.134	0.005	0.913	0.581	0.998	23.904	0.238	0.316
20.0	1.997	0.09916	-0.134	0.003	0.933	0.535	0.999	20.143	0.247	0.317

Name = NACA 4418
Mach = 0; Re = 2030000; T.U. = 1.0; T.L. = 1.0
Surface Finish = 2; Stall model = 0; Transition model = 1; Aspect Ratio = 0; ground effect = 0
?	Cl	Cd	Cm 0.25	T.U.	T.L.	S.U.	S.L.	L/D	A.C.	C.P.
[°]	[-]	[-]	[-]	[-]	[-]	[-]	[-]	[-]	[-]	[-]
-20.0	-1.136	0.14486	-0.047	0.627	0.007	0.992	0.168	-7.840	0.355	0.209
-19.0	-1.120	0.12920	-0.048	0.605	0.008	0.992	0.184	-8.669	0.345	0.207
-18.0	-1.098	0.11300	-0.050	0.569	0.008	0.992	0.208	-9.713	0.325	0.204
-17.0	-1.066	0.09864	-0.052	0.538	0.008	0.991	0.233	-10.810	0.316	0.201
-16.0	-1.028	0.08408	-0.055	0.508	0.009	0.991	0.269	-12.230	0.315	0.197
-15.0	-0.983	0.07005	-0.058	0.462	0.010	0.991	0.317	-14.032	0.321	0.191
-14.0	-0.934	0.05511	-0.061	0.427	0.011	0.991	0.394	-16.949	0.345	0.184
-13.0	-0.887	0.03832	-0.067	0.410	0.014	0.991	0.537	-23.156	0.350	0.175
-12.0	-0.831	0.02618	-0.072	0.400	0.017	0.991	0.698	-31.738	0.320	0.164
-11.0	-0.756	0.02014	-0.076	0.377	0.018	0.991	0.829	-37.513	0.292	0.150
-10.0	-0.661	0.01745	-0.079	0.358	0.019	0.990	0.910	-37.883	0.278	0.130
-9.0	-0.554	0.01581	-0.081	0.348	0.021	0.990	0.950	-35.058	0.271	0.103
-8.0	-0.440	0.01476	-0.084	0.327	0.022	0.990	0.968	-29.820	0.268	0.060
-7.0	-0.322	0.01310	-0.086	0.306	0.028	0.990	0.979	-24.543	0.267	-0.017
-6.0	-0.200	0.00929	-0.088	0.294	0.034	0.989	0.985	-21.535	0.267	-0.189
-5.0	-0.077	0.00919	-0.090	0.264	0.038	0.988	0.989	-8.337	0.267	-0.922
-4.0	0.048	0.00974	-0.092	0.249	0.045	0.986	0.990	4.935	0.267	2.162
-3.0	0.174	0.00972	-0.094	0.224	0.056	0.985	0.991	17.850	0.267	0.792
-2.0	0.299	0.00970	-0.096	0.205	0.066	0.983	0.992	30.865	0.267	0.572
-1.0	0.425	0.01348	-0.098	0.182	0.082	0.981	0.993	31.488	0.268	0.482
0.0	0.548	0.01400	-0.101	0.162	0.097	0.978	0.994	39.111	0.268	0.434
1.0	0.671	0.01475	-0.103	0.139	0.116	0.975	0.995	45.508	0.269	0.403
2.0	0.794	0.01548	-0.105	0.122	0.141	0.970	0.997	51.296	0.269	0.383
3.0	0.916	0.01712	-0.108	0.097	0.160	0.965	0.997	53.477	0.269	0.367
4.0	1.036	0.01814	-0.110	0.081	0.185	0.959	0.997	57.110	0.269	0.356
5.0	1.154	0.01945	-0.112	0.063	0.216	0.950	0.998	59.348	0.269	0.347
6.0	1.269	0.02092	-0.114	0.048	0.240	0.940	0.998	60.675	0.270	0.340
7.0	1.381	0.02259	-0.117	0.038	0.272	0.928	0.998	61.130	0.270	0.334
8.0	1.487	0.02452	-0.119	0.028	0.311	0.914	0.998	60.671	0.270	0.330
9.0	1.588	0.02648	-0.121	0.022	0.447	0.897	0.998	59.987	0.271	0.326
10.0	1.683	0.02884	-0.123	0.019	0.463	0.879	0.998	58.375	0.272	0.323
11.0	1.767	0.03178	-0.125	0.015	0.491	0.856	0.998	55.598	0.273	0.321
12.0	1.841	0.03524	-0.126	0.011	0.521	0.831	0.998	52.247	0.274	0.319
13.0	1.906	0.03915	-0.128	0.009	0.563	0.803	0.998	48.676	0.276	0.317
14.0	1.959	0.04365	-0.130	0.008	0.613	0.772	0.998	44.888	0.280	0.316
15.0	2.002	0.04871	-0.131	0.008	0.673	0.741	0.998	41.110	0.285	0.315
16.0	2.034	0.05476	-0.132	0.007	0.744	0.708	0.998	37.150	0.294	0.315
17.0	2.054	0.06210	-0.133	0.006	0.804	0.671	0.998	33.072	0.354	0.315
18.0	2.051	0.07121	-0.134	0.005	0.853	0.632	0.998	28.804	0.196	0.315
19.0	2.032	0.08285	-0.134	0.004	0.885	0.588	0.998	24.525	0.237	0.316
20.0	2.002	0.09585	-0.135	0.003	0.910	0.545	0.999	20.883	0.242	0.317

Name = NACA 4418
Mach = 0; Re = 2430000; T.U. = 1.0; T.L. = 1.0
Surface Finish = 2; Stall model = 0; Transition model = 1; Aspect Ratio = 0; ground effect = 0
?	Cl	Cd	Cm 0.25	T.U.	T.L.	S.U.	S.L.	L/D	A.C.	C.P.
[°]	[-]	[-]	[-]	[-]	[-]	[-]	[-]	[-]	[-]	[-]
-20.0	-1.137	0.14224	-0.047	0.598	0.007	0.992	0.173	-7.995	0.370	0.209
-19.0	-1.122	0.12601	-0.049	0.566	0.007	0.992	0.193	-8.907	0.351	0.207
-18.0	-1.100	0.10994	-0.051	0.534	0.008	0.992	0.217	-10.005	0.325	0.204
-17.0	-1.069	0.09617	-0.053	0.507	0.008	0.991	0.242	-11.113	0.314	0.201
-16.0	-1.030	0.08216	-0.055	0.462	0.008	0.991	0.278	-12.540	0.315	0.196
-15.0	-0.985	0.06812	-0.058	0.427	0.009	0.991	0.328	-14.467	0.323	0.191
-14.0	-0.937	0.05309	-0.062	0.410	0.010	0.991	0.410	-17.656	0.343	0.184
-13.0	-0.890	0.03707	-0.067	0.400	0.012	0.991	0.549	-23.997	0.349	0.175
-12.0	-0.834	0.02503	-0.072	0.376	0.016	0.991	0.717	-33.330	0.321	0.163
-11.0	-0.759	0.01922	-0.076	0.358	0.018	0.991	0.850	-39.488	0.291	0.149
-10.0	-0.662	0.01688	-0.079	0.348	0.019	0.990	0.919	-39.255	0.276	0.130
-9.0	-0.555	0.01541	-0.082	0.328	0.020	0.990	0.955	-36.005	0.270	0.103
-8.0	-0.440	0.01439	-0.084	0.306	0.021	0.990	0.972	-30.597	0.268	0.060
-7.0	-0.322	0.01357	-0.086	0.295	0.025	0.990	0.980	-23.694	0.267	-0.017
-6.0	-0.200	0.00919	-0.088	0.265	0.033	0.990	0.985	-21.771	0.267	-0.189
-5.0	-0.077	0.00978	-0.090	0.250	0.036	0.989	0.989	-7.839	0.267	-0.923
-4.0	0.048	0.00969	-0.092	0.227	0.042	0.987	0.990	4.960	0.267	2.162
-3.0	0.174	0.00953	-0.094	0.207	0.053	0.985	0.992	18.214	0.267	0.792
-2.0	0.299	0.00952	-0.096	0.189	0.061	0.984	0.993	31.427	0.268	0.572
-1.0	0.425	0.01327	-0.098	0.165	0.078	0.981	0.994	32.000	0.268	0.482
0.0	0.548	0.01378	-0.101	0.148	0.089	0.979	0.994	39.751	0.268	0.434
1.0	0.672	0.01449	-0.103	0.126	0.110	0.976	0.995	46.346	0.269	0.403
2.0	0.794	0.01530	-0.105	0.105	0.128	0.971	0.997	51.920	0.269	0.383
3.0	0.916	0.01677	-0.108	0.089	0.149	0.966	0.997	54.601	0.269	0.367
4.0	1.036	0.01786	-0.110	0.069	0.176	0.961	0.998	58.009	0.269	0.356
5.0	1.155	0.01901	-0.112	0.058	0.195	0.953	0.998	60.724	0.269	0.347
6.0	1.270	0.02049	-0.114	0.042	0.224	0.943	0.998	61.978	0.270	0.340
7.0	1.382	0.02199	-0.117	0.035	0.258	0.932	0.998	62.855	0.270	0.334
8.0	1.488	0.02398	-0.119	0.025	0.285	0.917	0.998	62.079	0.270	0.330
9.0	1.590	0.02591	-0.121	0.021	0.323	0.902	0.998	61.375	0.271	0.326
10.0	1.685	0.02800	-0.123	0.018	0.449	0.884	0.998	60.176	0.272	0.323
11.0	1.769	0.03102	-0.125	0.013	0.464	0.861	0.998	57.024	0.273	0.321
12.0	1.844	0.03427	-0.127	0.010	0.493	0.837	0.998	53.810	0.275	0.319
13.0	1.909	0.03798	-0.128	0.009	0.521	0.810	0.998	50.257	0.277	0.317
14.0	1.963	0.04234	-0.130	0.007	0.563	0.781	0.998	46.359	0.280	0.316
15.0	2.006	0.04715	-0.131	0.007	0.611	0.750	0.998	42.546	0.286	0.315
16.0	2.038	0.05288	-0.133	0.007	0.666	0.718	0.998	38.550	0.295	0.315
17.0	2.058	0.06009	-0.134	0.006	0.730	0.681	0.998	34.253	0.358	0.315
18.0	2.053	0.07002	-0.134	0.004	0.796	0.636	0.998	29.321	0.201	0.315
19.0	2.035	0.08077	-0.135	0.003	0.845	0.595	0.998	25.198	0.232	0.316
20.0	2.005	0.09332	-0.135	0.002	0.881	0.553	0.999	21.488	0.239	0.317

Name = NACA 4418
Mach = 0; Re = 2830000; T.U. = 1.0; T.L. = 1.0
Surface Finish = 2; Stall model = 0; Transition model = 1; Aspect Ratio = 0; ground effect = 0
?	Cl	Cd	Cm 0.25	T.U.	T.L.	S.U.	S.L.	L/D	A.C.	C.P.
[°]	[-]	[-]	[-]	[-]	[-]	[-]	[-]	[-]	[-]	[-]
-20.0	-1.139	0.13928	-0.047	0.566	0.007	0.992	0.180	-8.178	0.361	0.208
-19.0	-1.124	0.12393	-0.049	0.535	0.007	0.992	0.198	-9.068	0.351	0.206
-18.0	-1.102	0.10781	-0.051	0.508	0.008	0.992	0.224	-10.221	0.328	0.204
-17.0	-1.071	0.09374	-0.053	0.466	0.008	0.991	0.252	-11.425	0.317	0.200
-16.0	-1.033	0.07970	-0.056	0.431	0.008	0.991	0.290	-12.964	0.314	0.196
-15.0	-0.988	0.06619	-0.058	0.411	0.009	0.991	0.338	-14.925	0.327	0.191
-14.0	-0.942	0.05034	-0.063	0.401	0.010	0.991	0.433	-18.721	0.342	0.184
-13.0	-0.892	0.03603	-0.067	0.380	0.011	0.991	0.560	-24.745	0.338	0.175
-12.0	-0.834	0.02476	-0.072	0.359	0.013	0.991	0.718	-33.696	0.321	0.163
-11.0	-0.761	0.01853	-0.077	0.350	0.017	0.991	0.864	-41.080	0.292	0.149
-10.0	-0.663	0.01643	-0.079	0.335	0.018	0.991	0.927	-40.373	0.275	0.130
-9.0	-0.555	0.01509	-0.082	0.307	0.019	0.990	0.958	-36.785	0.270	0.103
-8.0	-0.440	0.01410	-0.084	0.296	0.020	0.990	0.973	-31.251	0.268	0.060
-7.0	-0.322	0.01339	-0.086	0.269	0.024	0.990	0.980	-24.016	0.267	-0.017
-6.0	-0.200	0.00985	-0.088	0.252	0.031	0.990	0.986	-20.316	0.267	-0.189
-5.0	-0.077	0.00956	-0.090	0.237	0.035	0.989	0.990	-8.021	0.267	-0.923
-4.0	0.048	0.00952	-0.092	0.210	0.039	0.987	0.991	5.053	0.267	2.163
-3.0	0.174	0.00928	-0.094	0.199	0.050	0.986	0.992	18.695	0.267	0.792
-2.0	0.299	0.00938	-0.096	0.170	0.058	0.984	0.993	31.897	0.267	0.572
-1.0	0.425	0.01302	-0.098	0.158	0.071	0.982	0.994	32.605	0.268	0.482
0.0	0.548	0.01362	-0.101	0.131	0.085	0.979	0.995	40.220	0.268	0.434
1.0	0.672	0.01415	-0.103	0.120	0.105	0.977	0.996	47.468	0.269	0.403
2.0	0.794	0.01572	-0.105	0.094	0.119	0.972	0.997	50.544	0.269	0.383
3.0	0.916	0.01656	-0.108	0.080	0.143	0.967	0.997	55.326	0.269	0.367
4.0	1.037	0.01757	-0.110	0.063	0.161	0.962	0.998	58.982	0.269	0.356
5.0	1.155	0.01879	-0.112	0.049	0.184	0.954	0.998	61.482	0.269	0.347
6.0	1.271	0.02008	-0.114	0.038	0.216	0.945	0.998	63.283	0.270	0.340
7.0	1.383	0.02170	-0.117	0.030	0.236	0.934	0.998	63.717	0.270	0.334
8.0	1.489	0.02348	-0.119	0.022	0.267	0.920	0.998	63.418	0.271	0.330
9.0	1.591	0.02535	-0.121	0.020	0.304	0.906	0.998	62.768	0.271	0.326
10.0	1.686	0.02770	-0.123	0.015	0.344	0.887	0.998	60.867	0.272	0.323
11.0	1.771	0.03035	-0.125	0.011	0.451	0.866	0.998	58.337	0.273	0.321
12.0	1.846	0.03344	-0.127	0.009	0.467	0.842	0.998	55.195	0.275	0.319
13.0	1.911	0.03700	-0.128	0.008	0.499	0.816	0.998	51.649	0.277	0.317
14.0	1.966	0.04116	-0.130	0.007	0.525	0.788	0.998	47.762	0.281	0.316
15.0	2.010	0.04585	-0.132	0.007	0.566	0.758	0.998	43.831	0.287	0.315
16.0	2.042	0.05134	-0.133	0.006	0.613	0.726	0.998	39.772	0.293	0.315
17.0	2.060	0.05941	-0.134	0.004	0.668	0.685	0.998	34.672	0.362	0.315
18.0	2.056	0.06865	-0.134	0.003	0.729	0.642	0.998	29.945	0.192	0.315
19.0	2.038	0.07895	-0.135	0.002	0.795	0.601	0.998	25.813	0.229	0.316
20.0	2.009	0.09104	-0.135	0.002	0.843	0.561	0.999	22.063	0.235	0.317

Name = NACA 4418
Mach = 0; Re = 3230000; T.U. = 1.0; T.L. = 1.0
Surface Finish = 2; Stall model = 0; Transition model = 1; Aspect Ratio = 0; ground effect = 0
?	Cl	Cd	Cm 0.25	T.U.	T.L.	S.U.	S.L.	L/D	A.C.	C.P.
[°]	[-]	[-]	[-]	[-]	[-]	[-]	[-]	[-]	[-]	[-]
-20.0	-1.140	0.13743	-0.048	0.543	0.006	0.992	0.184	-8.296	0.370	0.208
-19.0	-1.125	0.12149	-0.049	0.512	0.007	0.992	0.205	-9.264	0.352	0.206
-18.0	-1.103	0.10617	-0.051	0.475	0.007	0.992	0.230	-10.393	0.327	0.204
-17.0	-1.072	0.09226	-0.053	0.440	0.008	0.991	0.257	-11.624	0.317	0.200
-16.0	-1.035	0.07818	-0.056	0.414	0.008	0.991	0.296	-13.237	0.315	0.196
-15.0	-0.990	0.06465	-0.059	0.403	0.008	0.991	0.347	-15.310	0.329	0.191
-14.0	-0.945	0.04894	-0.063	0.390	0.009	0.991	0.445	-19.305	0.342	0.183
-13.0	-0.894	0.03495	-0.068	0.362	0.010	0.991	0.572	-25.580	0.334	0.174
-12.0	-0.835	0.02445	-0.072	0.351	0.012	0.991	0.721	-34.140	0.320	0.163
-11.0	-0.763	0.01795	-0.077	0.345	0.017	0.991	0.877	-42.520	0.292	0.149
-10.0	-0.664	0.01609	-0.079	0.311	0.018	0.991	0.933	-41.290	0.273	0.130
-9.0	-0.555	0.01477	-0.082	0.298	0.019	0.991	0.960	-37.603	0.269	0.103
-8.0	-0.441	0.01385	-0.084	0.279	0.020	0.990	0.975	-31.827	0.268	0.060
-7.0	-0.322	0.01311	-0.086	0.255	0.022	0.990	0.982	-24.543	0.267	-0.017
-6.0	-0.200	0.00973	-0.088	0.245	0.028	0.990	0.987	-20.583	0.267	-0.189
-5.0	-0.077	0.00953	-0.090	0.215	0.033	0.990	0.990	-8.041	0.267	-0.923
-4.0	0.048	0.00931	-0.092	0.202	0.037	0.988	0.991	5.164	0.267	2.163
-3.0	0.174	0.00933	-0.094	0.177	0.045	0.986	0.992	18.605	0.267	0.792
-2.0	0.299	0.00931	-0.096	0.161	0.056	0.985	0.993	32.155	0.268	0.572
-1.0	0.425	0.00944	-0.099	0.141	0.065	0.982	0.994	44.952	0.268	0.482
0.0	0.548	0.01344	-0.101	0.124	0.081	0.980	0.995	40.781	0.268	0.434
1.0	0.672	0.01412	-0.103	0.103	0.095	0.978	0.996	47.571	0.269	0.403
2.0	0.795	0.01549	-0.105	0.089	0.113	0.974	0.997	51.307	0.269	0.383
3.0	0.916	0.01636	-0.108	0.069	0.136	0.968	0.997	56.010	0.269	0.367
4.0	1.037	0.01727	-0.110	0.059	0.152	0.963	0.998	60.054	0.269	0.356
5.0	1.155	0.01852	-0.112	0.043	0.179	0.956	0.998	62.393	0.269	0.347
6.0	1.271	0.01972	-0.114	0.036	0.198	0.947	0.998	64.451	0.270	0.340
7.0	1.383	0.02135	-0.117	0.026	0.224	0.936	0.998	64.796	0.270	0.334
8.0	1.490	0.02302	-0.119	0.021	0.259	0.923	0.998	64.745	0.271	0.330
9.0	1.592	0.02485	-0.121	0.019	0.281	0.909	0.998	64.082	0.271	0.326
10.0	1.687	0.02730	-0.123	0.013	0.317	0.890	0.998	61.817	0.272	0.323
11.0	1.772	0.02983	-0.125	0.010	0.386	0.870	0.998	59.399	0.274	0.321
12.0	1.848	0.03271	-0.127	0.009	0.455	0.847	0.998	56.485	0.275	0.319
13.0	1.913	0.03615	-0.129	0.008	0.472	0.822	0.998	52.931	0.278	0.317
14.0	1.968	0.04014	-0.130	0.007	0.504	0.794	0.998	49.038	0.281	0.316
15.0	2.012	0.04460	-0.132	0.007	0.534	0.765	0.998	45.123	0.286	0.315
16.0	2.043	0.05084	-0.133	0.005	0.573	0.729	0.998	40.193	0.293	0.315
17.0	2.061	0.05857	-0.134	0.003	0.620	0.688	0.998	35.194	0.361	0.315
18.0	2.059	0.06723	-0.135	0.002	0.673	0.649	0.998	30.623	0.183	0.315
19.0	2.041	0.07732	-0.135	0.002	0.735	0.608	0.998	26.393	0.226	0.316
20.0	2.012	0.08884	-0.136	0.001	0.796	0.569	0.999	22.648	0.232	0.317

Name = NACA 4418
Mach = 0; Re = 3630000; T.U. = 1.0; T.L. = 1.0
Surface Finish = 2; Stall model = 0; Transition model = 1; Aspect Ratio = 0; ground effect = 0
?	Cl	Cd	Cm 0.25	T.U.	T.L.	S.U.	S.L.	L/D	A.C.	C.P.
[°]	[-]	[-]	[-]	[-]	[-]	[-]	[-]	[-]	[-]	[-]
-20.0	-1.142	0.13528	-0.048	0.516	0.006	0.992	0.190	-8.441	0.356	0.208
-19.0	-1.126	0.12031	-0.049	0.492	0.006	0.992	0.208	-9.363	0.352	0.206
-18.0	-1.105	0.10409	-0.052	0.452	0.007	0.992	0.237	-10.617	0.332	0.203
-17.0	-1.075	0.09015	-0.054	0.419	0.008	0.992	0.266	-11.921	0.315	0.200
-16.0	-1.036	0.07697	-0.056	0.406	0.008	0.991	0.302	-13.461	0.315	0.196
-15.0	-0.992	0.06309	-0.059	0.398	0.008	0.991	0.357	-15.724	0.332	0.190
-14.0	-0.948	0.04747	-0.063	0.367	0.008	0.991	0.457	-19.960	0.340	0.183
-13.0	-0.896	0.03415	-0.068	0.354	0.009	0.991	0.580	-26.227	0.331	0.174
-12.0	-0.836	0.02410	-0.072	0.346	0.010	0.991	0.725	-34.682	0.318	0.163
-11.0	-0.763	0.01787	-0.077	0.318	0.015	0.991	0.877	-42.707	0.292	0.149
-10.0	-0.665	0.01574	-0.080	0.301	0.018	0.991	0.937	-42.240	0.274	0.130
-9.0	-0.556	0.01454	-0.082	0.293	0.018	0.991	0.962	-38.212	0.269	0.103
-8.0	-0.441	0.01366	-0.084	0.260	0.019	0.990	0.976	-32.271	0.268	0.060
-7.0	-0.322	0.00972	-0.086	0.248	0.021	0.991	0.982	-33.099	0.267	-0.017
-6.0	-0.200	0.00962	-0.088	0.225	0.026	0.990	0.987	-20.809	0.267	-0.189
-5.0	-0.077	0.01019	-0.090	0.207	0.033	0.990	0.990	-7.525	0.267	-0.923
-4.0	0.048	0.00925	-0.092	0.195	0.036	0.988	0.991	5.198	0.267	2.163
-3.0	0.174	0.00917	-0.094	0.167	0.042	0.987	0.992	18.933	0.267	0.792
-2.0	0.299	0.00913	-0.096	0.157	0.054	0.985	0.993	32.798	0.268	0.572
-1.0	0.425	0.00931	-0.099	0.130	0.062	0.983	0.994	45.607	0.268	0.482
0.0	0.548	0.01320	-0.101	0.120	0.079	0.981	0.995	41.514	0.268	0.434
1.0	0.672	0.01395	-0.103	0.094	0.090	0.978	0.996	48.158	0.269	0.403
2.0	0.795	0.01522	-0.105	0.086	0.110	0.975	0.997	52.222	0.269	0.383
3.0	0.916	0.01612	-0.108	0.064	0.126	0.969	0.997	56.857	0.269	0.367
4.0	1.037	0.01709	-0.110	0.054	0.146	0.964	0.998	60.667	0.269	0.356
5.0	1.156	0.01828	-0.112	0.040	0.171	0.958	0.998	63.213	0.270	0.347
6.0	1.272	0.01943	-0.115	0.035	0.189	0.949	0.998	65.458	0.270	0.340
7.0	1.384	0.02103	-0.117	0.024	0.218	0.938	0.998	65.811	0.270	0.334
8.0	1.491	0.02263	-0.119	0.020	0.239	0.926	0.998	65.873	0.271	0.330
9.0	1.593	0.02439	-0.121	0.018	0.268	0.912	0.998	65.338	0.271	0.326
10.0	1.688	0.02689	-0.123	0.011	0.304	0.893	0.998	62.792	0.272	0.323
11.0	1.774	0.02937	-0.125	0.009	0.339	0.874	0.998	60.397	0.274	0.321
12.0	1.849	0.03210	-0.127	0.008	0.446	0.851	0.998	57.611	0.276	0.319
13.0	1.915	0.03541	-0.129	0.007	0.459	0.827	0.998	54.082	0.278	0.317
14.0	1.970	0.03934	-0.130	0.006	0.480	0.799	0.998	50.092	0.282	0.316
15.0	2.015	0.04366	-0.132	0.006	0.510	0.770	0.998	46.154	0.285	0.315
16.0	2.044	0.05039	-0.133	0.004	0.551	0.731	0.998	40.567	0.293	0.315
17.0	2.063	0.05764	-0.134	0.003	0.586	0.693	0.998	35.794	0.360	0.315
18.0	2.061	0.06597	-0.135	0.002	0.631	0.654	0.998	31.239	0.173	0.315
19.0	2.044	0.07569	-0.136	0.002	0.686	0.614	0.999	26.998	0.224	0.316
20.0	2.015	0.08700	-0.136	0.001	0.748	0.575	0.999	23.161	0.231	0.318

Name = NACA 4418
Mach = 0; Re = 4030000; T.U. = 1.0; T.L. = 1.0
Surface Finish = 2; Stall model = 0; Transition model = 1; Aspect Ratio = 0; ground effect = 0
?	Cl	Cd	Cm 0.25	T.U.	T.L.	S.U.	S.L.	L/D	A.C.	C.P.
[°]	[-]	[-]	[-]	[-]	[-]	[-]	[-]	[-]	[-]	[-]
-20.0	-1.143	0.13346	-0.048	0.505	0.006	0.992	0.194	-8.563	0.355	0.208
-19.0	-1.127	0.11872	-0.050	0.461	0.006	0.992	0.212	-9.497	0.356	0.206
-18.0	-1.107	0.10231	-0.052	0.428	0.007	0.992	0.243	-10.817	0.331	0.203
-17.0	-1.075	0.08927	-0.054	0.409	0.007	0.992	0.269	-12.047	0.316	0.200
-16.0	-1.038	0.07533	-0.056	0.401	0.008	0.992	0.310	-13.780	0.320	0.196
-15.0	-0.995	0.06143	-0.059	0.377	0.008	0.991	0.368	-16.190	0.336	0.190
-14.0	-0.951	0.04539	-0.064	0.357	0.008	0.991	0.476	-20.963	0.338	0.183
-13.0	-0.898	0.03325	-0.068	0.349	0.009	0.991	0.590	-26.996	0.326	0.174
-12.0	-0.837	0.02358	-0.073	0.332	0.010	0.991	0.733	-35.494	0.315	0.163
-11.0	-0.763	0.01781	-0.077	0.306	0.013	0.991	0.875	-42.830	0.291	0.149
-10.0	-0.665	0.01547	-0.080	0.296	0.017	0.991	0.941	-43.012	0.274	0.130
-9.0	-0.556	0.01433	-0.082	0.269	0.018	0.991	0.964	-38.777	0.269	0.103
-8.0	-0.441	0.01350	-0.084	0.252	0.019	0.990	0.977	-32.655	0.267	0.060
-7.0	-0.322	0.00957	-0.086	0.244	0.021	0.991	0.983	-33.620	0.267	-0.017
-6.0	-0.200	0.00954	-0.088	0.212	0.024	0.990	0.988	-20.992	0.267	-0.189
-5.0	-0.077	0.01013	-0.090	0.201	0.032	0.990	0.990	-7.566	0.267	-0.923
-4.0	0.048	0.00911	-0.092	0.175	0.036	0.989	0.991	5.279	0.267	2.163
-3.0	0.174	0.00911	-0.094	0.161	0.040	0.987	0.992	19.052	0.267	0.792
-2.0	0.299	0.00910	-0.096	0.141	0.053	0.986	0.993	32.894	0.268	0.572
-1.0	0.425	0.00915	-0.099	0.124	0.059	0.984	0.995	46.403	0.268	0.482
0.0	0.548	0.01320	-0.101	0.107	0.077	0.981	0.995	41.522	0.268	0.434
1.0	0.672	0.01374	-0.103	0.090	0.086	0.979	0.996	48.886	0.269	0.403
2.0	0.795	0.01516	-0.105	0.074	0.108	0.975	0.997	52.440	0.269	0.383
3.0	0.917	0.01595	-0.108	0.061	0.119	0.970	0.997	57.457	0.269	0.367
4.0	1.037	0.01694	-0.110	0.047	0.142	0.965	0.998	61.213	0.269	0.356
5.0	1.156	0.01803	-0.112	0.038	0.158	0.959	0.998	64.127	0.270	0.347
6.0	1.272	0.01924	-0.115	0.030	0.182	0.950	0.998	66.117	0.270	0.340
7.0	1.384	0.02070	-0.117	0.022	0.208	0.940	0.998	66.867	0.270	0.334
8.0	1.492	0.02230	-0.119	0.019	0.228	0.928	0.998	66.894	0.271	0.330
9.0	1.594	0.02409	-0.121	0.016	0.261	0.914	0.998	66.169	0.271	0.326
10.0	1.689	0.02652	-0.123	0.010	0.285	0.896	0.998	63.705	0.272	0.323
11.0	1.775	0.02890	-0.125	0.009	0.318	0.877	0.998	61.401	0.274	0.321
12.0	1.851	0.03162	-0.127	0.008	0.377	0.855	0.999	58.528	0.276	0.319
13.0	1.917	0.03477	-0.129	0.007	0.452	0.831	0.998	55.128	0.278	0.317
14.0	1.973	0.03855	-0.131	0.006	0.465	0.804	0.998	51.170	0.282	0.316
15.0	2.017	0.04311	-0.132	0.006	0.496	0.775	0.998	46.773	0.285	0.316
16.0	2.046	0.04976	-0.133	0.003	0.520	0.734	0.998	41.108	0.293	0.315
17.0	2.065	0.05670	-0.134	0.002	0.560	0.697	0.998	36.424	0.360	0.315
18.0	2.063	0.06473	-0.135	0.002	0.604	0.660	0.998	31.879	0.168	0.315
19.0	2.046	0.07427	-0.136	0.001	0.652	0.620	0.999	27.551	0.223	0.316
20.0	2.017	0.08542	-0.136	0.001	0.702	0.581	0.999	23.619	0.231	0.318

Name = NACA 4418
Mach = 0; Re = 4430000; T.U. = 1.0; T.L. = 1.0
Surface Finish = 2; Stall model = 0; Transition model = 1; Aspect Ratio = 0; ground effect = 0
?	Cl	Cd	Cm 0.25	T.U.	T.L.	S.U.	S.L.	L/D	A.C.	C.P.
[°]	[-]	[-]	[-]	[-]	[-]	[-]	[-]	[-]	[-]	[-]
-20.0	-1.144	0.13264	-0.048	0.476	0.006	0.992	0.197	-8.621	0.367	0.208
-19.0	-1.129	0.11721	-0.050	0.449	0.006	0.992	0.217	-9.631	0.357	0.206
-18.0	-1.108	0.10150	-0.052	0.415	0.007	0.992	0.246	-10.912	0.333	0.203
-17.0	-1.077	0.08764	-0.054	0.404	0.007	0.992	0.276	-12.292	0.317	0.200
-16.0	-1.039	0.07438	-0.057	0.397	0.007	0.992	0.315	-13.973	0.319	0.196
-15.0	-0.996	0.06027	-0.060	0.363	0.008	0.992	0.375	-16.529	0.337	0.190
-14.0	-0.953	0.04439	-0.064	0.351	0.008	0.991	0.485	-21.474	0.339	0.183
-13.0	-0.900	0.03220	-0.068	0.345	0.008	0.991	0.603	-27.955	0.325	0.174
-12.0	-0.839	0.02305	-0.073	0.313	0.009	0.991	0.743	-36.389	0.311	0.163
-11.0	-0.763	0.01775	-0.077	0.300	0.012	0.991	0.874	-42.972	0.290	0.149
-10.0	-0.666	0.01524	-0.080	0.290	0.017	0.991	0.944	-43.690	0.274	0.130
-9.0	-0.556	0.01415	-0.082	0.257	0.018	0.991	0.965	-39.291	0.269	0.103
-8.0	-0.441	0.01330	-0.084	0.247	0.018	0.991	0.977	-33.146	0.267	0.060
-7.0	-0.322	0.00961	-0.086	0.222	0.020	0.991	0.983	-33.489	0.267	-0.017
-6.0	-0.200	0.00939	-0.088	0.206	0.023	0.990	0.989	-21.338	0.267	-0.189
-5.0	-0.077	0.01001	-0.090	0.196	0.031	0.990	0.990	-7.660	0.267	-0.923
-4.0	0.048	0.00906	-0.092	0.167	0.035	0.989	0.991	5.308	0.267	2.163
-3.0	0.174	0.00904	-0.094	0.157	0.039	0.988	0.992	19.200	0.267	0.792
-2.0	0.299	0.00901	-0.096	0.131	0.051	0.986	0.994	33.241	0.268	0.572
-1.0	0.425	0.00908	-0.099	0.121	0.057	0.984	0.995	46.771	0.268	0.482
0.0	0.548	0.01307	-0.101	0.097	0.071	0.981	0.995	41.946	0.268	0.434
1.0	0.672	0.01360	-0.103	0.088	0.084	0.979	0.996	49.404	0.269	0.403
2.0	0.795	0.01506	-0.105	0.068	0.102	0.976	0.997	52.804	0.269	0.383
3.0	0.917	0.01578	-0.108	0.059	0.115	0.971	0.997	58.111	0.269	0.367
4.0	1.037	0.01675	-0.110	0.043	0.140	0.966	0.998	61.949	0.269	0.356
5.0	1.156	0.01777	-0.112	0.037	0.152	0.960	0.998	65.051	0.270	0.347
6.0	1.272	0.01904	-0.115	0.026	0.179	0.951	0.998	66.827	0.270	0.340
7.0	1.385	0.02046	-0.117	0.021	0.195	0.941	0.998	67.663	0.270	0.334
8.0	1.492	0.02196	-0.119	0.019	0.222	0.930	0.998	67.960	0.271	0.330
9.0	1.594	0.02389	-0.121	0.013	0.250	0.915	0.998	66.737	0.271	0.326
10.0	1.690	0.02613	-0.123	0.009	0.272	0.898	0.998	64.686	0.273	0.323
11.0	1.776	0.02843	-0.125	0.008	0.307	0.880	0.998	62.466	0.274	0.321
12.0	1.852	0.03114	-0.127	0.007	0.347	0.859	0.999	59.469	0.276	0.319
13.0	1.919	0.03414	-0.129	0.007	0.428	0.835	0.998	56.193	0.278	0.317
14.0	1.974	0.03791	-0.131	0.006	0.456	0.809	0.998	52.073	0.281	0.316
15.0	2.017	0.04286	-0.132	0.004	0.473	0.776	0.998	47.064	0.285	0.316
16.0	2.047	0.04919	-0.133	0.002	0.505	0.738	0.998	41.620	0.295	0.315
17.0	2.068	0.05583	-0.134	0.002	0.536	0.702	0.998	37.031	0.360	0.315
18.0	2.066	0.06366	-0.135	0.002	0.571	0.665	0.999	32.450	0.157	0.315
19.0	2.049	0.07273	-0.136	0.001	0.615	0.627	0.999	28.178	0.221	0.316
20.0	2.020	0.08364	-0.137	0.001	0.663	0.587	0.999	24.152	0.232	0.318

Name = NACA 4418
Mach = 0; Re = 4830000; T.U. = 1.0; T.L. = 1.0
Surface Finish = 2; Stall model = 0; Transition model = 1; Aspect Ratio = 0; ground effect = 0
?	Cl	Cd	Cm 0.25	T.U.	T.L.	S.U.	S.L.	L/D	A.C.	C.P.
[°]	[-]	[-]	[-]	[-]	[-]	[-]	[-]	[-]	[-]	[-]
-20.0	-1.145	0.13097	-0.048	0.458	0.006	0.992	0.200	-8.739	0.373	0.208
-19.0	-1.130	0.11553	-0.050	0.425	0.006	0.992	0.222	-9.783	0.357	0.206
-18.0	-1.109	0.10000	-0.052	0.408	0.007	0.992	0.250	-11.087	0.333	0.203
-17.0	-1.079	0.08621	-0.054	0.400	0.007	0.992	0.283	-12.514	0.319	0.200
-16.0	-1.041	0.07293	-0.057	0.373	0.007	0.992	0.322	-14.274	0.321	0.195
-15.0	-0.999	0.05874	-0.060	0.356	0.008	0.992	0.386	-17.001	0.339	0.190
-14.0	-0.956	0.04296	-0.064	0.347	0.008	0.992	0.498	-22.255	0.340	0.183
-13.0	-0.903	0.03105	-0.069	0.328	0.008	0.991	0.618	-29.085	0.323	0.174
-12.0	-0.840	0.02254	-0.073	0.304	0.009	0.991	0.752	-37.289	0.308	0.163
-11.0	-0.763	0.01749	-0.077	0.296	0.011	0.991	0.879	-43.655	0.289	0.149
-10.0	-0.666	0.01511	-0.080	0.267	0.016	0.991	0.945	-44.077	0.274	0.130
-9.0	-0.556	0.01397	-0.082	0.252	0.018	0.991	0.967	-39.826	0.268	0.103
-8.0	-0.441	0.01310	-0.084	0.244	0.018	0.991	0.978	-33.654	0.267	0.060
-7.0	-0.322	0.00949	-0.086	0.212	0.020	0.991	0.983	-33.904	0.267	-0.017
-6.0	-0.200	0.00930	-0.088	0.202	0.022	0.990	0.989	-21.533	0.267	-0.189
-5.0	-0.077	0.00995	-0.090	0.177	0.028	0.990	0.990	-7.703	0.267	-0.923
-4.0	0.048	0.00902	-0.092	0.162	0.035	0.989	0.991	5.329	0.267	2.163
-3.0	0.174	0.00890	-0.094	0.147	0.037	0.988	0.993	19.511	0.267	0.793
-2.0	0.299	0.00896	-0.096	0.126	0.047	0.986	0.994	33.411	0.268	0.572
-1.0	0.425	0.00901	-0.099	0.119	0.056	0.985	0.995	47.155	0.268	0.482
0.0	0.548	0.00923	-0.101	0.092	0.066	0.982	0.996	59.404	0.268	0.434
1.0	0.672	0.01340	-0.103	0.086	0.082	0.980	0.997	50.164	0.269	0.403
2.0	0.795	0.01487	-0.105	0.064	0.095	0.977	0.997	53.456	0.269	0.383
3.0	0.917	0.01555	-0.108	0.058	0.112	0.972	0.997	58.973	0.269	0.367
4.0	1.038	0.01656	-0.110	0.041	0.131	0.967	0.998	62.665	0.269	0.356
5.0	1.157	0.01754	-0.112	0.035	0.147	0.961	0.998	65.954	0.270	0.347
6.0	1.272	0.01885	-0.115	0.024	0.176	0.952	0.998	67.500	0.270	0.340
7.0	1.385	0.02019	-0.117	0.020	0.189	0.943	0.998	68.592	0.271	0.334
8.0	1.493	0.02164	-0.119	0.019	0.218	0.932	0.998	68.987	0.271	0.330
9.0	1.595	0.02364	-0.121	0.012	0.236	0.917	0.998	67.462	0.271	0.326
10.0	1.691	0.02582	-0.123	0.009	0.265	0.901	0.998	65.496	0.273	0.323
11.0	1.777	0.02807	-0.125	0.008	0.299	0.883	0.998	63.297	0.274	0.321
12.0	1.853	0.03066	-0.127	0.007	0.324	0.862	0.999	60.442	0.276	0.319
13.0	1.920	0.03371	-0.129	0.007	0.384	0.839	0.998	56.966	0.279	0.317
14.0	1.976	0.03726	-0.131	0.006	0.451	0.813	0.998	53.031	0.281	0.316
15.0	2.018	0.04257	-0.132	0.003	0.462	0.778	0.998	47.400	0.285	0.316
16.0	2.048	0.04857	-0.133	0.002	0.490	0.741	0.998	42.180	0.295	0.315
17.0	2.069	0.05509	-0.135	0.002	0.515	0.705	0.998	37.558	0.360	0.315
18.0	2.068	0.06270	-0.135	0.001	0.555	0.669	0.999	32.975	0.151	0.316
19.0	2.051	0.07160	-0.136	0.001	0.592	0.631	0.999	28.648	0.221	0.316
20.0	2.022	0.08249	-0.137	0.001	0.632	0.592	0.999	24.516	0.230	0.318

Name = NACA 4418
Mach = 0; Re = 5230000; T.U. = 1.0; T.L. = 1.0
Surface Finish = 2; Stall model = 0; Transition model = 1; Aspect Ratio = 0; ground effect = 0
?	Cl	Cd	Cm 0.25	T.U.	T.L.	S.U.	S.L.	L/D	A.C.	C.P.
[°]	[-]	[-]	[-]	[-]	[-]	[-]	[-]	[-]	[-]	[-]
-20.0	-1.146	0.12957	-0.049	0.449	0.006	0.992	0.204	-8.841	0.362	0.208
-19.0	-1.131	0.11492	-0.050	0.414	0.006	0.992	0.224	-9.839	0.359	0.206
-18.0	-1.110	0.09881	-0.052	0.403	0.007	0.992	0.255	-11.234	0.334	0.203
-17.0	-1.079	0.08548	-0.054	0.397	0.007	0.992	0.285	-12.628	0.320	0.200
-16.0	-1.043	0.07165	-0.057	0.362	0.007	0.992	0.329	-14.552	0.322	0.195
-15.0	-1.000	0.05798	-0.060	0.351	0.007	0.992	0.391	-17.245	0.338	0.190
-14.0	-0.957	0.04229	-0.065	0.345	0.008	0.992	0.504	-22.639	0.340	0.183
-13.0	-0.904	0.03048	-0.069	0.312	0.008	0.991	0.625	-29.679	0.322	0.174
-12.0	-0.841	0.02219	-0.073	0.300	0.008	0.991	0.757	-37.915	0.307	0.163
-11.0	-0.764	0.01733	-0.077	0.293	0.010	0.991	0.880	-44.058	0.288	0.149
-10.0	-0.666	0.01513	-0.080	0.258	0.014	0.991	0.944	-44.005	0.274	0.130
-9.0	-0.556	0.01379	-0.082	0.247	0.017	0.991	0.968	-40.353	0.269	0.103
-8.0	-0.441	0.01301	-0.084	0.225	0.018	0.991	0.978	-33.887	0.267	0.060
-7.0	-0.322	0.00941	-0.086	0.207	0.019	0.991	0.984	-34.205	0.267	-0.017
-6.0	-0.200	0.00926	-0.088	0.199	0.021	0.990	0.989	-21.630	0.267	-0.189
-5.0	-0.077	0.00994	-0.090	0.168	0.026	0.990	0.990	-7.715	0.267	-0.923
-4.0	0.048	0.00885	-0.092	0.159	0.034	0.990	0.991	5.437	0.267	2.164
-3.0	0.174	0.00891	-0.094	0.135	0.036	0.988	0.993	19.478	0.267	0.793
-2.0	0.299	0.00881	-0.096	0.123	0.044	0.987	0.994	33.992	0.268	0.572
-1.0	0.425	0.00895	-0.099	0.104	0.055	0.985	0.995	47.446	0.268	0.482
0.0	0.548	0.00913	-0.101	0.090	0.063	0.983	0.996	60.020	0.268	0.434
1.0	0.672	0.01340	-0.103	0.076	0.080	0.980	0.997	50.142	0.269	0.403
2.0	0.795	0.01471	-0.105	0.062	0.090	0.977	0.997	54.066	0.269	0.383
3.0	0.917	0.01545	-0.108	0.050	0.110	0.973	0.998	59.349	0.269	0.367
4.0	1.038	0.01637	-0.110	0.039	0.124	0.967	0.998	63.397	0.269	0.356
5.0	1.157	0.01730	-0.112	0.035	0.144	0.962	0.998	66.861	0.270	0.347
6.0	1.273	0.01866	-0.115	0.023	0.164	0.954	0.998	68.226	0.270	0.340
7.0	1.385	0.01994	-0.117	0.020	0.184	0.944	0.998	69.466	0.271	0.334
8.0	1.494	0.02140	-0.119	0.018	0.214	0.934	0.998	69.810	0.271	0.330
9.0	1.595	0.02340	-0.121	0.011	0.228	0.919	0.998	68.184	0.271	0.326
10.0	1.692	0.02548	-0.123	0.008	0.260	0.903	0.998	66.398	0.273	0.323
11.0	1.778	0.02772	-0.125	0.008	0.281	0.885	0.998	64.132	0.274	0.321
12.0	1.854	0.03026	-0.127	0.007	0.313	0.865	0.999	61.277	0.276	0.319
13.0	1.921	0.03320	-0.129	0.007	0.357	0.842	0.998	57.868	0.279	0.317
14.0	1.977	0.03684	-0.131	0.006	0.430	0.815	0.998	53.666	0.281	0.316
15.0	2.019	0.04217	-0.132	0.003	0.456	0.780	0.998	47.871	0.285	0.316
16.0	2.050	0.04786	-0.134	0.002	0.472	0.745	0.998	42.837	0.296	0.315
17.0	2.071	0.05419	-0.135	0.002	0.504	0.711	0.998	38.222	0.360	0.315
18.0	2.070	0.06186	-0.136	0.001	0.532	0.673	0.999	33.457	0.154	0.316
19.0	2.053	0.07066	-0.136	0.001	0.566	0.635	0.999	29.056	0.219	0.316
20.0	2.024	0.08102	-0.137	0.001	0.610	0.597	0.999	24.986	0.228	0.318

Name = NACA 4418
Mach = 0; Re = 5630000; T.U. = 1.0; T.L. = 1.0
Surface Finish = 2; Stall model = 0; Transition model = 1; Aspect Ratio = 0; ground effect = 0
?	Cl	Cd	Cm 0.25	T.U.	T.L.	S.U.	S.L.	L/D	A.C.	C.P.
[°]	[-]	[-]	[-]	[-]	[-]	[-]	[-]	[-]	[-]	[-]
-20.0	-1.147	0.12838	-0.049	0.426	0.006	0.992	0.208	-8.930	0.365	0.208
-19.0	-1.132	0.11355	-0.050	0.408	0.006	0.992	0.228	-9.968	0.359	0.205
-18.0	-1.111	0.09757	-0.053	0.400	0.007	0.992	0.260	-11.388	0.334	0.203
-17.0	-1.081	0.08433	-0.055	0.375	0.007	0.992	0.290	-12.815	0.321	0.199
-16.0	-1.044	0.07043	-0.057	0.356	0.007	0.992	0.336	-14.826	0.324	0.195
-15.0	-1.002	0.05662	-0.061	0.348	0.007	0.992	0.401	-17.698	0.340	0.190
-14.0	-0.960	0.04107	-0.065	0.331	0.008	0.992	0.515	-23.370	0.340	0.182
-13.0	-0.907	0.02954	-0.069	0.305	0.008	0.992	0.637	-30.705	0.320	0.174
-12.0	-0.842	0.02184	-0.073	0.296	0.008	0.991	0.763	-38.570	0.305	0.163
-11.0	-0.764	0.01718	-0.077	0.270	0.010	0.991	0.884	-44.468	0.287	0.149
-10.0	-0.666	0.01508	-0.080	0.252	0.012	0.991	0.944	-44.141	0.274	0.130
-9.0	-0.556	0.01364	-0.082	0.245	0.017	0.991	0.970	-40.786	0.269	0.103
-8.0	-0.441	0.01285	-0.084	0.214	0.018	0.991	0.979	-34.318	0.267	0.060
-7.0	-0.322	0.00928	-0.086	0.203	0.019	0.991	0.985	-34.690	0.267	-0.017
-6.0	-0.200	0.01002	-0.088	0.184	0.021	0.990	0.989	-19.986	0.267	-0.189
-5.0	-0.077	0.00982	-0.090	0.164	0.025	0.990	0.991	-7.805	0.267	-0.923
-4.0	0.048	0.00965	-0.092	0.157	0.033	0.990	0.991	4.983	0.267	2.164
-3.0	0.174	0.00875	-0.094	0.129	0.036	0.989	0.993	19.826	0.267	0.793
-2.0	0.299	0.00875	-0.096	0.121	0.042	0.987	0.994	34.197	0.268	0.572
-1.0	0.425	0.00890	-0.099	0.097	0.054	0.985	0.995	47.703	0.268	0.482
0.0	0.548	0.00909	-0.101	0.088	0.061	0.983	0.996	60.319	0.268	0.434
1.0	0.672	0.01332	-0.103	0.069	0.079	0.980	0.997	50.440	0.269	0.403
2.0	0.795	0.01458	-0.105	0.060	0.087	0.978	0.997	54.542	0.269	0.383
3.0	0.917	0.01538	-0.108	0.046	0.108	0.973	0.998	59.629	0.269	0.367
4.0	1.038	0.01624	-0.110	0.038	0.119	0.968	0.998	63.913	0.269	0.356
5.0	1.157	0.01724	-0.112	0.030	0.142	0.962	0.998	67.115	0.270	0.347
6.0	1.273	0.01849	-0.115	0.022	0.156	0.955	0.998	68.864	0.270	0.340
7.0	1.386	0.01973	-0.117	0.019	0.181	0.945	0.998	70.225	0.271	0.334
8.0	1.494	0.02126	-0.119	0.016	0.200	0.935	0.998	70.285	0.271	0.330
9.0	1.596	0.02317	-0.121	0.010	0.223	0.920	0.998	68.890	0.272	0.326
10.0	1.692	0.02519	-0.124	0.008	0.254	0.905	0.998	67.180	0.273	0.323
11.0	1.778	0.02735	-0.126	0.008	0.272	0.887	0.998	65.014	0.275	0.321
12.0	1.856	0.02987	-0.128	0.007	0.307	0.868	0.999	62.113	0.276	0.319
13.0	1.922	0.03280	-0.129	0.006	0.338	0.845	0.998	58.616	0.278	0.317
14.0	1.977	0.03681	-0.131	0.004	0.400	0.816	0.998	53.712	0.281	0.316
15.0	2.020	0.04172	-0.132	0.002	0.451	0.783	0.998	48.414	0.286	0.316
16.0	2.052	0.04725	-0.134	0.002	0.463	0.749	0.998	43.427	0.297	0.315
17.0	2.073	0.05350	-0.135	0.001	0.491	0.714	0.998	38.740	0.360	0.315
18.0	2.072	0.06088	-0.136	0.001	0.515	0.678	0.999	34.028	0.145	0.316
19.0	2.055	0.06956	-0.137	0.001	0.554	0.640	0.999	29.546	0.219	0.316
20.0	2.026	0.08011	-0.137	0.001	0.589	0.600	0.999	25.291	0.231	0.318

Name = NACA 4418
Mach = 0; Re = 6030000; T.U. = 1.0; T.L. = 1.0
Surface Finish = 2; Stall model = 0; Transition model = 1; Aspect Ratio = 0; ground effect = 0
?	Cl	Cd	Cm 0.25	T.U.	T.L.	S.U.	S.L.	L/D	A.C.	C.P.
[°]	[-]	[-]	[-]	[-]	[-]	[-]	[-]	[-]	[-]	[-]
-20.0	-1.147	0.12721	-0.049	0.416	0.006	0.992	0.211	-9.019	0.367	0.207
-19.0	-1.133	0.11228	-0.051	0.404	0.006	0.992	0.232	-10.089	0.355	0.205
-18.0	-1.111	0.09710	-0.053	0.397	0.006	0.992	0.261	-11.446	0.335	0.203
-17.0	-1.082	0.08324	-0.055	0.364	0.007	0.992	0.295	-12.998	0.322	0.199
-16.0	-1.045	0.06993	-0.057	0.352	0.007	0.992	0.338	-14.941	0.328	0.195
-15.0	-1.005	0.05506	-0.061	0.346	0.007	0.992	0.412	-18.249	0.340	0.189
-14.0	-0.961	0.04060	-0.065	0.314	0.007	0.992	0.520	-23.663	0.336	0.182
-13.0	-0.908	0.02914	-0.069	0.301	0.008	0.992	0.642	-31.152	0.321	0.174
-12.0	-0.844	0.02132	-0.073	0.294	0.008	0.991	0.774	-39.599	0.304	0.163
-11.0	-0.765	0.01703	-0.077	0.260	0.009	0.991	0.887	-44.918	0.285	0.149
-10.0	-0.666	0.01500	-0.080	0.249	0.011	0.991	0.944	-44.380	0.273	0.130
-9.0	-0.557	0.01349	-0.082	0.234	0.017	0.991	0.971	-41.263	0.269	0.103
-8.0	-0.441	0.01281	-0.084	0.209	0.017	0.991	0.979	-34.424	0.267	0.060
-7.0	-0.322	0.00915	-0.086	0.201	0.019	0.991	0.985	-35.195	0.267	-0.017
-6.0	-0.200	0.00993	-0.088	0.173	0.020	0.990	0.989	-20.173	0.267	-0.189
-5.0	-0.077	0.00971	-0.090	0.161	0.024	0.990	0.991	-7.896	0.267	-0.923
-4.0	0.048	0.00967	-0.092	0.145	0.033	0.990	0.991	4.974	0.267	2.164
-3.0	0.174	0.00874	-0.094	0.126	0.035	0.989	0.993	19.849	0.267	0.793
-2.0	0.299	0.00874	-0.096	0.119	0.040	0.987	0.994	34.253	0.268	0.572
-1.0	0.425	0.00880	-0.099	0.093	0.054	0.985	0.995	48.235	0.268	0.482
0.0	0.548	0.00902	-0.101	0.087	0.059	0.983	0.996	60.790	0.268	0.434
1.0	0.672	0.01317	-0.103	0.066	0.078	0.981	0.997	51.053	0.269	0.403
2.0	0.795	0.01440	-0.105	0.059	0.085	0.978	0.997	55.243	0.269	0.383
3.0	0.917	0.01524	-0.108	0.042	0.107	0.974	0.998	60.184	0.269	0.367
4.0	1.038	0.01605	-0.110	0.037	0.116	0.969	0.998	64.672	0.269	0.356
5.0	1.157	0.01715	-0.112	0.027	0.141	0.963	0.998	67.474	0.270	0.347
6.0	1.273	0.01829	-0.115	0.021	0.151	0.956	0.998	69.633	0.270	0.340
7.0	1.386	0.01951	-0.117	0.019	0.179	0.947	0.998	71.062	0.271	0.334
8.0	1.494	0.02113	-0.119	0.014	0.192	0.936	0.998	70.716	0.271	0.330
9.0	1.596	0.02296	-0.121	0.009	0.220	0.922	0.998	69.543	0.272	0.326
10.0	1.693	0.02492	-0.124	0.008	0.239	0.907	0.998	67.953	0.273	0.323
11.0	1.779	0.02704	-0.126	0.007	0.266	0.889	0.999	65.798	0.275	0.321
12.0	1.857	0.02953	-0.128	0.007	0.303	0.870	0.999	62.866	0.277	0.319
13.0	1.924	0.03241	-0.129	0.006	0.322	0.848	0.998	59.349	0.278	0.317
14.0	1.978	0.03669	-0.131	0.003	0.371	0.817	0.998	53.898	0.281	0.316
15.0	2.021	0.04133	-0.132	0.002	0.443	0.785	0.998	48.903	0.287	0.316
16.0	2.053	0.04673	-0.134	0.001	0.457	0.752	0.998	43.937	0.297	0.315
17.0	2.074	0.05287	-0.135	0.001	0.474	0.717	0.999	39.230	0.361	0.315
18.0	2.073	0.06014	-0.136	0.001	0.506	0.681	0.999	34.467	0.136	0.316
19.0	2.057	0.06855	-0.137	0.001	0.535	0.645	0.999	30.011	0.217	0.317
20.0	2.028	0.07892	-0.137	0.001	0.567	0.605	0.999	25.698	0.230	0.318

Name = NACA 4418
Mach = 0; Re = 6430000; T.U. = 1.0; T.L. = 1.0
Surface Finish = 2; Stall model = 0; Transition model = 1; Aspect Ratio = 0; ground effect = 0
?	Cl	Cd	Cm 0.25	T.U.	T.L.	S.U.	S.L.	L/D	A.C.	C.P.
[°]	[-]	[-]	[-]	[-]	[-]	[-]	[-]	[-]	[-]	[-]
-20.0	-1.148	0.12598	-0.049	0.410	0.006	0.992	0.213	-9.113	0.373	0.207
-19.0	-1.134	0.11115	-0.051	0.401	0.006	0.992	0.236	-10.200	0.358	0.205
-18.0	-1.113	0.09596	-0.053	0.383	0.006	0.992	0.265	-11.594	0.335	0.203
-17.0	-1.083	0.08226	-0.055	0.358	0.007	0.992	0.299	-13.167	0.322	0.199
-16.0	-1.046	0.06890	-0.058	0.349	0.007	0.992	0.344	-15.184	0.331	0.195
-15.0	-1.007	0.05365	-0.061	0.344	0.007	0.992	0.423	-18.774	0.342	0.189
-14.0	-0.963	0.03962	-0.065	0.307	0.007	0.992	0.530	-24.302	0.335	0.182
-13.0	-0.910	0.02836	-0.069	0.298	0.008	0.992	0.653	-32.089	0.319	0.174
-12.0	-0.845	0.02104	-0.073	0.280	0.008	0.992	0.779	-40.169	0.303	0.163
-11.0	-0.765	0.01684	-0.077	0.254	0.009	0.991	0.890	-45.448	0.285	0.149
-10.0	-0.666	0.01488	-0.080	0.246	0.010	0.991	0.945	-44.737	0.273	0.130
-9.0	-0.557	0.01339	-0.082	0.220	0.017	0.991	0.972	-41.573	0.269	0.103
-8.0	-0.441	0.01264	-0.084	0.205	0.017	0.991	0.980	-34.886	0.267	0.060
-7.0	-0.322	0.00914	-0.086	0.199	0.019	0.991	0.985	-35.242	0.267	-0.017
-6.0	-0.200	0.00992	-0.088	0.167	0.020	0.990	0.989	-20.187	0.267	-0.189
-5.0	-0.077	0.00970	-0.090	0.159	0.023	0.990	0.991	-7.908	0.267	-0.923
-4.0	0.048	0.00956	-0.092	0.135	0.033	0.990	0.992	5.030	0.267	2.164
-3.0	0.174	0.00869	-0.094	0.123	0.035	0.989	0.993	19.972	0.267	0.793
-2.0	0.299	0.00862	-0.096	0.109	0.039	0.988	0.994	34.721	0.268	0.572
-1.0	0.425	0.00875	-0.099	0.091	0.053	0.986	0.995	48.553	0.268	0.482
0.0	0.548	0.00891	-0.101	0.085	0.058	0.984	0.996	61.561	0.268	0.434
1.0	0.672	0.01314	-0.103	0.064	0.074	0.981	0.997	51.156	0.269	0.403
2.0	0.795	0.01425	-0.105	0.059	0.084	0.979	0.997	55.817	0.269	0.383
3.0	0.917	0.01515	-0.108	0.041	0.103	0.974	0.998	60.551	0.269	0.367
4.0	1.038	0.01593	-0.110	0.036	0.113	0.969	0.998	65.166	0.269	0.356
5.0	1.157	0.01704	-0.112	0.025	0.139	0.964	0.998	67.907	0.270	0.347
6.0	1.274	0.01814	-0.115	0.020	0.148	0.957	0.998	70.213	0.270	0.340
7.0	1.386	0.01933	-0.117	0.019	0.177	0.948	0.998	71.725	0.271	0.334
8.0	1.495	0.02098	-0.119	0.012	0.187	0.937	0.998	71.242	0.271	0.330
9.0	1.597	0.02271	-0.121	0.009	0.218	0.923	0.998	70.323	0.272	0.326
10.0	1.694	0.02466	-0.124	0.008	0.231	0.909	0.998	68.680	0.273	0.323
11.0	1.780	0.02678	-0.126	0.007	0.262	0.891	0.999	66.451	0.275	0.321
12.0	1.857	0.02921	-0.128	0.007	0.285	0.873	0.999	63.595	0.277	0.319
13.0	1.925	0.03201	-0.130	0.006	0.314	0.850	0.998	60.134	0.278	0.317
14.0	1.978	0.03645	-0.131	0.003	0.355	0.819	0.998	54.274	0.281	0.316
15.0	2.022	0.04094	-0.133	0.002	0.412	0.788	0.998	49.397	0.287	0.316
16.0	2.055	0.04623	-0.134	0.001	0.452	0.755	0.998	44.440	0.298	0.315
17.0	2.076	0.05217	-0.135	0.001	0.465	0.721	0.999	39.791	0.361	0.315
18.0	2.075	0.05931	-0.136	0.001	0.499	0.685	0.999	34.979	0.143	0.316
19.0	2.058	0.06794	-0.137	0.001	0.518	0.648	0.999	30.299	0.216	0.317
20.0	2.030	0.07777	-0.138	0.001	0.557	0.609	0.999	26.100	0.227	0.318


