Name = NACA 0006
Mach = 0; Re = 30000; T.U. = 1.0; T.L. = 1.0
Surface Finish = 2; Stall model = 0; Transition model = 1; Aspect Ratio = 0; ground effect = 0
?	Cl	Cd	Cm 0.25	T.U.	T.L.	S.U.	S.L.	L/D	A.C.	C.P.
[°]	[-]	[-]	[-]	[-]	[-]	[-]	[-]	[-]	[-]	[-]
-20.0	-0.149	1.08565	0.004	0.993	0.002	0.997	0.004	-0.137	0.238	0.280
-19.0	-0.170	0.86241	0.004	0.993	0.002	0.996	0.004	-0.197	0.240	0.275
-18.0	-0.195	0.82072	0.004	0.992	0.002	0.996	0.004	-0.237	0.241	0.270
-17.0	-0.224	0.72135	0.004	0.992	0.002	0.995	0.003	-0.310	0.241	0.267
-16.0	-0.258	0.90424	0.003	0.991	0.002	0.995	0.003	-0.286	0.243	0.263
-15.0	-0.298	0.70539	0.003	0.991	0.002	0.995	0.003	-0.423	0.245	0.261
-14.0	-0.343	0.59006	0.003	0.991	0.002	0.994	0.003	-0.582	0.245	0.259
-13.0	-0.394	0.46326	0.003	0.990	0.001	0.993	0.002	-0.849	0.245	0.257
-12.0	-0.446	0.33332	0.002	0.990	0.001	0.993	0.002	-1.339	0.246	0.255
-11.0	-0.498	0.27517	0.002	0.989	0.001	0.993	0.002	-1.810	0.245	0.254
-10.0	-0.542	0.19225	0.002	0.986	0.001	0.993	0.002	-2.819	0.246	0.254
-9.0	-0.571	0.14714	0.002	0.983	0.002	0.992	0.002	-3.880	0.245	0.253
-8.0	-0.578	0.11701	0.002	0.981	0.002	0.991	0.004	-4.935	0.265	0.253
-7.0	-0.557	0.09256	0.002	0.978	0.004	0.991	0.005	-6.022	0.255	0.253
-6.0	-0.508	0.07074	0.002	0.974	0.004	0.990	0.005	-7.183	0.253	0.253
-5.0	-0.437	0.05776	0.001	0.966	0.005	0.990	0.006	-7.569	0.253	0.253
-4.0	-0.358	0.04848	0.001	0.958	0.006	0.990	0.008	-7.377	0.252	0.253
-3.0	-0.273	0.04210	0.001	0.941	0.009	0.988	0.016	-6.473	0.247	0.253
-2.0	-0.228	0.02214	0.001	0.920	0.644	0.987	0.991	-10.278	0.251	0.256
-1.0	-0.114	0.02161	0.001	0.889	0.766	0.986	0.990	-5.279	0.256	0.256
0.0	-0.000	0.02068	-0.000	0.842	0.842	0.987	0.987	-0.000	0.256	0.250
1.0	0.114	0.02161	-0.001	0.766	0.889	0.990	0.986	5.279	0.256	0.256
2.0	0.228	0.02214	-0.001	0.644	0.920	0.991	0.987	10.278	0.251	0.256
3.0	0.273	0.04210	-0.001	0.009	0.941	0.016	0.988	6.473	0.247	0.253
4.0	0.358	0.04848	-0.001	0.006	0.958	0.008	0.990	7.377	0.252	0.253
5.0	0.437	0.05776	-0.001	0.005	0.966	0.006	0.990	7.569	0.253	0.253
6.0	0.508	0.07074	-0.002	0.004	0.974	0.005	0.990	7.183	0.253	0.253
7.0	0.557	0.09256	-0.002	0.004	0.978	0.005	0.991	6.022	0.255	0.253
8.0	0.578	0.11701	-0.002	0.002	0.981	0.004	0.991	4.935	0.265	0.253
9.0	0.571	0.14714	-0.002	0.002	0.983	0.002	0.992	3.880	0.245	0.253
10.0	0.542	0.19225	-0.002	0.001	0.986	0.002	0.993	2.819	0.246	0.254
11.0	0.498	0.27517	-0.002	0.001	0.989	0.002	0.993	1.810	0.245	0.254
12.0	0.446	0.33332	-0.002	0.001	0.990	0.002	0.993	1.339	0.246	0.255
13.0	0.394	0.46326	-0.003	0.001	0.990	0.002	0.993	0.849	0.245	0.257
14.0	0.343	0.59006	-0.003	0.002	0.991	0.003	0.994	0.582	0.245	0.259
15.0	0.298	0.70539	-0.003	0.002	0.991	0.003	0.995	0.423	0.245	0.261
16.0	0.258	0.90424	-0.003	0.002	0.991	0.003	0.995	0.286	0.243	0.263
17.0	0.224	0.72135	-0.004	0.002	0.992	0.003	0.995	0.310	0.241	0.267
18.0	0.195	0.82072	-0.004	0.002	0.992	0.004	0.996	0.237	0.241	0.270
19.0	0.170	0.86241	-0.004	0.002	0.993	0.004	0.996	0.197	0.240	0.275
20.0	0.149	1.08565	-0.004	0.002	0.993	0.004	0.997	0.137	0.238	0.280

Name = NACA 0006
Mach = 0; Re = 430000; T.U. = 1.0; T.L. = 1.0
Surface Finish = 2; Stall model = 0; Transition model = 1; Aspect Ratio = 0; ground effect = 0
?	Cl	Cd	Cm 0.25	T.U.	T.L.	S.U.	S.L.	L/D	A.C.	C.P.
[°]	[-]	[-]	[-]	[-]	[-]	[-]	[-]	[-]	[-]	[-]
-20.0	-0.149	0.24309	0.006	0.991	0.002	1.000	0.017	-0.614	0.235	0.289
-19.0	-0.170	0.23442	0.006	0.990	0.002	1.000	0.016	-0.726	0.235	0.283
-18.0	-0.195	0.20628	0.005	0.990	0.002	1.000	0.015	-0.946	0.236	0.277
-17.0	-0.224	0.18978	0.005	0.987	0.001	1.000	0.013	-1.183	0.237	0.271
-16.0	-0.259	0.24047	0.004	0.985	0.002	1.000	0.010	-1.076	0.239	0.267
-15.0	-0.298	0.20317	0.004	0.982	0.002	1.000	0.009	-1.469	0.241	0.263
-14.0	-0.344	0.17010	0.004	0.979	0.002	1.000	0.007	-2.021	0.243	0.261
-13.0	-0.394	0.15653	0.003	0.977	0.001	1.000	0.007	-2.517	0.243	0.258
-12.0	-0.447	0.12536	0.003	0.969	0.001	1.000	0.005	-3.564	0.243	0.257
-11.0	-0.498	0.11496	0.003	0.961	0.001	1.000	0.004	-4.334	0.243	0.255
-10.0	-0.542	0.09248	0.002	0.948	0.001	1.000	0.004	-5.863	0.245	0.254
-9.0	-0.571	0.07680	0.002	0.932	0.002	1.000	0.005	-7.440	0.243	0.254
-8.0	-0.578	0.06498	0.002	0.906	0.002	1.000	0.006	-8.893	0.283	0.254
-7.0	-0.557	0.05333	0.002	0.865	0.004	1.000	0.005	-10.453	0.256	0.253
-6.0	-0.508	0.04567	0.002	0.807	0.004	1.000	0.007	-11.132	0.253	0.253
-5.0	-0.437	0.03991	0.001	0.732	0.005	1.000	0.008	-10.961	0.230	0.253
-4.0	-0.446	0.01451	0.003	0.647	0.006	1.000	0.998	-30.747	0.242	0.256
-3.0	-0.339	0.01402	0.002	0.560	0.009	1.000	0.998	-24.193	0.257	0.256
-2.0	-0.228	0.01305	0.001	0.477	0.127	1.000	0.998	-17.457	0.256	0.256
-1.0	-0.114	0.01251	0.001	0.399	0.234	1.000	0.998	-9.133	0.256	0.256
0.0	-0.000	0.01235	-0.000	0.318	0.318	1.000	0.998	-0.000	0.256	0.250
1.0	0.114	0.01251	-0.001	0.234	0.399	1.000	0.998	9.137	0.256	0.256
2.0	0.228	0.01305	-0.001	0.127	0.477	1.000	0.999	17.464	0.256	0.256
3.0	0.339	0.01402	-0.002	0.009	0.560	1.000	0.999	24.203	0.257	0.256
4.0	0.446	0.01451	-0.003	0.006	0.647	1.000	0.999	30.761	0.242	0.256
5.0	0.437	0.03991	-0.001	0.005	0.732	0.008	0.999	10.961	0.230	0.253
6.0	0.508	0.04567	-0.002	0.004	0.807	0.007	0.999	11.132	0.253	0.253
7.0	0.557	0.05333	-0.002	0.004	0.865	0.005	0.999	10.453	0.256	0.253
8.0	0.578	0.06498	-0.002	0.002	0.906	0.006	0.998	8.893	0.283	0.254
9.0	0.571	0.07680	-0.002	0.002	0.932	0.005	0.998	7.440	0.243	0.254
10.0	0.542	0.09248	-0.002	0.001	0.948	0.004	0.998	5.863	0.245	0.254
11.0	0.498	0.11496	-0.003	0.001	0.961	0.004	0.998	4.334	0.243	0.255
12.0	0.447	0.12536	-0.003	0.001	0.969	0.005	0.998	3.564	0.243	0.257
13.0	0.394	0.15653	-0.003	0.001	0.977	0.007	0.998	2.517	0.243	0.258
14.0	0.344	0.17010	-0.004	0.002	0.979	0.007	0.998	2.021	0.243	0.261
15.0	0.298	0.20317	-0.004	0.002	0.982	0.009	0.998	1.469	0.241	0.263
16.0	0.259	0.24047	-0.004	0.002	0.985	0.010	0.998	1.076	0.239	0.267
17.0	0.224	0.18978	-0.005	0.001	0.987	0.013	0.998	1.183	0.237	0.271
18.0	0.195	0.20628	-0.005	0.002	0.990	0.015	0.998	0.946	0.236	0.277
19.0	0.170	0.23442	-0.006	0.002	0.990	0.016	0.998	0.726	0.235	0.283
20.0	0.149	0.24309	-0.006	0.002	0.991	0.017	0.998	0.614	0.235	0.289

Name = NACA 0006
Mach = 0; Re = 830000; T.U. = 1.0; T.L. = 1.0
Surface Finish = 2; Stall model = 0; Transition model = 1; Aspect Ratio = 0; ground effect = 0
?	Cl	Cd	Cm 0.25	T.U.	T.L.	S.U.	S.L.	L/D	A.C.	C.P.
[°]	[-]	[-]	[-]	[-]	[-]	[-]	[-]	[-]	[-]	[-]
-20.0	-0.149	0.22275	0.006	0.989	0.001	1.000	0.022	-0.670	0.236	0.291
-19.0	-0.170	0.20858	0.006	0.985	0.001	1.000	0.022	-0.817	0.237	0.284
-18.0	-0.195	0.18695	0.006	0.982	0.001	1.000	0.021	-1.046	0.238	0.279
-17.0	-0.225	0.17075	0.005	0.979	0.001	1.000	0.020	-1.317	0.240	0.273
-16.0	-0.259	0.15275	0.005	0.977	0.001	1.000	0.019	-1.697	0.241	0.269
-15.0	-0.299	0.14127	0.005	0.972	0.001	1.000	0.017	-2.117	0.240	0.265
-14.0	-0.344	0.12408	0.004	0.963	0.001	1.000	0.014	-2.775	0.240	0.262
-13.0	-0.394	0.13772	0.004	0.953	0.001	1.000	0.011	-2.864	0.242	0.259
-12.0	-0.447	0.11673	0.003	0.936	0.001	1.000	0.010	-3.832	0.243	0.257
-11.0	-0.499	0.10089	0.003	0.908	0.001	1.000	0.008	-4.943	0.242	0.256
-10.0	-0.543	0.08529	0.003	0.867	0.001	1.000	0.007	-6.363	0.243	0.255
-9.0	-0.572	0.07080	0.002	0.807	0.001	1.000	0.008	-8.075	0.239	0.254
-8.0	-0.578	0.06021	0.002	0.735	0.002	1.000	0.009	-9.604	0.287	0.254
-7.0	-0.558	0.05046	0.002	0.660	0.003	1.000	0.008	-11.054	0.258	0.253
-6.0	-0.509	0.04385	0.002	0.584	0.004	1.000	0.009	-11.599	0.252	0.253
-5.0	-0.439	0.03859	0.002	0.515	0.005	1.000	0.023	-11.380	0.231	0.254
-4.0	-0.446	0.01367	0.003	0.452	0.006	1.000	0.998	-32.622	0.245	0.256
-3.0	-0.339	0.01315	0.002	0.389	0.009	1.000	0.998	-25.794	0.257	0.256
-2.0	-0.228	0.01257	0.001	0.327	0.060	1.000	0.998	-18.133	0.256	0.256
-1.0	-0.114	0.01210	0.001	0.266	0.139	1.000	0.998	-9.449	0.256	0.256
0.0	-0.000	0.01193	-0.000	0.206	0.206	1.000	0.998	-0.000	0.256	0.250
1.0	0.114	0.01210	-0.001	0.139	0.266	1.000	0.998	9.452	0.256	0.256
2.0	0.228	0.01257	-0.001	0.060	0.327	1.000	0.999	18.140	0.256	0.256
3.0	0.339	0.01315	-0.002	0.009	0.389	1.000	0.999	25.804	0.257	0.256
4.0	0.446	0.01367	-0.003	0.006	0.452	1.000	0.999	32.636	0.245	0.256
5.0	0.439	0.03859	-0.002	0.005	0.515	0.023	0.999	11.380	0.231	0.254
6.0	0.509	0.04385	-0.002	0.004	0.584	0.009	0.999	11.599	0.252	0.253
7.0	0.558	0.05046	-0.002	0.003	0.660	0.008	0.999	11.054	0.258	0.253
8.0	0.578	0.06021	-0.002	0.002	0.735	0.009	0.999	9.604	0.287	0.254
9.0	0.572	0.07080	-0.002	0.001	0.807	0.008	0.999	8.075	0.239	0.254
10.0	0.543	0.08529	-0.003	0.001	0.867	0.007	0.998	6.363	0.243	0.255
11.0	0.499	0.10089	-0.003	0.001	0.908	0.008	0.999	4.943	0.242	0.256
12.0	0.447	0.11673	-0.003	0.001	0.936	0.010	0.999	3.832	0.243	0.257
13.0	0.394	0.13772	-0.004	0.001	0.953	0.011	0.998	2.864	0.242	0.259
14.0	0.344	0.12408	-0.004	0.001	0.963	0.014	0.998	2.775	0.240	0.262
15.0	0.299	0.14127	-0.005	0.001	0.972	0.017	0.998	2.117	0.240	0.265
16.0	0.259	0.15275	-0.005	0.001	0.977	0.019	0.998	1.697	0.241	0.269
17.0	0.225	0.17075	-0.005	0.001	0.979	0.020	0.998	1.317	0.240	0.273
18.0	0.195	0.18695	-0.006	0.001	0.982	0.021	0.998	1.046	0.238	0.279
19.0	0.170	0.20858	-0.006	0.001	0.985	0.022	0.998	0.817	0.237	0.284
20.0	0.149	0.22275	-0.006	0.001	0.989	0.022	0.998	0.670	0.236	0.291

Name = NACA 0006
Mach = 0; Re = 1230000; T.U. = 1.0; T.L. = 1.0
Surface Finish = 2; Stall model = 0; Transition model = 1; Aspect Ratio = 0; ground effect = 0
?	Cl	Cd	Cm 0.25	T.U.	T.L.	S.U.	S.L.	L/D	A.C.	C.P.
[°]	[-]	[-]	[-]	[-]	[-]	[-]	[-]	[-]	[-]	[-]
-20.0	-0.149	0.21429	0.006	0.982	0.001	1.000	0.024	-0.697	0.236	0.292
-19.0	-0.171	0.19498	0.006	0.980	0.001	1.000	0.024	-0.875	0.238	0.285
-18.0	-0.196	0.18061	0.006	0.977	0.001	1.000	0.024	-1.083	0.239	0.279
-17.0	-0.225	0.16385	0.005	0.972	0.001	1.000	0.023	-1.373	0.240	0.274
-16.0	-0.259	0.14754	0.005	0.963	0.001	1.000	0.022	-1.759	0.242	0.270
-15.0	-0.299	0.13228	0.005	0.953	0.001	1.000	0.021	-2.263	0.242	0.266
-14.0	-0.345	0.12008	0.004	0.935	0.001	1.000	0.020	-2.872	0.241	0.263
-13.0	-0.395	0.10955	0.004	0.905	0.001	1.000	0.015	-3.604	0.241	0.260
-12.0	-0.448	0.09677	0.003	0.854	0.001	1.000	0.013	-4.625	0.242	0.258
-11.0	-0.499	0.09750	0.003	0.794	0.001	1.000	0.010	-5.117	0.242	0.256
-10.0	-0.543	0.08119	0.003	0.720	0.001	1.000	0.009	-6.688	0.242	0.255
-9.0	-0.572	0.06741	0.002	0.653	0.001	1.000	0.009	-8.485	0.237	0.254
-8.0	-0.578	0.05740	0.002	0.584	0.002	1.000	0.010	-10.078	0.289	0.254
-7.0	-0.558	0.04933	0.002	0.523	0.003	1.000	0.009	-11.311	0.254	0.253
-6.0	-0.510	0.04286	0.002	0.465	0.004	1.000	0.023	-11.906	0.120	0.254
-5.0	-0.545	0.01376	0.004	0.411	0.005	1.000	0.998	-39.647	0.237	0.257
-4.0	-0.446	0.01313	0.003	0.359	0.006	1.000	0.998	-33.970	0.257	0.256
-3.0	-0.339	0.01264	0.002	0.308	0.009	1.000	0.998	-26.832	0.257	0.256
-2.0	-0.228	0.01216	0.001	0.258	0.038	1.000	0.998	-18.737	0.256	0.256
-1.0	-0.114	0.01178	0.001	0.208	0.095	1.000	0.998	-9.704	0.256	0.256
0.0	-0.000	0.01169	-0.000	0.154	0.154	1.000	0.998	-0.000	0.256	0.250
1.0	0.114	0.01178	-0.001	0.095	0.208	1.000	0.998	9.707	0.256	0.256
2.0	0.228	0.01216	-0.001	0.038	0.258	1.000	0.999	18.743	0.256	0.256
3.0	0.339	0.01264	-0.002	0.009	0.308	1.000	0.999	26.842	0.257	0.256
4.0	0.446	0.01313	-0.003	0.006	0.359	1.000	0.999	33.984	0.257	0.256
5.0	0.546	0.01376	-0.004	0.005	0.411	1.000	0.999	39.660	0.237	0.257
6.0	0.510	0.04286	-0.002	0.004	0.465	0.023	0.999	11.906	0.118	0.254
7.0	0.558	0.04933	-0.002	0.003	0.523	0.009	0.999	11.311	0.254	0.253
8.0	0.578	0.05740	-0.002	0.002	0.584	0.010	0.999	10.078	0.289	0.254
9.0	0.572	0.06741	-0.002	0.001	0.653	0.009	0.999	8.485	0.237	0.254
10.0	0.543	0.08119	-0.003	0.001	0.720	0.009	0.999	6.688	0.242	0.255
11.0	0.499	0.09750	-0.003	0.001	0.794	0.010	0.999	5.117	0.242	0.256
12.0	0.448	0.09677	-0.003	0.001	0.854	0.013	0.999	4.625	0.242	0.258
13.0	0.395	0.10955	-0.004	0.001	0.905	0.015	0.999	3.604	0.241	0.260
14.0	0.345	0.12008	-0.004	0.001	0.935	0.020	0.999	2.872	0.241	0.263
15.0	0.299	0.13228	-0.005	0.001	0.953	0.021	0.999	2.263	0.242	0.266
16.0	0.259	0.14754	-0.005	0.001	0.963	0.022	0.998	1.759	0.242	0.270
17.0	0.225	0.16385	-0.005	0.001	0.972	0.023	0.998	1.373	0.240	0.274
18.0	0.196	0.18061	-0.006	0.001	0.977	0.024	0.998	1.083	0.239	0.279
19.0	0.171	0.19498	-0.006	0.001	0.980	0.024	0.998	0.875	0.238	0.285
20.0	0.149	0.21429	-0.006	0.001	0.982	0.024	0.998	0.697	0.236	0.292

Name = NACA 0006
Mach = 0; Re = 1630000; T.U. = 1.0; T.L. = 1.0
Surface Finish = 2; Stall model = 0; Transition model = 1; Aspect Ratio = 0; ground effect = 0
?	Cl	Cd	Cm 0.25	T.U.	T.L.	S.U.	S.L.	L/D	A.C.	C.P.
[°]	[-]	[-]	[-]	[-]	[-]	[-]	[-]	[-]	[-]	[-]
-20.0	-0.149	0.20912	0.006	0.978	0.001	1.000	0.026	-0.715	0.234	0.293
-19.0	-0.171	0.18741	0.006	0.976	0.001	1.000	0.025	-0.910	0.237	0.285
-18.0	-0.196	0.17170	0.006	0.967	0.001	1.000	0.025	-1.139	0.239	0.279
-17.0	-0.225	0.15793	0.005	0.959	0.001	1.000	0.024	-1.425	0.241	0.274
-16.0	-0.260	0.14289	0.005	0.940	0.001	1.000	0.024	-1.817	0.242	0.270
-15.0	-0.300	0.12919	0.005	0.912	0.001	1.000	0.023	-2.319	0.242	0.266
-14.0	-0.345	0.11489	0.004	0.868	0.001	1.000	0.022	-3.003	0.242	0.263
-13.0	-0.395	0.10752	0.004	0.803	0.001	1.000	0.018	-3.675	0.242	0.260
-12.0	-0.448	0.09420	0.004	0.734	0.001	1.000	0.017	-4.757	0.241	0.258
-11.0	-0.499	0.09209	0.003	0.668	0.001	1.000	0.011	-5.420	0.240	0.256
-10.0	-0.543	0.07818	0.003	0.609	0.001	1.000	0.010	-6.947	0.242	0.255
-9.0	-0.572	0.06650	0.003	0.554	0.001	1.000	0.011	-8.604	0.241	0.254
-8.0	-0.579	0.05675	0.002	0.501	0.001	1.000	0.015	-10.206	0.281	0.254
-7.0	-0.559	0.04850	0.002	0.449	0.003	1.000	0.015	-11.521	0.283	0.254
-6.0	-0.634	0.01401	0.004	0.399	0.004	1.000	0.998	-45.273	0.142	0.257
-5.0	-0.546	0.01335	0.004	0.352	0.005	1.000	0.998	-40.855	0.258	0.257
-4.0	-0.446	0.01272	0.003	0.305	0.006	1.000	0.998	-35.075	0.257	0.256
-3.0	-0.339	0.01228	0.002	0.260	0.008	1.000	0.998	-27.613	0.257	0.256
-2.0	-0.228	0.01186	0.001	0.216	0.024	1.000	0.998	-19.207	0.256	0.256
-1.0	-0.114	0.01154	0.001	0.171	0.076	1.000	0.998	-9.907	0.256	0.256
0.0	-0.000	0.01141	-0.000	0.124	0.124	1.000	0.998	-0.000	0.256	0.250
1.0	0.114	0.01154	-0.001	0.076	0.171	1.000	0.999	9.910	0.256	0.256
2.0	0.228	0.01186	-0.001	0.024	0.216	1.000	0.999	19.214	0.256	0.256
3.0	0.339	0.01228	-0.002	0.008	0.260	1.000	0.999	27.623	0.257	0.256
4.0	0.446	0.01272	-0.003	0.006	0.305	1.000	0.999	35.089	0.257	0.256
5.0	0.546	0.01335	-0.004	0.005	0.352	1.000	0.999	40.868	0.258	0.257
6.0	0.634	0.01401	-0.004	0.004	0.399	1.000	0.999	45.289	0.141	0.257
7.0	0.559	0.04850	-0.002	0.003	0.449	0.015	0.999	11.521	0.283	0.254
8.0	0.579	0.05675	-0.002	0.001	0.501	0.015	0.999	10.206	0.281	0.254
9.0	0.572	0.06650	-0.003	0.001	0.554	0.011	0.999	8.604	0.241	0.254
10.0	0.543	0.07818	-0.003	0.001	0.609	0.010	0.999	6.947	0.242	0.255
11.0	0.499	0.09209	-0.003	0.001	0.668	0.011	0.999	5.420	0.240	0.256
12.0	0.448	0.09420	-0.004	0.001	0.734	0.017	0.999	4.757	0.241	0.258
13.0	0.395	0.10752	-0.004	0.001	0.803	0.018	0.999	3.675	0.242	0.260
14.0	0.345	0.11489	-0.004	0.001	0.868	0.022	0.999	3.003	0.242	0.263
15.0	0.300	0.12919	-0.005	0.001	0.912	0.023	0.999	2.319	0.242	0.266
16.0	0.260	0.14289	-0.005	0.001	0.940	0.024	0.999	1.817	0.242	0.270
17.0	0.225	0.15793	-0.005	0.001	0.959	0.024	0.999	1.425	0.241	0.274
18.0	0.196	0.17170	-0.006	0.001	0.967	0.025	0.999	1.139	0.239	0.279
19.0	0.171	0.18741	-0.006	0.001	0.976	0.025	0.998	0.910	0.237	0.285
20.0	0.149	0.20912	-0.006	0.001	0.978	0.026	0.998	0.715	0.234	0.293

Name = NACA 0006
Mach = 0; Re = 2030000; T.U. = 1.0; T.L. = 1.0
Surface Finish = 2; Stall model = 0; Transition model = 1; Aspect Ratio = 0; ground effect = 0
?	Cl	Cd	Cm 0.25	T.U.	T.L.	S.U.	S.L.	L/D	A.C.	C.P.
[°]	[-]	[-]	[-]	[-]	[-]	[-]	[-]	[-]	[-]	[-]
-20.0	-0.150	0.20392	0.006	0.975	0.001	1.000	0.028	-0.733	0.237	0.293
-19.0	-0.171	0.18923	0.006	0.964	0.001	1.000	0.028	-0.902	0.238	0.286
-18.0	-0.196	0.16939	0.006	0.954	0.001	1.000	0.027	-1.156	0.237	0.280
-17.0	-0.225	0.15467	0.005	0.934	0.001	1.000	0.024	-1.455	0.240	0.274
-16.0	-0.260	0.14014	0.005	0.890	0.001	1.000	0.025	-1.853	0.242	0.270
-15.0	-0.300	0.12519	0.005	0.834	0.001	1.000	0.024	-2.393	0.242	0.266
-14.0	-0.345	0.11312	0.005	0.764	0.001	1.000	0.023	-3.051	0.242	0.263
-13.0	-0.395	0.10560	0.004	0.704	0.001	1.000	0.020	-3.743	0.243	0.260
-12.0	-0.448	0.09270	0.004	0.640	0.001	1.000	0.020	-4.837	0.242	0.258
-11.0	-0.500	0.08507	0.003	0.584	0.001	1.000	0.014	-5.871	0.240	0.257
-10.0	-0.543	0.07601	0.003	0.531	0.001	1.000	0.011	-7.146	0.241	0.255
-9.0	-0.572	0.06489	0.003	0.483	0.001	1.000	0.012	-8.821	0.243	0.255
-8.0	-0.580	0.05591	0.003	0.439	0.001	1.000	0.020	-10.371	0.272	0.254
-7.0	-0.560	0.04757	0.002	0.398	0.003	1.000	0.024	-11.774	0.281	0.254
-6.0	-0.634	0.01370	0.004	0.352	0.004	1.000	0.998	-46.293	0.167	0.257
-5.0	-0.546	0.01303	0.004	0.308	0.004	1.000	0.998	-41.860	0.258	0.257
-4.0	-0.446	0.01242	0.003	0.266	0.005	1.000	0.998	-35.917	0.257	0.256
-3.0	-0.339	0.01196	0.002	0.226	0.008	1.000	0.998	-28.364	0.257	0.256
-2.0	-0.228	0.01159	0.001	0.186	0.022	1.000	0.998	-19.660	0.256	0.256
-1.0	-0.114	0.01133	0.001	0.146	0.061	1.000	0.998	-10.083	0.256	0.256
0.0	-0.000	0.01120	-0.000	0.104	0.104	1.000	0.999	-0.000	0.256	0.250
1.0	0.114	0.01133	-0.001	0.061	0.146	1.000	0.999	10.086	0.256	0.256
2.0	0.228	0.01159	-0.001	0.022	0.186	1.000	0.999	19.666	0.256	0.256
3.0	0.339	0.01196	-0.002	0.008	0.226	1.000	0.999	28.373	0.257	0.256
4.0	0.446	0.01242	-0.003	0.005	0.266	1.000	0.999	35.931	0.257	0.256
5.0	0.546	0.01303	-0.004	0.004	0.308	1.000	0.999	41.873	0.258	0.257
6.0	0.634	0.01370	-0.004	0.004	0.352	1.000	0.999	46.309	0.166	0.257
7.0	0.560	0.04757	-0.002	0.003	0.398	0.024	0.999	11.774	0.281	0.254
8.0	0.580	0.05591	-0.003	0.001	0.439	0.020	0.999	10.371	0.272	0.254
9.0	0.572	0.06489	-0.003	0.001	0.483	0.012	0.999	8.821	0.243	0.255
10.0	0.543	0.07601	-0.003	0.001	0.531	0.011	0.999	7.146	0.241	0.255
11.0	0.500	0.08507	-0.003	0.001	0.584	0.014	0.999	5.871	0.240	0.257
12.0	0.448	0.09270	-0.004	0.001	0.640	0.020	0.999	4.837	0.242	0.258
13.0	0.395	0.10560	-0.004	0.001	0.704	0.020	0.999	3.743	0.243	0.260
14.0	0.345	0.11312	-0.005	0.001	0.764	0.023	0.999	3.051	0.242	0.263
15.0	0.300	0.12519	-0.005	0.001	0.834	0.024	0.999	2.393	0.242	0.266
16.0	0.260	0.14014	-0.005	0.001	0.890	0.025	0.999	1.853	0.242	0.270
17.0	0.225	0.15467	-0.005	0.001	0.934	0.024	0.999	1.455	0.240	0.274
18.0	0.196	0.16939	-0.006	0.001	0.954	0.027	0.999	1.156	0.237	0.280
19.0	0.171	0.18923	-0.006	0.001	0.964	0.028	0.999	0.902	0.238	0.286
20.0	0.150	0.20392	-0.006	0.001	0.975	0.028	0.998	0.733	0.237	0.293

Name = NACA 0006
Mach = 0; Re = 2430000; T.U. = 1.0; T.L. = 1.0
Surface Finish = 2; Stall model = 0; Transition model = 1; Aspect Ratio = 0; ground effect = 0
?	Cl	Cd	Cm 0.25	T.U.	T.L.	S.U.	S.L.	L/D	A.C.	C.P.
[°]	[-]	[-]	[-]	[-]	[-]	[-]	[-]	[-]	[-]	[-]
-20.0	-0.150	0.20229	0.007	0.963	0.001	1.000	0.030	-0.740	0.236	0.294
-19.0	-0.171	0.18327	0.006	0.948	0.001	1.000	0.029	-0.932	0.237	0.287
-18.0	-0.196	0.16644	0.006	0.920	0.001	1.000	0.029	-1.177	0.237	0.280
-17.0	-0.225	0.15378	0.006	0.873	0.001	1.000	0.026	-1.464	0.240	0.275
-16.0	-0.260	0.13799	0.005	0.805	0.001	1.000	0.027	-1.883	0.242	0.270
-15.0	-0.300	0.12499	0.005	0.743	0.001	1.000	0.026	-2.399	0.242	0.267
-14.0	-0.345	0.11242	0.005	0.680	0.001	1.000	0.024	-3.071	0.242	0.263
-13.0	-0.396	0.10153	0.004	0.624	0.001	1.000	0.022	-3.896	0.243	0.261
-12.0	-0.449	0.09096	0.004	0.573	0.001	1.000	0.021	-4.932	0.242	0.259
-11.0	-0.500	0.08324	0.003	0.525	0.001	1.000	0.016	-6.004	0.240	0.257
-10.0	-0.543	0.07444	0.003	0.480	0.001	1.000	0.012	-7.299	0.241	0.255
-9.0	-0.573	0.06432	0.003	0.439	0.001	1.000	0.015	-8.905	0.244	0.255
-8.0	-0.580	0.05529	0.003	0.400	0.001	1.000	0.022	-10.494	0.268	0.255
-7.0	-0.696	0.01400	0.005	0.355	0.003	1.000	0.998	-49.698	0.280	0.257
-6.0	-0.634	0.01345	0.004	0.314	0.004	1.000	0.998	-47.128	0.259	0.257
-5.0	-0.546	0.01273	0.004	0.276	0.004	1.000	0.999	-42.855	0.258	0.257
-4.0	-0.446	0.01215	0.003	0.242	0.005	1.000	0.998	-36.725	0.257	0.256
-3.0	-0.339	0.01169	0.002	0.208	0.008	1.000	0.998	-29.005	0.257	0.256
-2.0	-0.228	0.01136	0.001	0.168	0.020	1.000	0.998	-20.051	0.256	0.256
-1.0	-0.114	0.01112	0.001	0.131	0.053	1.000	0.998	-10.276	0.256	0.256
0.0	-0.000	0.01101	-0.000	0.091	0.091	1.000	0.999	-0.000	0.256	0.250
1.0	0.114	0.01112	-0.001	0.053	0.131	1.000	0.999	10.279	0.256	0.256
2.0	0.228	0.01136	-0.001	0.020	0.168	1.000	0.999	20.057	0.256	0.256
3.0	0.339	0.01169	-0.002	0.008	0.208	1.000	0.999	29.015	0.257	0.256
4.0	0.446	0.01215	-0.003	0.005	0.242	1.000	0.999	36.738	0.257	0.256
5.0	0.546	0.01273	-0.004	0.004	0.276	1.000	0.999	42.868	0.258	0.257
6.0	0.634	0.01345	-0.004	0.004	0.314	1.000	0.999	47.144	0.259	0.257
7.0	0.696	0.01400	-0.005	0.003	0.355	1.000	0.999	49.718	0.280	0.257
8.0	0.580	0.05529	-0.003	0.001	0.400	0.022	0.999	10.494	0.268	0.255
9.0	0.573	0.06432	-0.003	0.001	0.439	0.015	0.999	8.905	0.244	0.255
10.0	0.543	0.07444	-0.003	0.001	0.480	0.012	0.999	7.299	0.241	0.255
11.0	0.500	0.08324	-0.003	0.001	0.525	0.016	0.999	6.004	0.240	0.257
12.0	0.449	0.09096	-0.004	0.001	0.573	0.021	0.999	4.932	0.242	0.259
13.0	0.396	0.10153	-0.004	0.001	0.624	0.022	0.999	3.896	0.243	0.261
14.0	0.345	0.11242	-0.005	0.001	0.680	0.024	0.999	3.071	0.242	0.263
15.0	0.300	0.12499	-0.005	0.001	0.743	0.026	0.999	2.399	0.242	0.267
16.0	0.260	0.13799	-0.005	0.001	0.805	0.027	0.999	1.883	0.242	0.270
17.0	0.225	0.15378	-0.006	0.001	0.873	0.026	0.999	1.464	0.240	0.275
18.0	0.196	0.16644	-0.006	0.001	0.920	0.029	0.999	1.177	0.237	0.280
19.0	0.171	0.18327	-0.006	0.001	0.948	0.029	0.999	0.932	0.237	0.287
20.0	0.150	0.20229	-0.007	0.001	0.963	0.030	0.999	0.740	0.236	0.294

Name = NACA 0006
Mach = 0; Re = 2830000; T.U. = 1.0; T.L. = 1.0
Surface Finish = 2; Stall model = 0; Transition model = 1; Aspect Ratio = 0; ground effect = 0
?	Cl	Cd	Cm 0.25	T.U.	T.L.	S.U.	S.L.	L/D	A.C.	C.P.
[°]	[-]	[-]	[-]	[-]	[-]	[-]	[-]	[-]	[-]	[-]
-20.0	-0.150	0.19914	0.007	0.946	0.001	1.000	0.031	-0.751	0.237	0.294
-19.0	-0.171	0.18345	0.006	0.913	0.001	1.000	0.031	-0.932	0.237	0.287
-18.0	-0.196	0.16583	0.006	0.856	0.001	1.000	0.031	-1.182	0.237	0.281
-17.0	-0.225	0.15260	0.006	0.793	0.000	1.000	0.027	-1.476	0.240	0.275
-16.0	-0.260	0.13622	0.005	0.728	0.001	1.000	0.029	-1.908	0.242	0.271
-15.0	-0.300	0.12274	0.005	0.672	0.001	1.000	0.028	-2.443	0.242	0.267
-14.0	-0.345	0.11124	0.005	0.619	0.001	1.000	0.026	-3.105	0.242	0.263
-13.0	-0.396	0.10065	0.004	0.570	0.001	1.000	0.023	-3.931	0.243	0.261
-12.0	-0.449	0.08927	0.004	0.524	0.001	1.000	0.022	-5.026	0.242	0.259
-11.0	-0.500	0.08219	0.003	0.482	0.001	1.000	0.018	-6.083	0.240	0.257
-10.0	-0.544	0.07328	0.003	0.448	0.001	1.000	0.013	-7.417	0.242	0.255
-9.0	-0.573	0.06370	0.003	0.404	0.001	1.000	0.017	-8.996	0.243	0.255
-8.0	-0.580	0.05467	0.003	0.361	0.001	1.000	0.024	-10.616	0.267	0.255
-7.0	-0.696	0.01399	0.005	0.324	0.003	1.000	0.998	-49.732	0.280	0.257
-6.0	-0.634	0.01315	0.004	0.296	0.004	1.000	0.998	-48.230	0.259	0.257
-5.0	-0.546	0.01254	0.004	0.256	0.004	1.000	0.999	-43.519	0.258	0.257
-4.0	-0.446	0.01194	0.003	0.218	0.005	1.000	0.998	-37.365	0.257	0.256
-3.0	-0.339	0.01153	0.002	0.182	0.007	1.000	0.998	-29.414	0.257	0.256
-2.0	-0.228	0.01117	0.001	0.149	0.019	1.000	0.998	-20.402	0.256	0.256
-1.0	-0.114	0.01097	0.001	0.115	0.044	1.000	0.999	-10.422	0.256	0.256
0.0	-0.000	0.01084	-0.000	0.080	0.080	1.000	0.999	-0.000	0.256	0.250
1.0	0.114	0.01097	-0.001	0.044	0.115	1.000	0.999	10.425	0.256	0.256
2.0	0.228	0.01117	-0.001	0.019	0.149	1.000	0.999	20.408	0.256	0.256
3.0	0.339	0.01153	-0.002	0.007	0.182	1.000	0.999	29.424	0.257	0.256
4.0	0.446	0.01194	-0.003	0.005	0.218	1.000	0.999	37.379	0.257	0.256
5.0	0.546	0.01254	-0.004	0.004	0.256	1.000	0.999	43.532	0.258	0.257
6.0	0.634	0.01315	-0.004	0.004	0.296	1.000	0.999	48.246	0.259	0.257
7.0	0.696	0.01399	-0.005	0.003	0.324	1.000	0.999	49.750	0.279	0.257
8.0	0.580	0.05467	-0.003	0.001	0.361	0.024	0.999	10.616	0.267	0.255
9.0	0.573	0.06370	-0.003	0.001	0.404	0.017	0.999	8.996	0.243	0.255
10.0	0.544	0.07328	-0.003	0.001	0.448	0.013	0.999	7.417	0.242	0.255
11.0	0.500	0.08219	-0.003	0.001	0.482	0.018	0.999	6.083	0.240	0.257
12.0	0.449	0.08927	-0.004	0.001	0.524	0.022	0.999	5.026	0.242	0.259
13.0	0.396	0.10065	-0.004	0.001	0.570	0.023	0.999	3.931	0.243	0.261
14.0	0.345	0.11124	-0.005	0.001	0.619	0.026	0.999	3.105	0.242	0.263
15.0	0.300	0.12274	-0.005	0.001	0.672	0.028	0.999	2.443	0.242	0.267
16.0	0.260	0.13622	-0.005	0.001	0.728	0.029	0.999	1.908	0.242	0.271
17.0	0.225	0.15260	-0.006	0.000	0.793	0.027	0.999	1.476	0.240	0.275
18.0	0.196	0.16583	-0.006	0.001	0.856	0.031	0.999	1.182	0.237	0.281
19.0	0.171	0.18345	-0.006	0.001	0.913	0.031	0.999	0.932	0.237	0.287
20.0	0.150	0.19914	-0.007	0.001	0.946	0.031	0.999	0.751	0.237	0.294

Name = NACA 0006
Mach = 0; Re = 3230000; T.U. = 1.0; T.L. = 1.0
Surface Finish = 2; Stall model = 0; Transition model = 1; Aspect Ratio = 0; ground effect = 0
?	Cl	Cd	Cm 0.25	T.U.	T.L.	S.U.	S.L.	L/D	A.C.	C.P.
[°]	[-]	[-]	[-]	[-]	[-]	[-]	[-]	[-]	[-]	[-]
-20.0	-0.150	0.19547	0.007	0.909	0.001	1.000	0.032	-0.766	0.237	0.294
-19.0	-0.171	0.17965	0.006	0.847	0.001	1.000	0.032	-0.952	0.238	0.287
-18.0	-0.196	0.16491	0.006	0.783	0.001	1.000	0.032	-1.189	0.237	0.281
-17.0	-0.225	0.15108	0.006	0.723	0.000	1.000	0.029	-1.492	0.240	0.275
-16.0	-0.260	0.13619	0.005	0.669	0.001	1.000	0.031	-1.909	0.242	0.271
-15.0	-0.300	0.12201	0.005	0.620	0.001	1.000	0.029	-2.459	0.241	0.267
-14.0	-0.346	0.11105	0.005	0.573	0.001	1.000	0.028	-3.112	0.242	0.264
-13.0	-0.396	0.09930	0.004	0.529	0.000	1.000	0.024	-3.985	0.243	0.261
-12.0	-0.449	0.08910	0.004	0.492	0.001	1.000	0.023	-5.037	0.243	0.259
-11.0	-0.500	0.08250	0.004	0.453	0.000	1.000	0.020	-6.063	0.240	0.257
-10.0	-0.544	0.07318	0.003	0.410	0.001	1.000	0.015	-7.431	0.241	0.256
-9.0	-0.573	0.06304	0.003	0.371	0.001	1.000	0.019	-9.095	0.242	0.255
-8.0	-0.581	0.05452	0.003	0.344	0.001	1.000	0.026	-10.651	0.267	0.255
-7.0	-0.696	0.01383	0.005	0.304	0.002	1.000	0.998	-50.299	0.279	0.257
-6.0	-0.634	0.01299	0.004	0.267	0.004	1.000	0.998	-48.819	0.259	0.257
-5.0	-0.546	0.01232	0.004	0.235	0.004	1.000	0.999	-44.282	0.258	0.257
-4.0	-0.446	0.01172	0.003	0.208	0.005	1.000	0.998	-38.044	0.257	0.256
-3.0	-0.339	0.01134	0.002	0.171	0.007	1.000	0.998	-29.920	0.257	0.256
-2.0	-0.228	0.01104	0.001	0.137	0.017	1.000	0.998	-20.643	0.256	0.256
-1.0	-0.114	0.01079	0.001	0.105	0.040	1.000	0.999	-10.589	0.256	0.256
0.0	-0.000	0.01074	-0.000	0.072	0.072	1.000	0.999	-0.000	0.256	0.250
1.0	0.114	0.01079	-0.001	0.040	0.105	1.000	0.999	10.593	0.256	0.256
2.0	0.228	0.01104	-0.001	0.017	0.137	1.000	0.999	20.649	0.256	0.256
3.0	0.339	0.01134	-0.002	0.007	0.171	1.000	0.999	29.930	0.257	0.256
4.0	0.446	0.01172	-0.003	0.005	0.208	1.000	0.999	38.057	0.257	0.256
5.0	0.546	0.01232	-0.004	0.004	0.235	1.000	0.999	44.295	0.258	0.257
6.0	0.634	0.01299	-0.004	0.004	0.267	1.000	0.999	48.835	0.259	0.257
7.0	0.696	0.01383	-0.005	0.002	0.304	1.000	0.999	50.317	0.279	0.257
8.0	0.581	0.05452	-0.003	0.001	0.344	0.026	0.999	10.651	0.267	0.255
9.0	0.573	0.06304	-0.003	0.001	0.371	0.019	0.999	9.095	0.242	0.255
10.0	0.544	0.07318	-0.003	0.001	0.410	0.015	0.999	7.431	0.241	0.256
11.0	0.500	0.08250	-0.004	0.000	0.453	0.020	0.999	6.063	0.240	0.257
12.0	0.449	0.08910	-0.004	0.001	0.492	0.023	0.999	5.037	0.243	0.259
13.0	0.396	0.09930	-0.004	0.000	0.529	0.024	0.999	3.985	0.243	0.261
14.0	0.346	0.11105	-0.005	0.001	0.573	0.028	0.999	3.112	0.242	0.264
15.0	0.300	0.12201	-0.005	0.001	0.620	0.029	0.999	2.459	0.242	0.267
16.0	0.260	0.13619	-0.005	0.001	0.669	0.031	0.999	1.909	0.242	0.271
17.0	0.225	0.15108	-0.006	0.000	0.723	0.029	0.999	1.492	0.240	0.275
18.0	0.196	0.16491	-0.006	0.001	0.783	0.032	0.999	1.189	0.237	0.281
19.0	0.171	0.17965	-0.006	0.001	0.847	0.032	0.999	0.952	0.238	0.287
20.0	0.150	0.19547	-0.007	0.001	0.909	0.032	0.999	0.766	0.237	0.294

Name = NACA 0006
Mach = 0; Re = 3630000; T.U. = 1.0; T.L. = 1.0
Surface Finish = 2; Stall model = 0; Transition model = 1; Aspect Ratio = 0; ground effect = 0
?	Cl	Cd	Cm 0.25	T.U.	T.L.	S.U.	S.L.	L/D	A.C.	C.P.
[°]	[-]	[-]	[-]	[-]	[-]	[-]	[-]	[-]	[-]	[-]
-20.0	-0.150	0.19350	0.007	0.845	0.001	1.000	0.033	-0.774	0.237	0.295
-19.0	-0.171	0.17746	0.006	0.782	0.001	1.000	0.033	-0.964	0.238	0.287
-18.0	-0.196	0.16246	0.006	0.724	0.001	1.000	0.033	-1.207	0.237	0.281
-17.0	-0.225	0.15073	0.006	0.672	0.000	1.000	0.031	-1.496	0.240	0.275
-16.0	-0.260	0.13347	0.005	0.624	0.001	1.000	0.032	-1.949	0.242	0.271
-15.0	-0.300	0.12072	0.005	0.579	0.001	1.000	0.031	-2.486	0.242	0.267
-14.0	-0.346	0.10935	0.005	0.539	0.001	1.000	0.029	-3.161	0.241	0.264
-13.0	-0.396	0.10003	0.004	0.503	0.000	1.000	0.025	-3.956	0.242	0.261
-12.0	-0.449	0.08745	0.004	0.459	0.001	1.000	0.024	-5.133	0.243	0.259
-11.0	-0.500	0.08021	0.004	0.419	0.000	1.000	0.020	-6.236	0.241	0.257
-10.0	-0.544	0.07195	0.003	0.390	0.001	1.000	0.016	-7.560	0.242	0.256
-9.0	-0.573	0.06217	0.003	0.353	0.001	1.000	0.020	-9.224	0.243	0.255
-8.0	-0.581	0.05395	0.003	0.314	0.001	1.000	0.030	-10.775	0.267	0.255
-7.0	-0.696	0.01371	0.005	0.286	0.002	1.000	0.998	-50.732	0.278	0.257
-6.0	-0.634	0.01277	0.004	0.255	0.003	1.000	0.998	-49.642	0.259	0.257
-5.0	-0.546	0.01212	0.004	0.218	0.004	1.000	0.999	-45.020	0.258	0.257
-4.0	-0.446	0.01157	0.003	0.187	0.005	1.000	0.998	-38.557	0.257	0.256
-3.0	-0.339	0.01116	0.002	0.161	0.007	1.000	0.998	-30.386	0.257	0.256
-2.0	-0.228	0.01086	0.001	0.131	0.016	1.000	0.999	-20.985	0.256	0.256
-1.0	-0.114	0.01065	0.001	0.099	0.037	1.000	0.999	-10.729	0.256	0.256
0.0	-0.000	0.01058	-0.000	0.068	0.068	1.000	0.999	-0.000	0.256	0.250
1.0	0.114	0.01065	-0.001	0.037	0.099	1.000	0.999	10.732	0.256	0.256
2.0	0.228	0.01086	-0.001	0.016	0.131	1.000	0.999	20.991	0.256	0.256
3.0	0.339	0.01116	-0.002	0.007	0.161	1.000	0.999	30.396	0.257	0.256
4.0	0.446	0.01157	-0.003	0.005	0.187	1.000	0.999	38.570	0.257	0.256
5.0	0.546	0.01212	-0.004	0.004	0.218	1.000	0.999	45.033	0.258	0.257
6.0	0.634	0.01277	-0.004	0.003	0.255	1.000	0.999	49.658	0.259	0.257
7.0	0.696	0.01371	-0.005	0.002	0.286	1.000	0.999	50.751	0.278	0.257
8.0	0.581	0.05395	-0.003	0.001	0.314	0.030	0.999	10.775	0.267	0.255
9.0	0.573	0.06217	-0.003	0.001	0.353	0.020	0.999	9.224	0.243	0.255
10.0	0.544	0.07195	-0.003	0.001	0.390	0.016	0.999	7.560	0.242	0.256
11.0	0.500	0.08021	-0.004	0.000	0.419	0.020	0.999	6.236	0.241	0.257
12.0	0.449	0.08745	-0.004	0.001	0.459	0.024	0.999	5.133	0.243	0.259
13.0	0.396	0.10003	-0.004	0.000	0.503	0.025	0.999	3.956	0.242	0.261
14.0	0.346	0.10935	-0.005	0.001	0.539	0.029	0.999	3.161	0.241	0.264
15.0	0.300	0.12072	-0.005	0.001	0.579	0.031	0.999	2.486	0.242	0.267
16.0	0.260	0.13347	-0.005	0.001	0.624	0.032	0.999	1.949	0.242	0.271
17.0	0.225	0.15073	-0.006	0.000	0.672	0.031	0.999	1.496	0.240	0.275
18.0	0.196	0.16246	-0.006	0.001	0.724	0.033	0.999	1.207	0.237	0.281
19.0	0.171	0.17746	-0.006	0.001	0.782	0.033	0.999	0.964	0.238	0.287
20.0	0.150	0.19350	-0.007	0.001	0.845	0.033	0.999	0.774	0.237	0.295

Name = NACA 0006
Mach = 0; Re = 4030000; T.U. = 1.0; T.L. = 1.0
Surface Finish = 2; Stall model = 0; Transition model = 1; Aspect Ratio = 0; ground effect = 0
?	Cl	Cd	Cm 0.25	T.U.	T.L.	S.U.	S.L.	L/D	A.C.	C.P.
[°]	[-]	[-]	[-]	[-]	[-]	[-]	[-]	[-]	[-]	[-]
-20.0	-0.150	0.19252	0.007	0.786	0.001	1.000	0.034	-0.778	0.238	0.295
-19.0	-0.171	0.17635	0.006	0.729	0.001	1.000	0.034	-0.970	0.238	0.288
-18.0	-0.196	0.16108	0.006	0.678	0.001	1.000	0.034	-1.218	0.237	0.281
-17.0	-0.225	0.14898	0.006	0.631	0.000	1.000	0.032	-1.514	0.240	0.276
-16.0	-0.260	0.13350	0.006	0.590	0.001	1.000	0.034	-1.949	0.242	0.271
-15.0	-0.300	0.12016	0.005	0.554	0.001	1.000	0.033	-2.499	0.242	0.267
-14.0	-0.346	0.10835	0.005	0.509	0.001	1.000	0.031	-3.192	0.241	0.264
-13.0	-0.396	0.09946	0.004	0.468	0.000	1.000	0.026	-3.980	0.242	0.261
-12.0	-0.449	0.08784	0.004	0.436	0.001	1.000	0.025	-5.111	0.243	0.259
-11.0	-0.500	0.08017	0.004	0.402	0.000	1.000	0.021	-6.241	0.241	0.257
-10.0	-0.544	0.07224	0.003	0.363	0.001	1.000	0.018	-7.533	0.241	0.256
-9.0	-0.574	0.06189	0.003	0.333	0.001	1.000	0.021	-9.269	0.244	0.255
-8.0	-0.582	0.05342	0.003	0.302	0.001	1.000	0.034	-10.893	0.267	0.255
-7.0	-0.696	0.01355	0.005	0.266	0.002	1.000	0.998	-51.351	0.277	0.257
-6.0	-0.634	0.01263	0.004	0.238	0.003	1.000	0.998	-50.198	0.259	0.257
-5.0	-0.546	0.01198	0.004	0.211	0.004	1.000	0.999	-45.544	0.258	0.257
-4.0	-0.446	0.01144	0.003	0.176	0.005	1.000	0.998	-38.982	0.257	0.256
-3.0	-0.339	0.01102	0.002	0.146	0.006	1.000	0.998	-30.772	0.257	0.256
-2.0	-0.228	0.01073	0.001	0.120	0.015	1.000	0.999	-21.238	0.256	0.256
-1.0	-0.114	0.01054	0.001	0.092	0.034	1.000	0.999	-10.846	0.256	0.256
0.0	-0.000	0.01045	-0.000	0.061	0.061	1.000	0.999	-0.000	0.256	0.250
1.0	0.114	0.01054	-0.001	0.034	0.092	1.000	0.999	10.849	0.256	0.256
2.0	0.228	0.01073	-0.001	0.015	0.120	1.000	0.999	21.244	0.256	0.256
3.0	0.339	0.01102	-0.002	0.006	0.146	1.000	0.999	30.781	0.257	0.256
4.0	0.446	0.01144	-0.003	0.005	0.176	1.000	0.999	38.995	0.257	0.256
5.0	0.546	0.01198	-0.004	0.004	0.211	1.000	0.999	45.557	0.258	0.257
6.0	0.634	0.01263	-0.004	0.003	0.238	1.000	0.999	50.214	0.259	0.257
7.0	0.696	0.01355	-0.005	0.002	0.266	1.000	0.999	51.369	0.276	0.257
8.0	0.582	0.05342	-0.003	0.001	0.302	0.034	0.999	10.893	0.267	0.255
9.0	0.574	0.06189	-0.003	0.001	0.333	0.021	0.999	9.269	0.244	0.255
10.0	0.544	0.07224	-0.003	0.001	0.363	0.018	0.999	7.533	0.241	0.256
11.0	0.500	0.08017	-0.004	0.000	0.402	0.021	0.999	6.241	0.241	0.257
12.0	0.449	0.08784	-0.004	0.001	0.436	0.025	0.999	5.111	0.243	0.259
13.0	0.396	0.09946	-0.004	0.000	0.468	0.026	0.999	3.980	0.242	0.261
14.0	0.346	0.10835	-0.005	0.001	0.509	0.031	0.999	3.192	0.241	0.264
15.0	0.300	0.12016	-0.005	0.001	0.554	0.033	0.999	2.499	0.242	0.267
16.0	0.260	0.13350	-0.006	0.001	0.590	0.034	0.999	1.949	0.242	0.271
17.0	0.225	0.14898	-0.006	0.000	0.631	0.032	0.999	1.514	0.240	0.276
18.0	0.196	0.16108	-0.006	0.001	0.678	0.034	0.999	1.218	0.237	0.281
19.0	0.171	0.17635	-0.006	0.001	0.729	0.034	0.999	0.970	0.238	0.288
20.0	0.150	0.19252	-0.007	0.001	0.786	0.034	0.999	0.778	0.238	0.295

Name = NACA 0006
Mach = 0; Re = 4430000; T.U. = 1.0; T.L. = 1.0
Surface Finish = 2; Stall model = 0; Transition model = 1; Aspect Ratio = 0; ground effect = 0
?	Cl	Cd	Cm 0.25	T.U.	T.L.	S.U.	S.L.	L/D	A.C.	C.P.
[°]	[-]	[-]	[-]	[-]	[-]	[-]	[-]	[-]	[-]	[-]
-20.0	-0.150	0.19279	0.007	0.738	0.001	1.000	0.035	-0.777	0.237	0.295
-19.0	-0.171	0.17626	0.006	0.689	0.001	1.000	0.035	-0.970	0.238	0.288
-18.0	-0.196	0.16083	0.006	0.645	0.001	1.000	0.035	-1.220	0.237	0.281
-17.0	-0.226	0.14849	0.006	0.606	0.000	1.000	0.032	-1.519	0.241	0.276
-16.0	-0.260	0.13232	0.006	0.561	0.001	1.000	0.035	-1.967	0.243	0.271
-15.0	-0.300	0.11878	0.005	0.519	0.001	1.000	0.034	-2.529	0.242	0.267
-14.0	-0.346	0.10791	0.005	0.484	0.001	1.000	0.033	-3.206	0.241	0.264
-13.0	-0.396	0.09861	0.004	0.452	0.000	1.000	0.027	-4.016	0.242	0.261
-12.0	-0.449	0.08797	0.004	0.411	0.001	1.000	0.026	-5.104	0.242	0.259
-11.0	-0.500	0.07950	0.004	0.380	0.000	1.000	0.022	-6.295	0.241	0.257
-10.0	-0.544	0.07077	0.003	0.351	0.001	1.000	0.018	-7.691	0.242	0.256
-9.0	-0.574	0.06169	0.003	0.313	0.001	1.000	0.022	-9.301	0.244	0.255
-8.0	-0.582	0.05306	0.003	0.287	0.001	1.000	0.037	-10.974	0.266	0.255
-7.0	-0.696	0.01342	0.005	0.257	0.002	1.000	0.998	-51.856	0.276	0.257
-6.0	-0.634	0.01246	0.004	0.222	0.003	1.000	0.999	-50.897	0.259	0.257
-5.0	-0.546	0.01180	0.004	0.198	0.004	1.000	0.999	-46.217	0.258	0.257
-4.0	-0.446	0.01128	0.003	0.170	0.004	1.000	0.998	-39.540	0.257	0.256
-3.0	-0.339	0.01094	0.002	0.138	0.006	1.000	0.998	-31.012	0.257	0.256
-2.0	-0.228	0.01062	0.001	0.110	0.015	1.000	0.999	-21.450	0.256	0.256
-1.0	-0.114	0.01043	0.001	0.083	0.032	1.000	0.999	-10.954	0.256	0.256
0.0	-0.000	0.01037	-0.000	0.056	0.056	1.000	0.999	-0.000	0.256	0.250
1.0	0.114	0.01043	-0.001	0.032	0.083	1.000	0.999	10.957	0.256	0.256
2.0	0.228	0.01062	-0.001	0.015	0.110	1.000	0.999	21.456	0.256	0.256
3.0	0.339	0.01094	-0.002	0.006	0.138	1.000	0.999	31.021	0.257	0.256
4.0	0.446	0.01128	-0.003	0.004	0.170	1.000	0.999	39.553	0.257	0.256
5.0	0.546	0.01180	-0.004	0.004	0.198	1.000	0.999	46.230	0.258	0.257
6.0	0.634	0.01246	-0.004	0.003	0.222	1.000	0.999	50.912	0.259	0.257
7.0	0.696	0.01341	-0.005	0.002	0.257	1.000	0.999	51.874	0.276	0.257
8.0	0.582	0.05306	-0.003	0.001	0.287	0.037	0.999	10.974	0.266	0.255
9.0	0.574	0.06169	-0.003	0.001	0.313	0.022	0.999	9.301	0.244	0.255
10.0	0.544	0.07077	-0.003	0.001	0.351	0.018	0.999	7.691	0.242	0.256
11.0	0.500	0.07950	-0.004	0.000	0.380	0.022	0.999	6.295	0.241	0.257
12.0	0.449	0.08797	-0.004	0.001	0.411	0.026	0.999	5.104	0.242	0.259
13.0	0.396	0.09861	-0.004	0.000	0.452	0.027	0.999	4.016	0.242	0.261
14.0	0.346	0.10791	-0.005	0.001	0.484	0.033	0.999	3.206	0.241	0.264
15.0	0.300	0.11878	-0.005	0.001	0.519	0.034	0.999	2.529	0.242	0.267
16.0	0.260	0.13232	-0.006	0.001	0.561	0.035	0.999	1.967	0.243	0.271
17.0	0.226	0.14849	-0.006	0.000	0.606	0.032	0.999	1.519	0.241	0.276
18.0	0.196	0.16083	-0.006	0.001	0.645	0.035	0.999	1.220	0.237	0.281
19.0	0.171	0.17626	-0.006	0.001	0.689	0.035	0.999	0.970	0.238	0.288
20.0	0.150	0.19279	-0.007	0.001	0.738	0.035	0.999	0.777	0.237	0.295

Name = NACA 0006
Mach = 0; Re = 4830000; T.U. = 1.0; T.L. = 1.0
Surface Finish = 2; Stall model = 0; Transition model = 1; Aspect Ratio = 0; ground effect = 0
?	Cl	Cd	Cm 0.25	T.U.	T.L.	S.U.	S.L.	L/D	A.C.	C.P.
[°]	[-]	[-]	[-]	[-]	[-]	[-]	[-]	[-]	[-]	[-]
-20.0	-0.150	0.19000	0.007	0.704	0.001	1.000	0.036	-0.788	0.237	0.295
-19.0	-0.171	0.17359	0.006	0.659	0.001	1.000	0.036	-0.986	0.238	0.288
-18.0	-0.196	0.15826	0.006	0.613	0.001	1.000	0.036	-1.240	0.238	0.282
-17.0	-0.226	0.14820	0.006	0.571	0.000	1.000	0.033	-1.522	0.240	0.276
-16.0	-0.260	0.13059	0.006	0.534	0.001	1.000	0.035	-1.993	0.242	0.271
-15.0	-0.300	0.11785	0.005	0.503	0.001	1.000	0.035	-2.549	0.242	0.267
-14.0	-0.346	0.10675	0.005	0.461	0.001	1.000	0.034	-3.242	0.241	0.264
-13.0	-0.396	0.09731	0.004	0.426	0.000	1.000	0.028	-4.071	0.242	0.261
-12.0	-0.449	0.08717	0.004	0.400	0.001	1.000	0.027	-5.154	0.242	0.259
-11.0	-0.501	0.07874	0.004	0.361	0.000	1.000	0.022	-6.357	0.241	0.257
-10.0	-0.544	0.07103	0.003	0.334	0.001	1.000	0.019	-7.664	0.242	0.256
-9.0	-0.574	0.06172	0.003	0.303	0.001	1.000	0.023	-9.299	0.244	0.255
-8.0	-0.583	0.05277	0.003	0.268	0.001	1.000	0.039	-11.041	0.266	0.255
-7.0	-0.696	0.01323	0.005	0.251	0.002	1.000	0.998	-52.579	0.275	0.257
-6.0	-0.634	0.01235	0.004	0.214	0.003	1.000	0.999	-51.364	0.259	0.257
-5.0	-0.546	0.01172	0.004	0.184	0.004	1.000	0.999	-46.550	0.258	0.257
-4.0	-0.446	0.01119	0.003	0.165	0.004	1.000	0.998	-39.861	0.257	0.256
-3.0	-0.339	0.01079	0.002	0.133	0.006	1.000	0.999	-31.444	0.257	0.256
-2.0	-0.228	0.01050	0.001	0.104	0.013	1.000	0.999	-21.705	0.256	0.256
-1.0	-0.114	0.01034	0.001	0.078	0.029	1.000	0.999	-11.059	0.256	0.256
0.0	-0.000	0.01024	-0.000	0.053	0.053	1.000	0.999	-0.000	0.256	0.250
1.0	0.114	0.01034	-0.001	0.029	0.078	1.000	0.999	11.062	0.256	0.256
2.0	0.228	0.01050	-0.001	0.013	0.104	1.000	0.999	21.712	0.256	0.256
3.0	0.339	0.01079	-0.002	0.006	0.133	1.000	0.999	31.453	0.257	0.256
4.0	0.446	0.01119	-0.003	0.004	0.165	1.000	0.999	39.874	0.257	0.256
5.0	0.546	0.01172	-0.004	0.004	0.184	1.000	0.999	46.563	0.258	0.257
6.0	0.634	0.01235	-0.004	0.003	0.214	1.000	0.999	51.380	0.259	0.257
7.0	0.696	0.01323	-0.005	0.002	0.251	1.000	0.999	52.597	0.275	0.257
8.0	0.583	0.05277	-0.003	0.001	0.268	0.039	0.999	11.041	0.266	0.255
9.0	0.574	0.06172	-0.003	0.001	0.303	0.023	0.999	9.299	0.244	0.255
10.0	0.544	0.07103	-0.003	0.001	0.334	0.019	0.999	7.664	0.242	0.256
11.0	0.501	0.07874	-0.004	0.000	0.361	0.022	0.999	6.357	0.241	0.257
12.0	0.449	0.08717	-0.004	0.001	0.400	0.027	0.999	5.154	0.242	0.259
13.0	0.396	0.09731	-0.004	0.000	0.426	0.028	0.999	4.071	0.242	0.261
14.0	0.346	0.10675	-0.005	0.001	0.461	0.034	0.999	3.242	0.241	0.264
15.0	0.300	0.11785	-0.005	0.001	0.503	0.035	0.999	2.549	0.242	0.267
16.0	0.260	0.13059	-0.006	0.001	0.534	0.035	0.999	1.993	0.242	0.271
17.0	0.226	0.14820	-0.006	0.000	0.571	0.033	0.999	1.522	0.240	0.276
18.0	0.196	0.15826	-0.006	0.001	0.613	0.036	0.999	1.240	0.238	0.282
19.0	0.171	0.17359	-0.006	0.001	0.659	0.036	0.999	0.986	0.238	0.288
20.0	0.150	0.19000	-0.007	0.001	0.704	0.036	0.999	0.788	0.237	0.295

Name = NACA 0006
Mach = 0; Re = 5230000; T.U. = 1.0; T.L. = 1.0
Surface Finish = 2; Stall model = 0; Transition model = 1; Aspect Ratio = 0; ground effect = 0
?	Cl	Cd	Cm 0.25	T.U.	T.L.	S.U.	S.L.	L/D	A.C.	C.P.
[°]	[-]	[-]	[-]	[-]	[-]	[-]	[-]	[-]	[-]	[-]
-20.0	-0.150	0.19176	0.007	0.668	0.001	1.000	0.037	-0.781	0.236	0.295
-19.0	-0.171	0.17472	0.007	0.625	0.001	1.000	0.037	-0.979	0.237	0.288
-18.0	-0.196	0.15887	0.006	0.587	0.001	1.000	0.037	-1.235	0.237	0.282
-17.0	-0.226	0.14598	0.006	0.555	0.000	1.000	0.034	-1.546	0.240	0.276
-16.0	-0.260	0.13041	0.006	0.513	0.001	1.000	0.036	-1.996	0.242	0.271
-15.0	-0.300	0.11822	0.005	0.475	0.001	1.000	0.036	-2.542	0.242	0.268
-14.0	-0.346	0.10594	0.005	0.450	0.001	1.000	0.035	-3.267	0.242	0.264
-13.0	-0.396	0.09711	0.004	0.409	0.000	1.000	0.030	-4.081	0.242	0.261
-12.0	-0.449	0.08664	0.004	0.380	0.001	1.000	0.029	-5.187	0.242	0.259
-11.0	-0.501	0.07823	0.004	0.352	0.000	1.000	0.023	-6.399	0.240	0.257
-10.0	-0.544	0.07020	0.003	0.315	0.001	1.000	0.020	-7.756	0.242	0.256
-9.0	-0.574	0.06152	0.003	0.298	0.001	1.000	0.024	-9.331	0.245	0.255
-8.0	-0.583	0.05246	0.003	0.259	0.001	1.000	0.042	-11.114	0.266	0.255
-7.0	-0.696	0.01315	0.005	0.231	0.002	1.000	0.998	-52.910	0.275	0.257
-6.0	-0.634	0.01217	0.004	0.209	0.003	1.000	0.999	-52.110	0.259	0.257
-5.0	-0.546	0.01161	0.004	0.176	0.004	1.000	0.999	-46.987	0.258	0.257
-4.0	-0.446	0.01107	0.003	0.151	0.004	1.000	0.998	-40.306	0.257	0.256
-3.0	-0.339	0.01068	0.002	0.130	0.006	1.000	0.999	-31.752	0.257	0.256
-2.0	-0.228	0.01045	0.001	0.100	0.011	1.000	0.999	-21.800	0.256	0.256
-1.0	-0.114	0.01024	0.001	0.074	0.027	1.000	0.999	-11.165	0.256	0.256
0.0	-0.000	0.01017	-0.000	0.050	0.050	1.000	0.999	-0.000	0.256	0.250
1.0	0.114	0.01024	-0.001	0.027	0.074	1.000	0.999	11.168	0.256	0.256
2.0	0.228	0.01045	-0.001	0.011	0.100	1.000	0.999	21.805	0.256	0.256
3.0	0.339	0.01068	-0.002	0.006	0.130	1.000	0.999	31.761	0.257	0.256
4.0	0.446	0.01107	-0.003	0.004	0.151	1.000	0.999	40.319	0.257	0.256
5.0	0.546	0.01161	-0.004	0.004	0.176	1.000	0.999	47.000	0.258	0.257
6.0	0.634	0.01217	-0.004	0.003	0.209	1.000	0.999	52.125	0.259	0.257
7.0	0.696	0.01315	-0.005	0.002	0.231	1.000	0.999	52.928	0.275	0.257
8.0	0.583	0.05246	-0.003	0.001	0.259	0.042	0.999	11.114	0.266	0.255
9.0	0.574	0.06152	-0.003	0.001	0.298	0.024	0.999	9.331	0.245	0.255
10.0	0.544	0.07020	-0.003	0.001	0.315	0.020	0.999	7.756	0.242	0.256
11.0	0.501	0.07823	-0.004	0.000	0.352	0.023	0.999	6.399	0.240	0.257
12.0	0.449	0.08664	-0.004	0.001	0.380	0.029	0.999	5.187	0.242	0.259
13.0	0.396	0.09711	-0.004	0.000	0.409	0.030	0.999	4.081	0.242	0.261
14.0	0.346	0.10594	-0.005	0.001	0.450	0.035	0.999	3.267	0.242	0.264
15.0	0.300	0.11822	-0.005	0.001	0.475	0.036	0.999	2.542	0.242	0.268
16.0	0.260	0.13041	-0.006	0.001	0.513	0.036	0.999	1.996	0.242	0.271
17.0	0.226	0.14598	-0.006	0.000	0.555	0.034	0.999	1.546	0.240	0.276
18.0	0.196	0.15887	-0.006	0.001	0.587	0.037	0.999	1.235	0.237	0.282
19.0	0.171	0.17472	-0.007	0.001	0.625	0.037	0.999	0.979	0.237	0.288
20.0	0.150	0.19176	-0.007	0.001	0.668	0.037	0.999	0.781	0.236	0.295

Name = NACA 0006
Mach = 0; Re = 5630000; T.U. = 1.0; T.L. = 1.0
Surface Finish = 2; Stall model = 0; Transition model = 1; Aspect Ratio = 0; ground effect = 0
?	Cl	Cd	Cm 0.25	T.U.	T.L.	S.U.	S.L.	L/D	A.C.	C.P.
[°]	[-]	[-]	[-]	[-]	[-]	[-]	[-]	[-]	[-]	[-]
-20.0	-0.150	0.19005	0.007	0.643	0.001	1.000	0.037	-0.789	0.236	0.296
-19.0	-0.171	0.17302	0.007	0.607	0.001	1.000	0.037	-0.989	0.237	0.288
-18.0	-0.196	0.15721	0.006	0.564	0.001	1.000	0.037	-1.248	0.237	0.282
-17.0	-0.226	0.14430	0.006	0.526	0.000	1.000	0.034	-1.564	0.240	0.276
-16.0	-0.260	0.12884	0.006	0.502	0.001	1.000	0.037	-2.021	0.242	0.272
-15.0	-0.301	0.11664	0.005	0.459	0.001	1.000	0.036	-2.576	0.242	0.268
-14.0	-0.346	0.10648	0.005	0.426	0.001	1.000	0.036	-3.252	0.242	0.264
-13.0	-0.396	0.09736	0.004	0.400	0.000	1.000	0.031	-4.071	0.242	0.261
-12.0	-0.450	0.08573	0.004	0.363	0.001	1.000	0.030	-5.244	0.242	0.259
-11.0	-0.501	0.07793	0.004	0.344	0.000	1.000	0.023	-6.424	0.240	0.257
-10.0	-0.545	0.07062	0.003	0.306	0.001	1.000	0.021	-7.712	0.242	0.256
-9.0	-0.574	0.06111	0.003	0.276	0.001	1.000	0.024	-9.395	0.245	0.255
-8.0	-0.583	0.05208	0.003	0.254	0.001	1.000	0.044	-11.202	0.266	0.255
-7.0	-0.696	0.01307	0.005	0.221	0.001	1.000	0.998	-53.244	0.274	0.257
-6.0	-0.634	0.01206	0.004	0.202	0.003	1.000	0.999	-52.569	0.259	0.257
-5.0	-0.546	0.01146	0.004	0.171	0.004	1.000	0.999	-47.621	0.258	0.257
-4.0	-0.446	0.01098	0.003	0.142	0.004	1.000	0.998	-40.623	0.257	0.256
-3.0	-0.339	0.01059	0.002	0.122	0.006	1.000	0.999	-32.027	0.257	0.256
-2.0	-0.228	0.01034	0.001	0.098	0.010	1.000	0.999	-22.032	0.256	0.256
-1.0	-0.114	0.01014	0.001	0.071	0.026	1.000	0.999	-11.267	0.256	0.256
0.0	-0.000	0.01011	-0.000	0.048	0.048	1.000	0.999	-0.000	0.256	0.250
1.0	0.114	0.01014	-0.001	0.026	0.071	1.000	0.999	11.270	0.256	0.256
2.0	0.228	0.01034	-0.001	0.010	0.098	1.000	0.999	22.037	0.256	0.256
3.0	0.339	0.01059	-0.002	0.006	0.122	1.000	0.999	32.037	0.257	0.256
4.0	0.446	0.01098	-0.003	0.004	0.142	1.000	0.999	40.636	0.257	0.256
5.0	0.546	0.01146	-0.004	0.004	0.171	1.000	0.999	47.633	0.258	0.257
6.0	0.634	0.01206	-0.004	0.003	0.202	1.000	0.999	52.584	0.259	0.257
7.0	0.696	0.01307	-0.005	0.001	0.221	1.000	0.999	53.262	0.274	0.257
8.0	0.583	0.05208	-0.003	0.001	0.254	0.044	0.999	11.202	0.266	0.255
9.0	0.574	0.06111	-0.003	0.001	0.276	0.024	0.999	9.395	0.245	0.255
10.0	0.545	0.07062	-0.003	0.001	0.306	0.021	0.999	7.712	0.242	0.256
11.0	0.501	0.07793	-0.004	0.000	0.344	0.023	0.999	6.424	0.240	0.257
12.0	0.450	0.08573	-0.004	0.001	0.363	0.030	0.999	5.244	0.242	0.259
13.0	0.396	0.09736	-0.004	0.000	0.400	0.031	0.999	4.071	0.242	0.261
14.0	0.346	0.10648	-0.005	0.001	0.426	0.036	0.999	3.252	0.242	0.264
15.0	0.301	0.11664	-0.005	0.001	0.459	0.036	0.999	2.576	0.242	0.268
16.0	0.260	0.12884	-0.006	0.001	0.502	0.037	0.999	2.021	0.242	0.272
17.0	0.226	0.14430	-0.006	0.000	0.526	0.034	0.999	1.564	0.240	0.276
18.0	0.196	0.15721	-0.006	0.001	0.564	0.037	0.999	1.248	0.237	0.282
19.0	0.171	0.17302	-0.007	0.001	0.607	0.037	0.999	0.989	0.237	0.288
20.0	0.150	0.19005	-0.007	0.001	0.643	0.037	0.999	0.789	0.236	0.296

Name = NACA 0006
Mach = 0; Re = 6030000; T.U. = 1.0; T.L. = 1.0
Surface Finish = 2; Stall model = 0; Transition model = 1; Aspect Ratio = 0; ground effect = 0
?	Cl	Cd	Cm 0.25	T.U.	T.L.	S.U.	S.L.	L/D	A.C.	C.P.
[°]	[-]	[-]	[-]	[-]	[-]	[-]	[-]	[-]	[-]	[-]
-20.0	-0.150	0.18885	0.007	0.618	0.001	1.000	0.038	-0.794	0.236	0.296
-19.0	-0.171	0.17178	0.007	0.579	0.001	1.000	0.038	-0.996	0.237	0.288
-18.0	-0.196	0.15594	0.006	0.553	0.001	1.000	0.038	-1.259	0.238	0.282
-17.0	-0.226	0.14510	0.006	0.511	0.000	1.000	0.036	-1.556	0.240	0.276
-16.0	-0.260	0.12930	0.006	0.475	0.001	1.000	0.038	-2.014	0.242	0.272
-15.0	-0.301	0.11672	0.005	0.451	0.001	1.000	0.037	-2.575	0.242	0.268
-14.0	-0.346	0.10513	0.005	0.411	0.001	1.000	0.036	-3.294	0.241	0.264
-13.0	-0.396	0.09599	0.004	0.387	0.000	1.000	0.031	-4.129	0.242	0.261
-12.0	-0.450	0.08582	0.004	0.354	0.001	1.000	0.031	-5.239	0.242	0.259
-11.0	-0.501	0.07850	0.004	0.321	0.000	1.000	0.024	-6.379	0.240	0.257
-10.0	-0.545	0.07010	0.003	0.301	0.001	1.000	0.021	-7.770	0.242	0.256
-9.0	-0.574	0.06050	0.003	0.265	0.001	1.000	0.025	-9.490	0.240	0.255
-8.0	-0.582	0.05299	0.003	0.251	0.001	1.000	0.035	-10.984	0.266	0.255
-7.0	-0.696	0.01297	0.005	0.214	0.001	1.000	0.998	-53.645	0.276	0.257
-6.0	-0.634	0.01199	0.004	0.187	0.003	1.000	0.999	-52.872	0.259	0.257
-5.0	-0.546	0.01138	0.004	0.168	0.004	1.000	0.999	-47.931	0.258	0.257
-4.0	-0.446	0.01088	0.003	0.137	0.004	1.000	0.998	-40.995	0.257	0.256
-3.0	-0.339	0.01051	0.002	0.114	0.006	1.000	0.999	-32.268	0.257	0.256
-2.0	-0.228	0.01025	0.001	0.096	0.010	1.000	0.999	-22.226	0.256	0.256
-1.0	-0.114	0.01007	0.001	0.070	0.024	1.000	0.999	-11.350	0.256	0.256
0.0	-0.000	0.00999	-0.000	0.046	0.046	1.000	0.999	-0.000	0.256	0.250
1.0	0.114	0.01007	-0.001	0.024	0.070	1.000	0.999	11.353	0.256	0.256
2.0	0.228	0.01025	-0.001	0.010	0.096	1.000	0.999	22.231	0.256	0.256
3.0	0.339	0.01051	-0.002	0.006	0.114	1.000	0.999	32.278	0.257	0.256
4.0	0.446	0.01088	-0.003	0.004	0.137	1.000	0.999	41.008	0.257	0.256
5.0	0.546	0.01138	-0.004	0.004	0.168	1.000	0.999	47.943	0.258	0.257
6.0	0.634	0.01199	-0.004	0.003	0.187	1.000	0.999	52.887	0.259	0.257
7.0	0.696	0.01297	-0.005	0.001	0.214	1.000	0.999	53.663	0.276	0.257
8.0	0.582	0.05299	-0.003	0.001	0.251	0.035	0.999	10.984	0.266	0.255
9.0	0.574	0.06050	-0.003	0.001	0.265	0.025	0.999	9.490	0.240	0.255
10.0	0.545	0.07010	-0.003	0.001	0.301	0.021	0.999	7.770	0.242	0.256
11.0	0.501	0.07850	-0.004	0.000	0.321	0.024	0.999	6.379	0.240	0.257
12.0	0.450	0.08582	-0.004	0.001	0.354	0.031	0.999	5.239	0.242	0.259
13.0	0.396	0.09599	-0.004	0.000	0.387	0.031	0.999	4.129	0.242	0.261
14.0	0.346	0.10513	-0.005	0.001	0.411	0.036	0.999	3.294	0.241	0.264
15.0	0.301	0.11672	-0.005	0.001	0.451	0.037	0.999	2.575	0.242	0.268
16.0	0.260	0.12930	-0.006	0.001	0.475	0.038	0.999	2.014	0.242	0.272
17.0	0.226	0.14510	-0.006	0.000	0.511	0.036	0.999	1.556	0.240	0.276
18.0	0.196	0.15594	-0.006	0.001	0.553	0.038	0.999	1.259	0.238	0.282
19.0	0.171	0.17178	-0.007	0.001	0.579	0.038	0.999	0.996	0.237	0.288
20.0	0.150	0.18885	-0.007	0.001	0.618	0.038	0.999	0.794	0.236	0.296

Name = NACA 0006
Mach = 0; Re = 6430000; T.U. = 1.0; T.L. = 1.0
Surface Finish = 2; Stall model = 0; Transition model = 1; Aspect Ratio = 0; ground effect = 0
?	Cl	Cd	Cm 0.25	T.U.	T.L.	S.U.	S.L.	L/D	A.C.	C.P.
[°]	[-]	[-]	[-]	[-]	[-]	[-]	[-]	[-]	[-]	[-]
-20.0	-0.150	0.18811	0.007	0.605	0.000	1.000	0.038	-0.797	0.237	0.296
-19.0	-0.171	0.17089	0.007	0.563	0.001	1.000	0.038	-1.002	0.238	0.288
-18.0	-0.196	0.15502	0.006	0.526	0.001	1.000	0.038	-1.266	0.238	0.282
-17.0	-0.226	0.14395	0.006	0.502	0.000	1.000	0.036	-1.568	0.240	0.276
-16.0	-0.260	0.12823	0.006	0.461	0.001	1.000	0.038	-2.031	0.242	0.272
-15.0	-0.301	0.11565	0.005	0.432	0.001	1.000	0.038	-2.600	0.242	0.268
-14.0	-0.346	0.10511	0.005	0.403	0.001	1.000	0.037	-3.295	0.242	0.264
-13.0	-0.396	0.09566	0.005	0.367	0.000	1.000	0.032	-4.145	0.242	0.261
-12.0	-0.450	0.08526	0.004	0.349	0.001	1.000	0.032	-5.275	0.242	0.259
-11.0	-0.501	0.07861	0.004	0.311	0.000	1.000	0.024	-6.371	0.240	0.257
-10.0	-0.545	0.06925	0.003	0.294	0.001	1.000	0.021	-7.865	0.242	0.256
-9.0	-0.574	0.06057	0.003	0.259	0.001	1.000	0.026	-9.482	0.241	0.255
-8.0	-0.582	0.05274	0.003	0.232	0.001	1.000	0.037	-11.042	0.266	0.255
-7.0	-0.696	0.01281	0.005	0.211	0.001	1.000	0.998	-54.299	0.276	0.257
-6.0	-0.634	0.01185	0.004	0.179	0.003	1.000	0.999	-53.505	0.259	0.257
-5.0	-0.546	0.01128	0.004	0.166	0.004	1.000	0.999	-48.343	0.258	0.257
-4.0	-0.446	0.01079	0.003	0.134	0.004	1.000	0.998	-41.344	0.257	0.256
-3.0	-0.339	0.01044	0.002	0.108	0.006	1.000	0.999	-32.504	0.257	0.256
-2.0	-0.228	0.01018	0.001	0.089	0.010	1.000	0.999	-22.377	0.256	0.256
-1.0	-0.114	0.00998	0.001	0.068	0.023	1.000	0.999	-11.451	0.256	0.256
0.0	-0.000	0.00993	-0.000	0.044	0.044	1.000	0.999	-0.000	0.256	0.250
1.0	0.114	0.00998	-0.001	0.023	0.068	1.000	0.999	11.453	0.256	0.256
2.0	0.228	0.01018	-0.001	0.010	0.089	1.000	0.999	22.382	0.256	0.256
3.0	0.339	0.01044	-0.002	0.006	0.108	1.000	0.999	32.514	0.257	0.256
4.0	0.446	0.01079	-0.003	0.004	0.134	1.000	0.999	41.357	0.257	0.256
5.0	0.546	0.01128	-0.004	0.004	0.166	1.000	0.999	48.356	0.258	0.257
6.0	0.634	0.01185	-0.004	0.003	0.179	1.000	0.999	53.520	0.259	0.257
7.0	0.696	0.01281	-0.005	0.001	0.211	1.000	0.999	54.317	0.276	0.257
8.0	0.582	0.05274	-0.003	0.001	0.232	0.037	0.999	11.042	0.266	0.255
9.0	0.574	0.06057	-0.003	0.001	0.259	0.026	0.999	9.482	0.241	0.255
10.0	0.545	0.06925	-0.003	0.001	0.294	0.021	0.999	7.865	0.242	0.256
11.0	0.501	0.07861	-0.004	0.000	0.311	0.024	0.999	6.371	0.240	0.257
12.0	0.450	0.08526	-0.004	0.001	0.349	0.032	0.999	5.275	0.242	0.259
13.0	0.396	0.09566	-0.005	0.000	0.367	0.032	0.999	4.145	0.242	0.261
14.0	0.346	0.10511	-0.005	0.001	0.403	0.037	0.999	3.295	0.242	0.264
15.0	0.301	0.11565	-0.005	0.001	0.432	0.038	0.999	2.600	0.242	0.268
16.0	0.260	0.12823	-0.006	0.001	0.461	0.038	0.999	2.031	0.242	0.272
17.0	0.226	0.14395	-0.006	0.000	0.502	0.036	0.999	1.568	0.240	0.276
18.0	0.196	0.15502	-0.006	0.001	0.526	0.038	0.999	1.266	0.238	0.282
19.0	0.171	0.17089	-0.007	0.001	0.563	0.038	0.999	1.002	0.238	0.288
20.0	0.150	0.18811	-0.007	0.000	0.605	0.038	0.999	0.797	0.237	0.296


