Name = NACA 0008
Mach = 0; Re = 30000; T.U. = 1.0; T.L. = 1.0
Surface Finish = 2; Stall model = 0; Transition model = 1; Aspect Ratio = 0; ground effect = 0
?	Cl	Cd	Cm 0.25	T.U.	T.L.	S.U.	S.L.	L/D	A.C.	C.P.
[°]	[-]	[-]	[-]	[-]	[-]	[-]	[-]	[-]	[-]	[-]
-20.0	-0.348	0.95175	0.005	0.990	0.001	0.993	0.002	-0.366	0.243	0.264
-19.0	-0.389	0.77675	0.005	0.990	0.001	0.992	0.002	-0.500	0.244	0.262
-18.0	-0.434	0.62960	0.004	0.989	0.001	0.992	0.002	-0.689	0.246	0.260
-17.0	-0.483	0.57317	0.004	0.988	0.001	0.992	0.002	-0.842	0.247	0.259
-16.0	-0.535	0.46845	0.004	0.986	0.001	0.991	0.003	-1.141	0.248	0.257
-15.0	-0.588	0.36412	0.004	0.985	0.002	0.991	0.003	-1.614	0.248	0.257
-14.0	-0.639	0.30235	0.004	0.983	0.002	0.991	0.004	-2.114	0.247	0.256
-13.0	-0.685	0.25938	0.004	0.981	0.003	0.990	0.004	-2.641	0.246	0.255
-12.0	-0.721	0.21136	0.003	0.979	0.003	0.990	0.005	-3.409	0.242	0.255
-11.0	-0.741	0.17023	0.003	0.977	0.004	0.990	0.005	-4.352	0.228	0.254
-10.0	-0.742	0.13729	0.003	0.974	0.004	0.990	0.005	-5.401	0.264	0.254
-9.0	-0.709	0.11081	0.003	0.968	0.005	0.988	0.006	-6.397	0.256	0.254
-8.0	-0.662	0.08864	0.003	0.963	0.005	0.986	0.007	-7.468	0.255	0.254
-7.0	-0.602	0.07478	0.002	0.958	0.005	0.984	0.007	-8.055	0.254	0.254
-6.0	-0.532	0.06330	0.002	0.947	0.006	0.982	0.008	-8.403	0.253	0.254
-5.0	-0.453	0.05412	0.002	0.936	0.008	0.981	0.011	-8.372	0.250	0.254
-4.0	-0.372	0.04719	0.002	0.918	0.020	0.979	0.061	-7.890	0.242	0.255
-3.0	-0.346	0.02537	0.003	0.896	0.370	0.979	0.990	-13.648	0.252	0.258
-2.0	-0.232	0.02333	0.002	0.864	0.541	0.978	0.987	-9.926	0.258	0.257
-1.0	-0.116	0.02305	0.001	0.818	0.661	0.979	0.984	-5.029	0.257	0.257
0.0	0.000	0.02578	-0.000	0.754	0.754	0.981	0.981	0.000	0.257	0.250
1.0	0.116	0.02307	-0.001	0.661	0.818	0.983	0.979	5.026	0.257	0.257
2.0	0.232	0.02330	-0.002	0.541	0.864	0.987	0.978	9.940	0.258	0.257
3.0	0.346	0.02544	-0.003	0.370	0.896	0.990	0.978	13.608	0.252	0.258
4.0	0.372	0.04717	-0.002	0.020	0.918	0.061	0.979	7.894	0.242	0.255
5.0	0.453	0.05413	-0.002	0.008	0.936	0.011	0.981	8.371	0.250	0.254
6.0	0.532	0.06331	-0.002	0.006	0.947	0.008	0.982	8.402	0.253	0.254
7.0	0.602	0.07477	-0.002	0.005	0.958	0.007	0.984	8.056	0.254	0.254
8.0	0.662	0.08864	-0.003	0.005	0.963	0.007	0.986	7.468	0.255	0.254
9.0	0.709	0.11081	-0.003	0.005	0.968	0.006	0.988	6.397	0.256	0.254
10.0	0.742	0.13695	-0.003	0.004	0.974	0.005	0.990	5.415	0.264	0.254
11.0	0.741	0.17021	-0.003	0.004	0.977	0.005	0.990	4.352	0.228	0.254
12.0	0.721	0.21135	-0.003	0.003	0.979	0.005	0.990	3.410	0.242	0.255
13.0	0.685	0.25937	-0.004	0.003	0.981	0.004	0.990	2.641	0.246	0.255
14.0	0.639	0.30234	-0.004	0.002	0.982	0.004	0.991	2.114	0.247	0.256
15.0	0.588	0.36417	-0.004	0.002	0.984	0.003	0.991	1.614	0.248	0.257
16.0	0.535	0.46844	-0.004	0.001	0.986	0.003	0.991	1.141	0.248	0.257
17.0	0.483	0.57317	-0.004	0.001	0.988	0.002	0.992	0.842	0.247	0.259
18.0	0.434	0.62961	-0.004	0.001	0.990	0.002	0.992	0.689	0.246	0.260
19.0	0.389	0.77675	-0.005	0.001	0.990	0.002	0.993	0.500	0.244	0.262
20.0	0.348	0.95178	-0.005	0.001	0.990	0.002	0.992	0.366	0.243	0.264

Name = NACA 0008
Mach = 0; Re = 430000; T.U. = 1.0; T.L. = 1.0
Surface Finish = 2; Stall model = 0; Transition model = 1; Aspect Ratio = 0; ground effect = 0
?	Cl	Cd	Cm 0.25	T.U.	T.L.	S.U.	S.L.	L/D	A.C.	C.P.
[°]	[-]	[-]	[-]	[-]	[-]	[-]	[-]	[-]	[-]	[-]
-20.0	-0.349	0.35225	0.006	0.982	0.001	0.997	0.010	-0.990	0.240	0.269
-19.0	-0.389	0.31374	0.006	0.980	0.001	0.996	0.009	-1.241	0.241	0.266
-18.0	-0.434	0.27431	0.006	0.978	0.001	0.996	0.008	-1.583	0.243	0.263
-17.0	-0.483	0.23804	0.005	0.977	0.001	0.996	0.008	-2.030	0.244	0.261
-16.0	-0.535	0.20934	0.005	0.971	0.001	0.997	0.008	-2.557	0.244	0.259
-15.0	-0.588	0.17369	0.005	0.965	0.002	0.997	0.008	-3.388	0.244	0.258
-14.0	-0.640	0.15085	0.004	0.960	0.002	0.997	0.007	-4.242	0.241	0.257
-13.0	-0.685	0.12328	0.004	0.950	0.003	1.000	0.005	-5.559	0.241	0.256
-12.0	-0.721	0.10571	0.004	0.939	0.003	1.000	0.006	-6.819	0.243	0.255
-11.0	-0.741	0.09003	0.003	0.922	0.004	1.000	0.007	-8.232	0.228	0.255
-10.0	-0.742	0.07732	0.003	0.903	0.004	1.000	0.007	-9.596	0.265	0.254
-9.0	-0.709	0.06620	0.003	0.874	0.005	1.000	0.009	-10.715	0.256	0.254
-8.0	-0.663	0.05643	0.003	0.835	0.005	1.000	0.010	-11.741	0.253	0.254
-7.0	-0.604	0.04958	0.003	0.779	0.005	1.000	0.016	-12.177	10.802	0.254
-6.0	-0.663	0.01518	0.005	0.714	0.006	1.000	0.994	-43.662	0.207	0.258
-5.0	-0.564	0.01447	0.004	0.641	0.008	1.000	0.996	-39.001	0.258	0.258
-4.0	-0.458	0.01385	0.003	0.567	0.020	1.000	0.997	-33.076	0.258	0.258
-3.0	-0.347	0.01430	0.003	0.496	0.062	1.000	0.997	-24.245	0.258	0.258
-2.0	-0.232	0.01349	0.002	0.426	0.148	1.000	0.998	-17.203	0.258	0.258
-1.0	-0.116	0.01309	0.001	0.359	0.224	1.000	0.998	-8.883	0.258	0.258
0.0	0.000	0.01293	-0.000	0.293	0.293	1.000	0.998	0.000	0.258	0.250
1.0	0.116	0.01312	-0.001	0.224	0.359	1.000	0.998	8.867	0.258	0.258
2.0	0.232	0.01357	-0.002	0.148	0.426	1.000	0.998	17.119	0.258	0.258
3.0	0.347	0.01430	-0.003	0.062	0.496	1.000	0.998	24.266	0.258	0.258
4.0	0.458	0.01384	-0.003	0.020	0.567	1.000	0.998	33.132	0.258	0.258
5.0	0.564	0.01447	-0.004	0.008	0.641	0.996	0.998	39.004	0.258	0.258
6.0	0.663	0.01517	-0.005	0.006	0.715	0.994	0.998	43.693	0.207	0.258
7.0	0.604	0.04957	-0.003	0.005	0.780	0.016	0.998	12.179	10.799	0.254
8.0	0.663	0.05642	-0.003	0.005	0.835	0.010	0.998	11.742	0.253	0.254
9.0	0.709	0.06620	-0.003	0.005	0.874	0.009	0.998	10.714	0.256	0.254
10.0	0.742	0.07734	-0.003	0.004	0.903	0.007	0.998	9.593	0.265	0.254
11.0	0.741	0.09003	-0.003	0.004	0.922	0.007	0.998	8.232	0.228	0.255
12.0	0.721	0.10570	-0.004	0.003	0.939	0.006	0.997	6.820	0.243	0.255
13.0	0.685	0.12328	-0.004	0.003	0.950	0.005	0.997	5.559	0.241	0.256
14.0	0.640	0.15085	-0.004	0.002	0.959	0.007	0.997	4.242	0.241	0.257
15.0	0.588	0.17369	-0.005	0.002	0.964	0.008	0.997	3.388	0.244	0.258
16.0	0.535	0.20934	-0.005	0.001	0.970	0.008	0.997	2.557	0.244	0.259
17.0	0.483	0.23804	-0.005	0.001	0.977	0.008	0.996	2.030	0.244	0.261
18.0	0.434	0.27430	-0.006	0.001	0.978	0.008	0.996	1.583	0.243	0.263
19.0	0.389	0.31374	-0.006	0.001	0.980	0.009	0.996	1.241	0.241	0.266
20.0	0.349	0.35225	-0.006	0.001	0.982	0.010	0.996	0.990	0.240	0.269

Name = NACA 0008
Mach = 0; Re = 830000; T.U. = 1.0; T.L. = 1.0
Surface Finish = 2; Stall model = 0; Transition model = 1; Aspect Ratio = 0; ground effect = 0
?	Cl	Cd	Cm 0.25	T.U.	T.L.	S.U.	S.L.	L/D	A.C.	C.P.
[°]	[-]	[-]	[-]	[-]	[-]	[-]	[-]	[-]	[-]	[-]
-20.0	-0.349	0.24511	0.007	0.977	0.001	1.000	0.018	-1.425	0.239	0.271
-19.0	-0.390	0.22988	0.007	0.972	0.001	1.000	0.017	-1.697	0.239	0.267
-18.0	-0.435	0.20339	0.006	0.966	0.001	1.000	0.015	-2.139	0.241	0.265
-17.0	-0.484	0.18979	0.006	0.960	0.001	1.000	0.014	-2.550	0.242	0.262
-16.0	-0.536	0.17000	0.006	0.953	0.001	1.000	0.013	-3.153	0.242	0.260
-15.0	-0.589	0.14743	0.005	0.940	0.001	1.000	0.011	-3.995	0.242	0.259
-14.0	-0.640	0.13197	0.005	0.925	0.001	1.000	0.011	-4.853	0.243	0.257
-13.0	-0.686	0.11397	0.004	0.906	0.002	1.000	0.010	-6.021	0.240	0.256
-12.0	-0.721	0.09650	0.004	0.875	0.003	1.000	0.009	-7.476	0.238	0.255
-11.0	-0.742	0.08319	0.004	0.836	0.003	1.000	0.010	-8.916	0.226	0.255
-10.0	-0.743	0.07162	0.003	0.780	0.004	1.000	0.010	-10.368	0.260	0.255
-9.0	-0.711	0.06213	0.003	0.718	0.005	1.000	0.017	-11.439	0.304	0.255
-8.0	-0.802	0.01933	0.007	0.656	0.005	1.000	0.856	-41.506	0.316	0.258
-7.0	-0.751	0.01500	0.006	0.587	0.005	1.000	0.993	-50.033	0.261	0.258
-6.0	-0.663	0.01417	0.005	0.525	0.006	1.000	0.996	-46.778	0.259	0.258
-5.0	-0.565	0.01350	0.004	0.466	0.008	1.000	0.997	-41.819	0.258	0.258
-4.0	-0.458	0.01401	0.003	0.410	0.018	1.000	0.997	-32.693	0.258	0.258
-3.0	-0.347	0.01343	0.003	0.357	0.036	1.000	0.998	-25.820	0.258	0.258
-2.0	-0.232	0.01289	0.002	0.304	0.085	1.000	0.998	-18.002	0.258	0.258
-1.0	-0.116	0.01248	0.001	0.252	0.143	1.000	0.998	-9.318	0.258	0.258
0.0	0.000	0.01240	-0.000	0.198	0.198	1.000	0.998	0.000	0.258	0.250
1.0	0.116	0.01251	-0.001	0.143	0.252	1.000	0.998	9.298	0.258	0.258
2.0	0.232	0.01285	-0.002	0.085	0.304	1.000	0.998	18.074	0.258	0.258
3.0	0.347	0.01338	-0.003	0.036	0.357	1.000	0.998	25.935	0.258	0.258
4.0	0.458	0.01402	-0.003	0.018	0.410	1.000	0.998	32.699	0.258	0.258
5.0	0.565	0.01350	-0.004	0.008	0.466	1.000	0.998	41.836	0.258	0.258
6.0	0.663	0.01417	-0.005	0.006	0.525	0.996	0.998	46.767	0.259	0.258
7.0	0.751	0.01493	-0.006	0.005	0.587	0.994	0.999	50.285	0.261	0.258
8.0	0.802	0.01933	-0.007	0.005	0.656	0.856	0.998	41.493	0.316	0.258
9.0	0.711	0.06214	-0.003	0.005	0.718	0.017	0.999	11.437	0.304	0.255
10.0	0.743	0.07163	-0.003	0.004	0.781	0.010	0.999	10.367	0.260	0.255
11.0	0.742	0.08319	-0.004	0.003	0.836	0.010	0.998	8.916	0.226	0.255
12.0	0.721	0.09650	-0.004	0.003	0.875	0.009	0.998	7.475	0.238	0.255
13.0	0.686	0.11397	-0.004	0.002	0.906	0.010	0.998	6.021	0.240	0.256
14.0	0.640	0.13197	-0.005	0.001	0.925	0.011	0.998	4.853	0.243	0.257
15.0	0.589	0.14743	-0.005	0.001	0.940	0.011	0.998	3.995	0.242	0.259
16.0	0.536	0.17000	-0.006	0.001	0.952	0.013	0.998	3.153	0.242	0.260
17.0	0.484	0.18979	-0.006	0.001	0.960	0.014	0.998	2.550	0.242	0.262
18.0	0.435	0.20339	-0.006	0.001	0.966	0.015	0.998	2.139	0.241	0.265
19.0	0.390	0.22989	-0.007	0.001	0.972	0.017	0.998	1.696	0.239	0.267
20.0	0.349	0.24510	-0.007	0.001	0.977	0.018	0.997	1.425	0.239	0.271

Name = NACA 0008
Mach = 0; Re = 1230000; T.U. = 1.0; T.L. = 1.0
Surface Finish = 2; Stall model = 0; Transition model = 1; Aspect Ratio = 0; ground effect = 0
?	Cl	Cd	Cm 0.25	T.U.	T.L.	S.U.	S.L.	L/D	A.C.	C.P.
[°]	[-]	[-]	[-]	[-]	[-]	[-]	[-]	[-]	[-]	[-]
-20.0	-0.350	0.22647	0.007	0.966	0.001	1.000	0.021	-1.544	0.240	0.271
-19.0	-0.390	0.21032	0.007	0.961	0.001	1.000	0.020	-1.856	0.241	0.268
-18.0	-0.435	0.19363	0.007	0.953	0.001	1.000	0.019	-2.249	0.242	0.265
-17.0	-0.485	0.17761	0.006	0.940	0.001	1.000	0.018	-2.728	0.242	0.263
-16.0	-0.536	0.16240	0.006	0.923	0.001	1.000	0.017	-3.303	0.243	0.261
-15.0	-0.590	0.14162	0.006	0.902	0.001	1.000	0.017	-4.165	0.242	0.259
-14.0	-0.641	0.12622	0.005	0.870	0.001	1.000	0.014	-5.078	0.243	0.258
-13.0	-0.687	0.10847	0.005	0.823	0.002	1.000	0.017	-6.337	0.244	0.257
-12.0	-0.723	0.09266	0.005	0.768	0.003	1.000	0.018	-7.803	0.235	0.256
-11.0	-0.743	0.08013	0.004	0.710	0.003	1.000	0.014	-9.267	0.229	0.255
-10.0	-0.745	0.06971	0.004	0.650	0.004	1.000	0.024	-10.688	0.211	0.255
-9.0	-0.723	0.05641	0.005	0.588	0.004	1.000	0.088	-12.822	0.285	0.257
-8.0	-0.825	0.01523	0.007	0.531	0.005	1.000	0.991	-54.141	0.297	0.258
-7.0	-0.751	0.01439	0.006	0.478	0.005	1.000	0.994	-52.171	0.260	0.258
-6.0	-0.663	0.01354	0.005	0.428	0.006	1.000	0.997	-48.984	0.259	0.258
-5.0	-0.565	0.01414	0.004	0.380	0.008	1.000	0.997	-39.912	0.258	0.258
-4.0	-0.458	0.01342	0.003	0.334	0.015	1.000	0.998	-34.151	0.258	0.258
-3.0	-0.347	0.01294	0.003	0.290	0.023	1.000	0.998	-26.797	0.258	0.258
-2.0	-0.232	0.01248	0.002	0.244	0.060	1.000	0.998	-18.597	0.258	0.258
-1.0	-0.116	0.01218	0.001	0.198	0.105	1.000	0.998	-9.550	0.258	0.258
0.0	0.000	0.01206	-0.000	0.152	0.152	1.000	0.998	0.000	0.258	0.250
1.0	0.116	0.01210	-0.001	0.105	0.198	1.000	0.998	9.612	0.258	0.258
2.0	0.232	0.01245	-0.002	0.060	0.244	1.000	0.998	18.655	0.258	0.258
3.0	0.347	0.01294	-0.003	0.023	0.290	1.000	0.998	26.803	0.258	0.258
4.0	0.458	0.01341	-0.003	0.015	0.334	1.000	0.998	34.191	0.258	0.258
5.0	0.565	0.01416	-0.004	0.008	0.380	1.000	0.999	39.901	0.258	0.258
6.0	0.663	0.01355	-0.005	0.006	0.428	0.997	0.999	48.921	0.259	0.258
7.0	0.751	0.01438	-0.006	0.005	0.478	0.994	0.999	52.221	0.260	0.258
8.0	0.825	0.01523	-0.007	0.005	0.531	0.992	0.998	54.153	0.297	0.258
9.0	0.723	0.05643	-0.005	0.004	0.588	0.088	0.999	12.818	0.285	0.257
10.0	0.745	0.06971	-0.004	0.004	0.650	0.024	0.999	10.688	0.211	0.255
11.0	0.743	0.08013	-0.004	0.003	0.710	0.014	0.998	9.267	0.229	0.255
12.0	0.723	0.09266	-0.005	0.003	0.768	0.018	0.998	7.803	0.235	0.256
13.0	0.687	0.10847	-0.005	0.002	0.823	0.017	0.998	6.337	0.244	0.257
14.0	0.641	0.12622	-0.005	0.001	0.869	0.014	0.999	5.078	0.243	0.258
15.0	0.590	0.14162	-0.006	0.001	0.902	0.017	0.999	4.165	0.242	0.259
16.0	0.536	0.16241	-0.006	0.001	0.924	0.017	0.998	3.303	0.243	0.261
17.0	0.485	0.17761	-0.006	0.001	0.940	0.018	0.998	2.728	0.242	0.263
18.0	0.435	0.19362	-0.007	0.001	0.952	0.019	0.998	2.249	0.242	0.265
19.0	0.390	0.21031	-0.007	0.001	0.961	0.020	0.998	1.856	0.241	0.268
20.0	0.350	0.22648	-0.007	0.001	0.966	0.021	0.998	1.544	0.240	0.271

Name = NACA 0008
Mach = 0; Re = 1630000; T.U. = 1.0; T.L. = 1.0
Surface Finish = 2; Stall model = 0; Transition model = 1; Aspect Ratio = 0; ground effect = 0
?	Cl	Cd	Cm 0.25	T.U.	T.L.	S.U.	S.L.	L/D	A.C.	C.P.
[°]	[-]	[-]	[-]	[-]	[-]	[-]	[-]	[-]	[-]	[-]
-20.0	-0.350	0.22468	0.008	0.958	0.001	1.000	0.023	-1.557	0.240	0.272
-19.0	-0.391	0.20384	0.007	0.944	0.001	1.000	0.022	-1.916	0.241	0.268
-18.0	-0.436	0.18326	0.007	0.932	0.001	1.000	0.021	-2.377	0.242	0.266
-17.0	-0.485	0.16922	0.006	0.908	0.001	1.000	0.020	-2.865	0.242	0.263
-16.0	-0.537	0.15287	0.006	0.877	0.001	1.000	0.019	-3.511	0.243	0.261
-15.0	-0.590	0.13622	0.006	0.836	0.001	1.000	0.020	-4.333	0.243	0.260
-14.0	-0.641	0.12438	0.005	0.781	0.001	1.000	0.018	-5.157	0.243	0.258
-13.0	-0.688	0.10407	0.005	0.722	0.001	1.000	0.021	-6.611	0.245	0.257
-12.0	-0.724	0.09105	0.005	0.666	0.002	1.000	0.024	-7.953	0.239	0.257
-11.0	-0.744	0.07791	0.004	0.611	0.003	1.000	0.024	-9.553	0.241	0.256
-10.0	-0.749	0.06689	0.005	0.559	0.004	1.000	0.045	-11.195	0.274	0.256
-9.0	-0.881	0.01846	0.008	0.508	0.004	1.000	0.979	-47.721	0.280	0.259
-8.0	-0.825	0.01479	0.007	0.459	0.005	1.000	0.992	-55.775	0.263	0.258
-7.0	-0.751	0.01384	0.006	0.412	0.005	1.000	0.996	-54.254	0.260	0.258
-6.0	-0.663	0.01314	0.005	0.368	0.005	1.000	0.997	-50.460	0.259	0.258
-5.0	-0.565	0.01373	0.004	0.327	0.007	1.000	0.997	-41.106	0.258	0.258
-4.0	-0.458	0.01305	0.003	0.288	0.011	1.000	0.998	-35.112	0.258	0.258
-3.0	-0.347	0.01256	0.003	0.251	0.021	1.000	0.998	-27.616	0.258	0.258
-2.0	-0.232	0.01213	0.002	0.208	0.047	1.000	0.998	-19.135	0.258	0.258
-1.0	-0.116	0.01185	0.001	0.168	0.085	1.000	0.998	-9.809	0.258	0.258
0.0	0.000	0.01179	-0.000	0.125	0.125	1.000	0.998	0.000	0.258	0.250
1.0	0.116	0.01183	-0.001	0.085	0.168	1.000	0.998	9.834	0.258	0.258
2.0	0.232	0.01215	-0.002	0.047	0.208	1.000	0.998	19.119	0.258	0.258
3.0	0.347	0.01254	-0.003	0.021	0.251	1.000	0.998	27.657	0.258	0.258
4.0	0.458	0.01308	-0.003	0.011	0.288	1.000	0.998	35.039	0.258	0.258
5.0	0.565	0.01370	-0.004	0.007	0.327	1.000	0.999	41.219	0.258	0.258
6.0	0.664	0.01314	-0.005	0.005	0.368	1.000	0.999	50.508	0.259	0.258
7.0	0.751	0.01385	-0.006	0.005	0.413	0.996	0.999	54.221	0.260	0.258
8.0	0.825	0.01481	-0.007	0.005	0.459	0.993	0.998	55.689	0.263	0.258
9.0	0.881	0.01840	-0.008	0.004	0.508	0.979	0.999	47.877	0.280	0.259
10.0	0.749	0.06690	-0.005	0.004	0.559	0.045	0.999	11.193	0.274	0.256
11.0	0.744	0.07791	-0.004	0.003	0.611	0.024	0.998	9.553	0.241	0.256
12.0	0.724	0.09105	-0.005	0.002	0.665	0.024	0.998	7.953	0.239	0.257
13.0	0.688	0.10406	-0.005	0.001	0.722	0.021	0.998	6.611	0.245	0.257
14.0	0.641	0.12439	-0.005	0.001	0.781	0.018	0.999	5.157	0.243	0.258
15.0	0.590	0.13622	-0.006	0.001	0.836	0.020	0.999	4.333	0.243	0.260
16.0	0.537	0.15286	-0.006	0.001	0.877	0.019	0.999	3.511	0.243	0.261
17.0	0.485	0.16922	-0.006	0.001	0.909	0.020	0.998	2.865	0.242	0.263
18.0	0.436	0.18326	-0.007	0.001	0.932	0.021	0.998	2.377	0.242	0.266
19.0	0.391	0.20383	-0.007	0.001	0.944	0.022	0.998	1.916	0.241	0.268
20.0	0.350	0.22469	-0.008	0.001	0.958	0.023	0.998	1.557	0.240	0.272

Name = NACA 0008
Mach = 0; Re = 2030000; T.U. = 1.0; T.L. = 1.0
Surface Finish = 2; Stall model = 0; Transition model = 1; Aspect Ratio = 0; ground effect = 0
?	Cl	Cd	Cm 0.25	T.U.	T.L.	S.U.	S.L.	L/D	A.C.	C.P.
[°]	[-]	[-]	[-]	[-]	[-]	[-]	[-]	[-]	[-]	[-]
-20.0	-0.350	0.21976	0.008	0.940	0.001	1.000	0.024	-1.592	0.241	0.272
-19.0	-0.391	0.20376	0.007	0.920	0.001	1.000	0.023	-1.917	0.241	0.269
-18.0	-0.436	0.18136	0.007	0.893	0.001	1.000	0.023	-2.403	0.242	0.266
-17.0	-0.485	0.16655	0.007	0.854	0.001	1.000	0.022	-2.912	0.242	0.263
-16.0	-0.537	0.14920	0.006	0.806	0.001	1.000	0.020	-3.599	0.243	0.261
-15.0	-0.590	0.13525	0.006	0.754	0.001	1.000	0.020	-4.365	0.243	0.260
-14.0	-0.642	0.11936	0.005	0.698	0.001	1.000	0.020	-5.378	0.244	0.258
-13.0	-0.688	0.10276	0.005	0.641	0.001	1.000	0.023	-6.698	0.244	0.258
-12.0	-0.724	0.09140	0.005	0.590	0.002	1.000	0.024	-7.923	0.244	0.257
-11.0	-0.746	0.07639	0.005	0.543	0.003	1.000	0.035	-9.771	0.270	0.256
-10.0	-0.763	0.05997	0.006	0.501	0.003	1.000	0.120	-12.721	0.271	0.257
-9.0	-0.882	0.01416	0.008	0.454	0.004	1.000	0.986	-62.297	0.271	0.259
-8.0	-0.825	0.01433	0.007	0.409	0.004	1.000	0.993	-57.562	0.263	0.258
-7.0	-0.751	0.01349	0.006	0.366	0.004	1.000	0.996	-55.681	0.260	0.258
-6.0	-0.663	0.01409	0.005	0.328	0.005	1.000	0.997	-47.052	0.259	0.258
-5.0	-0.565	0.01338	0.004	0.296	0.007	1.000	0.997	-42.201	0.258	0.258
-4.0	-0.458	0.01268	0.003	0.256	0.010	1.000	0.998	-36.145	0.258	0.258
-3.0	-0.347	0.01228	0.003	0.217	0.020	1.000	0.998	-28.242	0.258	0.258
-2.0	-0.232	0.01189	0.002	0.179	0.039	1.000	0.998	-19.532	0.258	0.258
-1.0	-0.116	0.01163	0.001	0.143	0.071	1.000	0.998	-9.996	0.258	0.258
0.0	0.000	0.01152	-0.000	0.106	0.106	1.000	0.998	0.000	0.258	0.250
1.0	0.116	0.01160	-0.001	0.071	0.143	1.000	0.998	10.024	0.258	0.258
2.0	0.232	0.01190	-0.002	0.039	0.179	1.000	0.998	19.521	0.258	0.258
3.0	0.347	0.01224	-0.003	0.020	0.217	1.000	0.999	28.338	0.258	0.258
4.0	0.458	0.01271	-0.003	0.010	0.256	1.000	0.998	36.069	0.258	0.258
5.0	0.565	0.01331	-0.004	0.007	0.296	1.000	0.999	42.440	0.258	0.258
6.0	0.664	0.01409	-0.005	0.005	0.328	1.000	0.999	47.098	0.259	0.258
7.0	0.751	0.01352	-0.006	0.004	0.367	0.996	0.999	55.563	0.260	0.258
8.0	0.825	0.01444	-0.007	0.004	0.408	0.993	0.998	57.133	0.263	0.258
9.0	0.882	0.01422	-0.008	0.004	0.454	0.986	0.999	62.061	0.271	0.259
10.0	0.763	0.05996	-0.006	0.003	0.501	0.120	0.999	12.722	0.271	0.257
11.0	0.746	0.07636	-0.005	0.003	0.543	0.035	0.998	9.774	0.270	0.256
12.0	0.724	0.09139	-0.005	0.002	0.590	0.024	0.998	7.924	0.244	0.257
13.0	0.688	0.10277	-0.005	0.001	0.641	0.023	0.998	6.698	0.244	0.258
14.0	0.642	0.11935	-0.005	0.001	0.698	0.020	0.999	5.378	0.244	0.258
15.0	0.590	0.13526	-0.006	0.001	0.754	0.020	0.999	4.364	0.243	0.260
16.0	0.537	0.14920	-0.006	0.001	0.806	0.020	0.999	3.599	0.243	0.261
17.0	0.485	0.16655	-0.007	0.001	0.854	0.022	0.998	2.912	0.242	0.263
18.0	0.436	0.18137	-0.007	0.001	0.894	0.023	0.998	2.403	0.242	0.266
19.0	0.391	0.20377	-0.007	0.001	0.920	0.023	0.999	1.917	0.241	0.269
20.0	0.350	0.21976	-0.008	0.001	0.939	0.024	0.998	1.592	0.241	0.272

Name = NACA 0008
Mach = 0; Re = 2430000; T.U. = 1.0; T.L. = 1.0
Surface Finish = 2; Stall model = 0; Transition model = 1; Aspect Ratio = 0; ground effect = 0
?	Cl	Cd	Cm 0.25	T.U.	T.L.	S.U.	S.L.	L/D	A.C.	C.P.
[°]	[-]	[-]	[-]	[-]	[-]	[-]	[-]	[-]	[-]	[-]
-20.0	-0.350	0.21347	0.008	0.913	0.001	1.000	0.024	-1.639	0.242	0.272
-19.0	-0.391	0.19800	0.007	0.881	0.001	1.000	0.024	-1.974	0.242	0.269
-18.0	-0.436	0.17833	0.007	0.840	0.001	1.000	0.024	-2.445	0.242	0.266
-17.0	-0.485	0.16847	0.007	0.790	0.001	1.000	0.022	-2.879	0.243	0.264
-16.0	-0.537	0.14633	0.006	0.733	0.001	1.000	0.022	-3.671	0.243	0.262
-15.0	-0.590	0.13116	0.006	0.679	0.001	1.000	0.021	-4.502	0.243	0.260
-14.0	-0.642	0.11987	0.005	0.628	0.001	1.000	0.021	-5.357	0.244	0.258
-13.0	-0.689	0.10288	0.005	0.580	0.001	1.000	0.024	-6.693	0.246	0.258
-12.0	-0.726	0.08856	0.005	0.535	0.001	1.000	0.033	-8.194	0.249	0.257
-11.0	-0.749	0.07444	0.005	0.496	0.003	1.000	0.050	-10.062	0.270	0.257
-10.0	-0.853	0.02811	0.008	0.453	0.003	1.000	0.608	-30.353	0.269	0.259
-9.0	-0.883	0.01518	0.008	0.409	0.004	1.000	0.990	-58.170	0.281	0.259
-8.0	-0.825	0.01399	0.007	0.370	0.004	1.000	0.994	-58.990	0.263	0.258
-7.0	-0.751	0.01318	0.006	0.338	0.004	1.000	0.996	-56.968	0.260	0.258
-6.0	-0.663	0.01377	0.005	0.302	0.005	1.000	0.997	-48.145	0.259	0.258
-5.0	-0.565	0.01311	0.004	0.263	0.006	1.000	0.998	-43.055	0.258	0.258
-4.0	-0.458	0.01243	0.003	0.227	0.010	1.000	0.998	-36.862	0.258	0.258
-3.0	-0.347	0.01201	0.003	0.196	0.018	1.000	0.998	-28.870	0.258	0.258
-2.0	-0.232	0.01162	0.002	0.165	0.035	1.000	0.998	-19.971	0.258	0.258
-1.0	-0.116	0.01140	0.001	0.130	0.061	1.000	0.998	-10.201	0.258	0.258
0.0	0.000	0.01134	-0.000	0.095	0.095	1.000	0.998	0.000	0.258	0.250
1.0	0.116	0.01143	-0.001	0.061	0.130	1.000	0.998	10.179	0.258	0.258
2.0	0.232	0.01163	-0.002	0.035	0.165	1.000	0.998	19.965	0.258	0.258
3.0	0.347	0.01200	-0.003	0.018	0.196	1.000	0.999	28.907	0.258	0.258
4.0	0.458	0.01244	-0.003	0.010	0.227	1.000	0.998	36.849	0.258	0.258
5.0	0.565	0.01303	-0.004	0.006	0.263	1.000	0.999	43.364	0.258	0.258
6.0	0.664	0.01376	-0.005	0.005	0.302	1.000	0.999	48.223	0.259	0.258
7.0	0.751	0.01320	-0.006	0.004	0.338	0.996	0.999	56.913	0.260	0.258
8.0	0.825	0.01401	-0.007	0.004	0.370	0.994	0.998	58.916	0.263	0.258
9.0	0.883	0.01389	-0.008	0.004	0.410	0.990	0.999	63.567	0.281	0.259
10.0	0.853	0.02812	-0.008	0.003	0.454	0.608	0.999	30.342	0.269	0.259
11.0	0.749	0.07442	-0.005	0.003	0.496	0.050	0.998	10.066	0.270	0.257
12.0	0.726	0.08856	-0.005	0.001	0.535	0.033	0.998	8.195	0.249	0.257
13.0	0.689	0.10288	-0.005	0.001	0.579	0.024	0.998	6.693	0.246	0.258
14.0	0.642	0.11988	-0.005	0.001	0.628	0.021	0.999	5.356	0.244	0.258
15.0	0.590	0.13117	-0.006	0.001	0.679	0.021	0.999	4.501	0.243	0.260
16.0	0.537	0.14633	-0.006	0.001	0.733	0.022	0.999	3.672	0.243	0.262
17.0	0.485	0.16847	-0.007	0.001	0.790	0.022	0.998	2.879	0.243	0.264
18.0	0.436	0.17834	-0.007	0.001	0.840	0.024	0.998	2.444	0.242	0.266
19.0	0.391	0.19800	-0.007	0.001	0.882	0.024	0.999	1.974	0.242	0.269
20.0	0.350	0.21348	-0.008	0.001	0.913	0.024	0.998	1.639	0.242	0.272

Name = NACA 0008
Mach = 0; Re = 2830000; T.U. = 1.0; T.L. = 1.0
Surface Finish = 2; Stall model = 0; Transition model = 1; Aspect Ratio = 0; ground effect = 0
?	Cl	Cd	Cm 0.25	T.U.	T.L.	S.U.	S.L.	L/D	A.C.	C.P.
[°]	[-]	[-]	[-]	[-]	[-]	[-]	[-]	[-]	[-]	[-]
-20.0	-0.350	0.21224	0.008	0.877	0.001	1.000	0.027	-1.649	0.241	0.272
-19.0	-0.391	0.19226	0.007	0.831	0.001	1.000	0.026	-2.033	0.241	0.269
-18.0	-0.436	0.17399	0.007	0.776	0.001	1.000	0.024	-2.506	0.241	0.266
-17.0	-0.485	0.16331	0.007	0.723	0.000	1.000	0.023	-2.970	0.243	0.264
-16.0	-0.537	0.14613	0.006	0.672	0.001	1.000	0.023	-3.677	0.243	0.262
-15.0	-0.591	0.13144	0.006	0.623	0.001	1.000	0.022	-4.493	0.242	0.260
-14.0	-0.642	0.11614	0.005	0.578	0.001	1.000	0.022	-5.529	0.244	0.259
-13.0	-0.689	0.10049	0.005	0.535	0.001	1.000	0.026	-6.855	0.247	0.258
-12.0	-0.726	0.08728	0.005	0.501	0.001	1.000	0.035	-8.319	0.254	0.257
-11.0	-0.753	0.07170	0.006	0.456	0.002	1.000	0.074	-10.509	0.267	0.257
-10.0	-0.908	0.01973	0.008	0.414	0.003	1.000	0.907	-46.033	0.267	0.259
-9.0	-0.883	0.01484	0.008	0.379	0.004	1.000	0.990	-59.517	0.268	0.259
-8.0	-0.825	0.01378	0.007	0.349	0.004	1.000	0.994	-59.884	0.263	0.258
-7.0	-0.751	0.01300	0.006	0.308	0.004	1.000	0.997	-57.770	0.260	0.258
-6.0	-0.663	0.01352	0.005	0.273	0.005	1.000	0.997	-49.067	0.259	0.258
-5.0	-0.565	0.01284	0.004	0.248	0.006	1.000	0.998	-43.976	0.258	0.258
-4.0	-0.458	0.01220	0.003	0.212	0.009	1.000	0.998	-37.543	0.258	0.258
-3.0	-0.347	0.01182	0.003	0.178	0.017	1.000	0.998	-29.346	0.258	0.258
-2.0	-0.232	0.01144	0.002	0.145	0.031	1.000	0.998	-20.295	0.258	0.258
-1.0	-0.116	0.01122	0.001	0.115	0.054	1.000	0.998	-10.361	0.258	0.258
0.0	0.000	0.01121	-0.000	0.083	0.083	1.000	0.998	0.000	0.258	0.250
1.0	0.116	0.01124	-0.001	0.054	0.115	1.000	0.998	10.349	0.258	0.258
2.0	0.232	0.01145	-0.002	0.031	0.145	1.000	0.998	20.286	0.258	0.258
3.0	0.347	0.01180	-0.003	0.017	0.178	1.000	0.999	29.387	0.258	0.258
4.0	0.458	0.01219	-0.003	0.009	0.212	1.000	0.998	37.604	0.258	0.258
5.0	0.565	0.01276	-0.004	0.006	0.248	1.000	0.999	44.253	0.258	0.258
6.0	0.664	0.01351	-0.005	0.005	0.273	1.000	0.999	49.101	0.259	0.258
7.0	0.751	0.01299	-0.006	0.004	0.308	0.997	0.999	57.806	0.260	0.258
8.0	0.825	0.01379	-0.007	0.004	0.349	0.994	0.998	59.856	0.263	0.258
9.0	0.883	0.01486	-0.008	0.004	0.379	0.991	0.999	59.411	0.268	0.259
10.0	0.908	0.01975	-0.008	0.003	0.414	0.907	0.999	45.999	0.267	0.259
11.0	0.753	0.07170	-0.006	0.002	0.456	0.074	0.998	10.509	0.267	0.257
12.0	0.726	0.08727	-0.005	0.001	0.501	0.035	0.998	8.320	0.254	0.257
13.0	0.689	0.10049	-0.005	0.001	0.535	0.026	0.998	6.855	0.247	0.258
14.0	0.642	0.11614	-0.005	0.001	0.578	0.022	0.999	5.529	0.244	0.259
15.0	0.591	0.13144	-0.006	0.001	0.624	0.022	0.999	4.493	0.242	0.260
16.0	0.537	0.14612	-0.006	0.001	0.672	0.023	0.999	3.678	0.243	0.262
17.0	0.485	0.16331	-0.007	0.000	0.723	0.023	0.999	2.970	0.243	0.264
18.0	0.436	0.17400	-0.007	0.001	0.776	0.024	0.998	2.506	0.241	0.266
19.0	0.391	0.19226	-0.007	0.001	0.831	0.026	0.999	2.033	0.241	0.269
20.0	0.350	0.21224	-0.008	0.001	0.876	0.027	0.998	1.649	0.241	0.272

Name = NACA 0008
Mach = 0; Re = 3230000; T.U. = 1.0; T.L. = 1.0
Surface Finish = 2; Stall model = 0; Transition model = 1; Aspect Ratio = 0; ground effect = 0
?	Cl	Cd	Cm 0.25	T.U.	T.L.	S.U.	S.L.	L/D	A.C.	C.P.
[°]	[-]	[-]	[-]	[-]	[-]	[-]	[-]	[-]	[-]	[-]
-20.0	-0.350	0.20892	0.008	0.824	0.001	1.000	0.028	-1.676	0.242	0.272
-19.0	-0.391	0.19212	0.008	0.771	0.001	1.000	0.028	-2.036	0.241	0.269
-18.0	-0.436	0.17266	0.007	0.720	0.001	1.000	0.026	-2.526	0.240	0.266
-17.0	-0.485	0.15928	0.007	0.671	0.000	1.000	0.023	-3.046	0.242	0.264
-16.0	-0.537	0.14460	0.006	0.624	0.000	1.000	0.024	-3.717	0.243	0.262
-15.0	-0.591	0.12779	0.006	0.580	0.001	1.000	0.023	-4.622	0.243	0.260
-14.0	-0.642	0.11621	0.006	0.542	0.001	1.000	0.023	-5.528	0.245	0.259
-13.0	-0.689	0.10024	0.005	0.504	0.001	1.000	0.029	-6.877	0.247	0.258
-12.0	-0.726	0.08649	0.005	0.461	0.001	1.000	0.037	-8.400	0.248	0.257
-11.0	-0.751	0.07378	0.005	0.422	0.002	1.000	0.058	-10.173	0.267	0.257
-10.0	-0.915	0.01895	0.008	0.397	0.003	1.000	0.943	-48.290	0.268	0.259
-9.0	-0.883	0.01454	0.008	0.355	0.004	1.000	0.991	-60.718	0.267	0.259
-8.0	-0.825	0.01353	0.007	0.319	0.004	1.000	0.994	-61.001	0.263	0.258
-7.0	-0.751	0.01272	0.006	0.294	0.004	1.000	0.997	-59.040	0.260	0.258
-6.0	-0.663	0.01334	0.005	0.257	0.005	1.000	0.998	-49.731	0.259	0.258
-5.0	-0.565	0.01263	0.004	0.223	0.006	1.000	0.998	-44.704	0.258	0.258
-4.0	-0.458	0.01205	0.003	0.196	0.009	1.000	0.998	-38.033	0.258	0.258
-3.0	-0.347	0.01160	0.003	0.169	0.016	1.000	0.998	-29.900	0.258	0.258
-2.0	-0.232	0.01131	0.002	0.135	0.028	1.000	0.998	-20.526	0.258	0.258
-1.0	-0.116	0.01112	0.001	0.105	0.049	1.000	0.998	-10.460	0.258	0.258
0.0	0.000	0.01103	-0.000	0.076	0.076	1.000	0.998	0.000	0.258	0.250
1.0	0.116	0.01110	-0.001	0.049	0.105	1.000	0.998	10.479	0.258	0.258
2.0	0.232	0.01131	-0.002	0.028	0.135	1.000	0.998	20.525	0.258	0.258
3.0	0.347	0.01159	-0.003	0.016	0.169	1.000	0.999	29.938	0.258	0.258
4.0	0.458	0.01203	-0.003	0.009	0.196	1.000	0.998	38.097	0.258	0.258
5.0	0.565	0.01265	-0.004	0.006	0.223	1.000	0.999	44.651	0.258	0.258
6.0	0.664	0.01334	-0.005	0.005	0.257	1.000	0.999	49.749	0.259	0.258
7.0	0.752	0.01273	-0.006	0.004	0.294	1.000	0.999	59.061	0.260	0.258
8.0	0.825	0.01352	-0.007	0.004	0.319	0.995	0.998	61.032	0.263	0.258
9.0	0.883	0.01457	-0.008	0.004	0.355	0.991	0.999	60.613	0.267	0.259
10.0	0.915	0.01894	-0.008	0.003	0.397	0.943	0.999	48.328	0.268	0.259
11.0	0.751	0.07378	-0.005	0.002	0.423	0.058	0.998	10.173	0.267	0.257
12.0	0.726	0.08651	-0.005	0.001	0.460	0.037	0.998	8.398	0.248	0.257
13.0	0.689	0.10024	-0.005	0.001	0.504	0.029	0.999	6.877	0.247	0.258
14.0	0.642	0.11621	-0.006	0.001	0.542	0.023	0.999	5.528	0.245	0.259
15.0	0.591	0.12779	-0.006	0.001	0.580	0.023	0.999	4.622	0.243	0.260
16.0	0.537	0.14459	-0.006	0.000	0.625	0.024	0.999	3.717	0.243	0.262
17.0	0.485	0.15929	-0.007	0.000	0.672	0.023	0.999	3.046	0.242	0.264
18.0	0.436	0.17267	-0.007	0.001	0.721	0.026	0.999	2.526	0.240	0.266
19.0	0.391	0.19212	-0.008	0.001	0.771	0.028	0.999	2.036	0.241	0.269
20.0	0.350	0.20892	-0.008	0.001	0.824	0.028	0.998	1.676	0.242	0.272

Name = NACA 0008
Mach = 0; Re = 3630000; T.U. = 1.0; T.L. = 1.0
Surface Finish = 2; Stall model = 0; Transition model = 1; Aspect Ratio = 0; ground effect = 0
?	Cl	Cd	Cm 0.25	T.U.	T.L.	S.U.	S.L.	L/D	A.C.	C.P.
[°]	[-]	[-]	[-]	[-]	[-]	[-]	[-]	[-]	[-]	[-]
-20.0	-0.350	0.20831	0.008	0.772	0.001	1.000	0.029	-1.682	0.241	0.273
-19.0	-0.391	0.18740	0.008	0.722	0.001	1.000	0.029	-2.087	0.241	0.269
-18.0	-0.436	0.17367	0.007	0.674	0.001	1.000	0.028	-2.513	0.240	0.266
-17.0	-0.485	0.15703	0.007	0.629	0.000	1.000	0.024	-3.090	0.241	0.264
-16.0	-0.538	0.14248	0.006	0.589	0.000	1.000	0.024	-3.773	0.243	0.262
-15.0	-0.591	0.12972	0.006	0.554	0.001	1.000	0.024	-4.555	0.243	0.260
-14.0	-0.642	0.11568	0.006	0.510	0.001	1.000	0.023	-5.554	0.245	0.259
-13.0	-0.690	0.09880	0.005	0.469	0.001	1.000	0.031	-6.981	0.247	0.258
-12.0	-0.727	0.08593	0.005	0.437	0.001	1.000	0.039	-8.458	0.248	0.257
-11.0	-0.751	0.07331	0.005	0.403	0.002	1.000	0.060	-10.243	0.267	0.257
-10.0	-0.919	0.01843	0.009	0.364	0.003	1.000	0.961	-49.829	0.268	0.259
-9.0	-0.883	0.01429	0.008	0.337	0.004	1.000	0.991	-61.824	0.267	0.259
-8.0	-0.825	0.01331	0.007	0.304	0.004	1.000	0.995	-62.025	0.263	0.258
-7.0	-0.751	0.01250	0.006	0.268	0.004	1.000	0.998	-60.081	0.260	0.258
-6.0	-0.663	0.01309	0.005	0.246	0.004	1.000	0.998	-50.676	0.259	0.258
-5.0	-0.565	0.01243	0.004	0.213	0.005	1.000	0.998	-45.433	0.258	0.258
-4.0	-0.458	0.01189	0.003	0.180	0.008	1.000	0.998	-38.552	0.258	0.258
-3.0	-0.347	0.01145	0.003	0.154	0.015	1.000	0.998	-30.291	0.258	0.258
-2.0	-0.232	0.01113	0.002	0.130	0.025	1.000	0.998	-20.849	0.258	0.258
-1.0	-0.116	0.01094	0.001	0.099	0.045	1.000	0.998	-10.632	0.258	0.258
0.0	0.000	0.01089	-0.000	0.071	0.071	1.000	0.998	0.000	0.258	0.250
1.0	0.116	0.01095	-0.001	0.045	0.099	1.000	0.998	10.621	0.258	0.258
2.0	0.232	0.01118	-0.002	0.025	0.130	1.000	0.998	20.772	0.258	0.258
3.0	0.347	0.01144	-0.003	0.015	0.154	1.000	0.999	30.332	0.258	0.258
4.0	0.458	0.01188	-0.003	0.008	0.180	1.000	0.998	38.583	0.258	0.258
5.0	0.565	0.01243	-0.004	0.005	0.213	1.000	0.999	45.459	0.258	0.258
6.0	0.664	0.01310	-0.005	0.004	0.246	1.000	0.999	50.655	0.259	0.258
7.0	0.751	0.01257	-0.006	0.004	0.268	0.997	0.999	59.743	0.260	0.258
8.0	0.825	0.01332	-0.007	0.004	0.304	0.995	0.998	61.968	0.263	0.258
9.0	0.883	0.01431	-0.008	0.004	0.337	0.992	0.999	61.723	0.267	0.259
10.0	0.919	0.01840	-0.009	0.003	0.364	0.962	0.999	49.920	0.268	0.259
11.0	0.751	0.07332	-0.005	0.002	0.403	0.060	0.999	10.242	0.267	0.257
12.0	0.727	0.08594	-0.005	0.001	0.437	0.039	0.999	8.457	0.248	0.257
13.0	0.690	0.09881	-0.005	0.001	0.468	0.031	0.999	6.980	0.247	0.258
14.0	0.642	0.11568	-0.006	0.001	0.510	0.023	0.999	5.554	0.245	0.259
15.0	0.591	0.12972	-0.006	0.001	0.554	0.024	0.999	4.555	0.243	0.260
16.0	0.538	0.14247	-0.006	0.000	0.589	0.024	0.999	3.773	0.243	0.262
17.0	0.485	0.15703	-0.007	0.000	0.629	0.024	0.999	3.090	0.241	0.264
18.0	0.436	0.17367	-0.007	0.001	0.674	0.028	0.999	2.513	0.240	0.266
19.0	0.391	0.18740	-0.008	0.001	0.722	0.029	0.999	2.087	0.241	0.269
20.0	0.350	0.20831	-0.008	0.001	0.772	0.029	0.999	1.682	0.241	0.273

Name = NACA 0008
Mach = 0; Re = 4030000; T.U. = 1.0; T.L. = 1.0
Surface Finish = 2; Stall model = 0; Transition model = 1; Aspect Ratio = 0; ground effect = 0
?	Cl	Cd	Cm 0.25	T.U.	T.L.	S.U.	S.L.	L/D	A.C.	C.P.
[°]	[-]	[-]	[-]	[-]	[-]	[-]	[-]	[-]	[-]	[-]
-20.0	-0.350	0.20522	0.008	0.727	0.001	1.000	0.030	-1.707	0.242	0.273
-19.0	-0.391	0.18750	0.008	0.682	0.001	1.000	0.030	-2.087	0.241	0.270
-18.0	-0.436	0.17022	0.007	0.639	0.001	1.000	0.029	-2.564	0.240	0.267
-17.0	-0.485	0.15512	0.007	0.603	0.000	1.000	0.025	-3.129	0.241	0.264
-16.0	-0.538	0.14141	0.006	0.559	0.000	1.000	0.025	-3.802	0.243	0.262
-15.0	-0.591	0.12425	0.006	0.517	0.001	1.000	0.025	-4.757	0.243	0.260
-14.0	-0.643	0.11425	0.006	0.482	0.001	1.000	0.024	-5.624	0.245	0.259
-13.0	-0.690	0.09796	0.006	0.452	0.001	1.000	0.032	-7.043	0.248	0.258
-12.0	-0.727	0.08607	0.005	0.410	0.001	1.000	0.041	-8.448	0.253	0.257
-11.0	-0.755	0.07044	0.006	0.380	0.001	1.000	0.083	-10.722	0.266	0.258
-10.0	-0.920	0.01800	0.009	0.350	0.003	1.000	0.971	-51.133	0.266	0.259
-9.0	-0.883	0.01413	0.008	0.314	0.004	1.000	0.992	-62.500	0.267	0.259
-8.0	-0.825	0.01315	0.007	0.291	0.004	1.000	0.996	-62.777	0.263	0.258
-7.0	-0.751	0.01236	0.006	0.257	0.004	1.000	0.998	-60.767	0.260	0.258
-6.0	-0.663	0.01287	0.005	0.225	0.004	1.000	0.998	-51.527	0.259	0.258
-5.0	-0.565	0.01227	0.004	0.207	0.005	1.000	0.998	-46.010	0.258	0.258
-4.0	-0.458	0.01169	0.003	0.172	0.008	1.000	0.998	-39.197	0.258	0.258
-3.0	-0.347	0.01133	0.003	0.142	0.015	1.000	0.998	-30.615	0.258	0.258
-2.0	-0.232	0.01103	0.002	0.117	0.023	1.000	0.998	-21.045	0.258	0.258
-1.0	-0.116	0.01084	0.001	0.093	0.042	1.000	0.998	-10.723	0.258	0.258
0.0	0.000	0.01075	-0.000	0.068	0.068	1.000	0.998	0.000	0.258	0.250
1.0	0.116	0.01079	-0.001	0.042	0.093	1.000	0.998	10.782	0.258	0.258
2.0	0.232	0.01101	-0.002	0.023	0.117	1.000	0.998	21.089	0.258	0.258
3.0	0.347	0.01132	-0.003	0.015	0.142	1.000	0.999	30.651	0.258	0.258
4.0	0.458	0.01171	-0.003	0.008	0.172	1.000	0.998	39.149	0.258	0.258
5.0	0.565	0.01228	-0.004	0.005	0.207	1.000	0.999	45.992	0.258	0.258
6.0	0.664	0.01290	-0.005	0.004	0.225	1.000	0.999	51.454	0.259	0.258
7.0	0.752	0.01235	-0.006	0.004	0.257	1.000	0.999	60.852	0.260	0.258
8.0	0.825	0.01317	-0.007	0.004	0.291	0.995	0.999	62.675	0.263	0.258
9.0	0.883	0.01406	-0.008	0.004	0.314	0.993	0.999	62.813	0.267	0.259
10.0	0.920	0.01800	-0.009	0.003	0.351	0.971	0.999	51.113	0.266	0.259
11.0	0.755	0.07044	-0.006	0.001	0.380	0.083	0.999	10.722	0.266	0.258
12.0	0.727	0.08605	-0.005	0.001	0.411	0.041	0.999	8.449	0.253	0.257
13.0	0.690	0.09796	-0.006	0.001	0.452	0.032	0.999	7.043	0.248	0.258
14.0	0.643	0.11425	-0.006	0.001	0.482	0.024	0.999	5.624	0.245	0.259
15.0	0.591	0.12424	-0.006	0.001	0.517	0.025	0.999	4.757	0.243	0.260
16.0	0.538	0.14141	-0.006	0.000	0.559	0.025	0.999	3.802	0.243	0.262
17.0	0.485	0.15512	-0.007	0.000	0.604	0.025	0.999	3.129	0.241	0.264
18.0	0.436	0.17021	-0.007	0.001	0.639	0.029	0.999	2.564	0.240	0.267
19.0	0.391	0.18750	-0.008	0.001	0.682	0.030	0.999	2.087	0.241	0.270
20.0	0.350	0.20520	-0.008	0.001	0.728	0.030	0.999	1.707	0.242	0.273

Name = NACA 0008
Mach = 0; Re = 4430000; T.U. = 1.0; T.L. = 1.0
Surface Finish = 2; Stall model = 0; Transition model = 1; Aspect Ratio = 0; ground effect = 0
?	Cl	Cd	Cm 0.25	T.U.	T.L.	S.U.	S.L.	L/D	A.C.	C.P.
[°]	[-]	[-]	[-]	[-]	[-]	[-]	[-]	[-]	[-]	[-]
-20.0	-0.350	0.20344	0.008	0.694	0.001	1.000	0.031	-1.723	0.242	0.273
-19.0	-0.391	0.18542	0.008	0.656	0.001	1.000	0.031	-2.111	0.241	0.270
-18.0	-0.437	0.17066	0.007	0.610	0.001	1.000	0.030	-2.559	0.240	0.267
-17.0	-0.485	0.15612	0.007	0.567	0.000	1.000	0.026	-3.110	0.241	0.264
-16.0	-0.538	0.14197	0.006	0.529	0.000	1.000	0.026	-3.788	0.243	0.262
-15.0	-0.591	0.12544	0.006	0.502	0.001	1.000	0.027	-4.713	0.242	0.260
-14.0	-0.643	0.11342	0.006	0.460	0.001	1.000	0.024	-5.666	0.245	0.259
-13.0	-0.690	0.09774	0.006	0.424	0.001	1.000	0.034	-7.062	0.247	0.258
-12.0	-0.727	0.08527	0.005	0.399	0.001	1.000	0.041	-8.528	0.253	0.257
-11.0	-0.756	0.06977	0.006	0.360	0.001	1.000	0.088	-10.839	0.266	0.258
-10.0	-0.921	0.01767	0.009	0.333	0.003	1.000	0.977	-52.150	0.265	0.259
-9.0	-0.883	0.01389	0.008	0.303	0.004	1.000	0.993	-63.601	0.267	0.259
-8.0	-0.825	0.01297	0.007	0.270	0.004	1.000	0.996	-63.662	0.263	0.258
-7.0	-0.751	0.01347	0.006	0.251	0.004	1.000	0.998	-55.769	0.260	0.258
-6.0	-0.663	0.01277	0.005	0.216	0.004	1.000	0.998	-51.940	0.259	0.258
-5.0	-0.565	0.01213	0.004	0.187	0.005	1.000	0.998	-46.537	0.258	0.258
-4.0	-0.458	0.01157	0.003	0.167	0.008	1.000	0.998	-39.596	0.258	0.258
-3.0	-0.347	0.01116	0.003	0.136	0.014	1.000	0.998	-31.057	0.258	0.258
-2.0	-0.232	0.01094	0.002	0.109	0.022	1.000	0.998	-21.227	0.258	0.258
-1.0	-0.116	0.01075	0.001	0.085	0.039	1.000	0.998	-10.822	0.258	0.258
0.0	0.000	0.01065	-0.000	0.061	0.061	1.000	0.998	0.000	0.258	0.250
1.0	0.116	0.01072	-0.001	0.039	0.085	1.000	0.998	10.849	0.258	0.258
2.0	0.232	0.01094	-0.002	0.022	0.109	1.000	0.998	21.225	0.258	0.258
3.0	0.347	0.01117	-0.003	0.014	0.136	1.000	0.999	31.061	0.258	0.258
4.0	0.458	0.01155	-0.003	0.008	0.167	1.000	0.998	39.704	0.258	0.258
5.0	0.565	0.01215	-0.004	0.005	0.187	1.000	0.999	46.480	0.258	0.258
6.0	0.664	0.01277	-0.005	0.004	0.216	1.000	0.999	51.959	0.259	0.258
7.0	0.752	0.01221	-0.006	0.004	0.251	1.000	0.999	61.545	0.260	0.258
8.0	0.825	0.01299	-0.007	0.004	0.270	0.996	0.999	63.556	0.263	0.258
9.0	0.883	0.01393	-0.008	0.004	0.303	0.993	0.999	63.404	0.267	0.259
10.0	0.921	0.01763	-0.009	0.003	0.333	0.977	0.999	52.275	0.265	0.259
11.0	0.756	0.06977	-0.006	0.001	0.360	0.088	0.999	10.839	0.266	0.258
12.0	0.727	0.08527	-0.005	0.001	0.400	0.041	0.999	8.528	0.253	0.257
13.0	0.690	0.09776	-0.006	0.001	0.424	0.034	0.999	7.061	0.247	0.258
14.0	0.643	0.11342	-0.006	0.001	0.460	0.024	0.999	5.666	0.245	0.259
15.0	0.591	0.12544	-0.006	0.001	0.502	0.027	0.999	4.713	0.242	0.260
16.0	0.538	0.14197	-0.006	0.000	0.529	0.026	0.999	3.788	0.243	0.262
17.0	0.485	0.15612	-0.007	0.000	0.567	0.026	0.999	3.110	0.241	0.264
18.0	0.437	0.17067	-0.007	0.001	0.610	0.030	0.999	2.559	0.240	0.267
19.0	0.391	0.18542	-0.008	0.001	0.656	0.031	0.999	2.111	0.241	0.270
20.0	0.350	0.20345	-0.008	0.001	0.694	0.031	0.999	1.723	0.242	0.273

Name = NACA 0008
Mach = 0; Re = 4830000; T.U. = 1.0; T.L. = 1.0
Surface Finish = 2; Stall model = 0; Transition model = 1; Aspect Ratio = 0; ground effect = 0
?	Cl	Cd	Cm 0.25	T.U.	T.L.	S.U.	S.L.	L/D	A.C.	C.P.
[°]	[-]	[-]	[-]	[-]	[-]	[-]	[-]	[-]	[-]	[-]
-20.0	-0.351	0.20275	0.008	0.662	0.001	1.000	0.033	-1.729	0.242	0.273
-19.0	-0.392	0.18433	0.008	0.619	0.001	1.000	0.033	-2.124	0.241	0.270
-18.0	-0.437	0.16913	0.007	0.580	0.001	1.000	0.031	-2.582	0.240	0.267
-17.0	-0.486	0.15462	0.007	0.552	0.000	1.000	0.027	-3.141	0.241	0.264
-16.0	-0.538	0.14134	0.006	0.510	0.000	1.000	0.027	-3.805	0.244	0.262
-15.0	-0.591	0.12519	0.006	0.471	0.001	1.000	0.028	-4.725	0.242	0.260
-14.0	-0.643	0.11175	0.006	0.449	0.000	1.000	0.024	-5.750	0.245	0.259
-13.0	-0.690	0.09717	0.006	0.408	0.001	1.000	0.035	-7.105	0.248	0.258
-12.0	-0.727	0.08491	0.005	0.376	0.001	1.000	0.043	-8.567	0.253	0.257
-11.0	-0.757	0.06919	0.006	0.351	0.001	1.000	0.092	-10.938	0.266	0.258
-10.0	-0.922	0.01739	0.009	0.314	0.003	1.000	0.979	-53.015	0.265	0.259
-9.0	-0.883	0.01365	0.008	0.297	0.004	1.000	0.993	-64.713	0.267	0.259
-8.0	-0.825	0.01284	0.007	0.260	0.004	1.000	0.996	-64.293	0.263	0.258
-7.0	-0.751	0.01340	0.006	0.232	0.004	1.000	0.998	-56.080	0.260	0.258
-6.0	-0.663	0.01255	0.005	0.211	0.004	1.000	0.998	-52.848	0.259	0.258
-5.0	-0.565	0.01202	0.004	0.178	0.005	1.000	0.998	-46.986	0.258	0.258
-4.0	-0.458	0.01146	0.003	0.155	0.008	1.000	0.998	-39.977	0.258	0.258
-3.0	-0.347	0.01110	0.003	0.132	0.013	1.000	0.998	-31.246	0.258	0.258
-2.0	-0.232	0.01078	0.002	0.104	0.021	1.000	0.998	-21.526	0.258	0.258
-1.0	-0.116	0.01065	0.001	0.079	0.036	1.000	0.998	-10.921	0.258	0.258
0.0	0.000	0.01056	-0.000	0.056	0.056	1.000	0.998	0.000	0.258	0.250
1.0	0.116	0.01062	-0.001	0.036	0.079	1.000	0.998	10.953	0.258	0.258
2.0	0.232	0.01078	-0.002	0.021	0.104	1.000	0.998	21.534	0.258	0.258
3.0	0.347	0.01106	-0.003	0.013	0.132	1.000	0.999	31.379	0.258	0.258
4.0	0.458	0.01144	-0.003	0.008	0.155	1.000	0.998	40.057	0.258	0.258
5.0	0.565	0.01204	-0.004	0.005	0.178	1.000	0.999	46.923	0.258	0.258
6.0	0.664	0.01267	-0.005	0.004	0.211	1.000	0.999	52.370	0.259	0.258
7.0	0.752	0.01341	-0.006	0.004	0.232	1.000	0.999	56.046	0.260	0.258
8.0	0.825	0.01285	-0.007	0.004	0.260	0.996	0.999	64.241	0.263	0.258
9.0	0.883	0.01370	-0.008	0.004	0.297	0.993	0.999	64.507	0.267	0.259
10.0	0.922	0.01734	-0.009	0.003	0.314	0.979	0.999	53.153	0.265	0.259
11.0	0.757	0.06920	-0.006	0.001	0.351	0.092	0.999	10.937	0.266	0.258
12.0	0.727	0.08490	-0.005	0.001	0.376	0.043	0.999	8.568	0.253	0.257
13.0	0.690	0.09716	-0.006	0.001	0.408	0.035	0.999	7.105	0.248	0.258
14.0	0.643	0.11177	-0.006	0.000	0.449	0.024	0.999	5.749	0.245	0.259
15.0	0.591	0.12519	-0.006	0.001	0.471	0.028	0.999	4.725	0.242	0.260
16.0	0.538	0.14134	-0.006	0.000	0.510	0.027	0.999	3.805	0.244	0.262
17.0	0.486	0.15462	-0.007	0.000	0.552	0.027	0.999	3.141	0.241	0.264
18.0	0.437	0.16914	-0.007	0.001	0.580	0.031	0.999	2.582	0.240	0.267
19.0	0.392	0.18433	-0.008	0.001	0.619	0.033	0.999	2.124	0.241	0.270
20.0	0.351	0.20276	-0.008	0.001	0.662	0.033	0.999	1.729	0.242	0.273

Name = NACA 0008
Mach = 0; Re = 5230000; T.U. = 1.0; T.L. = 1.0
Surface Finish = 2; Stall model = 0; Transition model = 1; Aspect Ratio = 0; ground effect = 0
?	Cl	Cd	Cm 0.25	T.U.	T.L.	S.U.	S.L.	L/D	A.C.	C.P.
[°]	[-]	[-]	[-]	[-]	[-]	[-]	[-]	[-]	[-]	[-]
-20.0	-0.351	0.19976	0.008	0.633	0.000	1.000	0.033	-1.755	0.243	0.273
-19.0	-0.392	0.18406	0.008	0.602	0.001	1.000	0.034	-2.128	0.242	0.270
-18.0	-0.437	0.16556	0.007	0.561	0.001	1.000	0.032	-2.639	0.240	0.267
-17.0	-0.486	0.15366	0.007	0.520	0.000	1.000	0.028	-3.161	0.241	0.264
-16.0	-0.538	0.14027	0.006	0.496	0.000	1.000	0.028	-3.835	0.244	0.262
-15.0	-0.592	0.12391	0.006	0.457	0.001	1.000	0.029	-4.775	0.242	0.260
-14.0	-0.643	0.11178	0.006	0.421	0.000	1.000	0.025	-5.750	0.245	0.259
-13.0	-0.691	0.09690	0.006	0.399	0.001	1.000	0.036	-7.127	0.246	0.258
-12.0	-0.727	0.08622	0.005	0.360	0.001	1.000	0.038	-8.427	0.253	0.257
-11.0	-0.757	0.06874	0.006	0.339	0.001	1.000	0.094	-11.016	0.267	0.258
-10.0	-0.922	0.01723	0.009	0.305	0.003	1.000	0.980	-53.519	0.265	0.259
-9.0	-0.883	0.01355	0.008	0.275	0.004	1.000	0.993	-65.186	0.267	0.259
-8.0	-0.825	0.01265	0.007	0.254	0.004	1.000	0.996	-65.247	0.263	0.258
-7.0	-0.751	0.01327	0.006	0.221	0.004	1.000	0.998	-56.626	0.260	0.258
-6.0	-0.663	0.01246	0.005	0.205	0.004	1.000	0.998	-53.249	0.259	0.258
-5.0	-0.565	0.01186	0.004	0.172	0.005	1.000	0.998	-47.614	0.258	0.258
-4.0	-0.458	0.01137	0.003	0.145	0.007	1.000	0.998	-40.310	0.258	0.258
-3.0	-0.347	0.01094	0.003	0.130	0.012	1.000	0.998	-31.702	0.258	0.258
-2.0	-0.232	0.01070	0.002	0.100	0.020	1.000	0.998	-21.686	0.258	0.258
-1.0	-0.116	0.01053	0.001	0.075	0.034	1.000	0.998	-11.040	0.258	0.258
0.0	0.000	0.01045	-0.000	0.053	0.053	1.000	0.998	0.000	0.258	0.250
1.0	0.116	0.01052	-0.001	0.034	0.075	1.000	0.998	11.057	0.258	0.258
2.0	0.232	0.01071	-0.002	0.020	0.100	1.000	0.998	21.688	0.258	0.258
3.0	0.347	0.01091	-0.003	0.012	0.130	1.000	0.999	31.806	0.258	0.258
4.0	0.458	0.01139	-0.003	0.007	0.145	1.000	0.998	40.261	0.258	0.258
5.0	0.565	0.01186	-0.004	0.005	0.172	1.000	0.999	47.636	0.258	0.258
6.0	0.664	0.01247	-0.005	0.004	0.205	1.000	0.999	53.218	0.259	0.258
7.0	0.752	0.01329	-0.006	0.004	0.221	1.000	0.999	56.540	0.260	0.258
8.0	0.825	0.01266	-0.007	0.004	0.254	0.996	0.999	65.190	0.263	0.258
9.0	0.883	0.01359	-0.008	0.004	0.275	0.993	0.999	64.986	0.267	0.259
10.0	0.922	0.01717	-0.009	0.003	0.305	0.981	0.999	53.718	0.265	0.259
11.0	0.757	0.06874	-0.006	0.001	0.339	0.094	0.999	11.016	0.267	0.258
12.0	0.727	0.08623	-0.005	0.001	0.360	0.038	0.999	8.426	0.253	0.257
13.0	0.691	0.09690	-0.006	0.001	0.399	0.036	0.999	7.127	0.246	0.258
14.0	0.643	0.11178	-0.006	0.000	0.422	0.025	0.999	5.750	0.245	0.259
15.0	0.592	0.12392	-0.006	0.001	0.457	0.029	0.999	4.774	0.242	0.260
16.0	0.538	0.14027	-0.006	0.000	0.496	0.028	0.999	3.835	0.244	0.262
17.0	0.486	0.15366	-0.007	0.000	0.520	0.028	0.999	3.161	0.241	0.264
18.0	0.437	0.16557	-0.007	0.001	0.561	0.032	0.999	2.638	0.240	0.267
19.0	0.392	0.18406	-0.008	0.001	0.602	0.034	0.999	2.128	0.242	0.270
20.0	0.351	0.19975	-0.008	0.000	0.633	0.033	0.999	1.755	0.243	0.273

Name = NACA 0008
Mach = 0; Re = 5630000; T.U. = 1.0; T.L. = 1.0
Surface Finish = 2; Stall model = 0; Transition model = 1; Aspect Ratio = 0; ground effect = 0
?	Cl	Cd	Cm 0.25	T.U.	T.L.	S.U.	S.L.	L/D	A.C.	C.P.
[°]	[-]	[-]	[-]	[-]	[-]	[-]	[-]	[-]	[-]	[-]
-20.0	-0.351	0.20068	0.008	0.612	0.000	1.000	0.034	-1.747	0.242	0.273
-19.0	-0.392	0.18212	0.008	0.572	0.000	1.000	0.034	-2.150	0.242	0.270
-18.0	-0.437	0.16530	0.007	0.542	0.001	1.000	0.033	-2.643	0.240	0.267
-17.0	-0.486	0.15318	0.007	0.507	0.000	1.000	0.029	-3.172	0.241	0.264
-16.0	-0.538	0.13966	0.007	0.469	0.000	1.000	0.029	-3.853	0.243	0.262
-15.0	-0.592	0.12285	0.006	0.449	0.001	1.000	0.029	-4.816	0.242	0.260
-14.0	-0.643	0.11258	0.006	0.408	0.000	1.000	0.026	-5.710	0.245	0.259
-13.0	-0.691	0.09604	0.006	0.380	0.001	1.000	0.037	-7.193	0.246	0.258
-12.0	-0.727	0.08550	0.005	0.352	0.001	1.000	0.039	-8.500	0.252	0.257
-11.0	-0.757	0.06885	0.006	0.319	0.001	1.000	0.093	-10.994	0.266	0.258
-10.0	-0.921	0.01728	0.009	0.300	0.002	1.000	0.977	-53.314	0.265	0.259
-9.0	-0.884	0.01337	0.008	0.264	0.004	1.000	0.994	-66.081	0.267	0.259
-8.0	-0.826	0.01252	0.007	0.249	0.004	1.000	0.997	-65.941	0.263	0.258
-7.0	-0.751	0.01309	0.006	0.215	0.004	1.000	0.998	-57.386	0.260	0.258
-6.0	-0.663	0.01239	0.005	0.188	0.004	1.000	0.998	-53.517	0.259	0.258
-5.0	-0.565	0.01175	0.004	0.169	0.005	1.000	0.998	-48.062	0.258	0.258
-4.0	-0.458	0.01123	0.003	0.139	0.007	1.000	0.998	-40.813	0.258	0.258
-3.0	-0.347	0.01086	0.003	0.119	0.012	1.000	0.998	-31.923	0.258	0.258
-2.0	-0.232	0.01063	0.002	0.098	0.019	1.000	0.998	-21.832	0.258	0.258
-1.0	-0.116	0.01043	0.001	0.072	0.033	1.000	0.998	-11.144	0.258	0.258
0.0	0.000	0.01040	-0.000	0.050	0.050	1.000	0.998	0.000	0.258	0.250
1.0	0.116	0.01045	-0.001	0.033	0.072	1.000	0.998	11.134	0.258	0.258
2.0	0.232	0.01060	-0.002	0.019	0.098	1.000	0.998	21.908	0.258	0.258
3.0	0.347	0.01088	-0.003	0.012	0.119	1.000	0.999	31.882	0.258	0.258
4.0	0.458	0.01123	-0.003	0.007	0.139	1.000	0.998	40.804	0.258	0.258
5.0	0.565	0.01179	-0.004	0.005	0.169	1.000	0.999	47.907	0.258	0.258
6.0	0.664	0.01239	-0.005	0.004	0.188	1.000	0.999	53.572	0.259	0.258
7.0	0.752	0.01310	-0.006	0.004	0.215	1.000	0.999	57.389	0.260	0.258
8.0	0.825	0.01254	-0.007	0.004	0.249	0.996	0.999	65.840	0.263	0.258
9.0	0.884	0.01339	-0.008	0.004	0.264	0.994	0.999	65.965	0.267	0.259
10.0	0.921	0.01722	-0.009	0.002	0.300	0.977	0.999	53.513	0.265	0.259
11.0	0.757	0.06886	-0.006	0.001	0.319	0.093	0.999	10.994	0.266	0.258
12.0	0.727	0.08551	-0.005	0.001	0.352	0.039	0.999	8.499	0.252	0.257
13.0	0.691	0.09604	-0.006	0.001	0.380	0.037	0.999	7.193	0.246	0.258
14.0	0.643	0.11257	-0.006	0.000	0.408	0.026	0.999	5.710	0.245	0.259
15.0	0.592	0.12285	-0.006	0.001	0.449	0.029	0.999	4.816	0.242	0.260
16.0	0.538	0.13966	-0.007	0.000	0.469	0.029	0.999	3.853	0.243	0.262
17.0	0.486	0.15318	-0.007	0.000	0.507	0.029	0.999	3.172	0.241	0.264
18.0	0.437	0.16529	-0.007	0.001	0.542	0.033	0.999	2.643	0.240	0.267
19.0	0.392	0.18212	-0.008	0.000	0.572	0.034	0.999	2.150	0.242	0.270
20.0	0.351	0.20068	-0.008	0.000	0.612	0.034	0.999	1.747	0.242	0.273

Name = NACA 0008
Mach = 0; Re = 6030000; T.U. = 1.0; T.L. = 1.0
Surface Finish = 2; Stall model = 0; Transition model = 1; Aspect Ratio = 0; ground effect = 0
?	Cl	Cd	Cm 0.25	T.U.	T.L.	S.U.	S.L.	L/D	A.C.	C.P.
[°]	[-]	[-]	[-]	[-]	[-]	[-]	[-]	[-]	[-]	[-]
-20.0	-0.351	0.19819	0.008	0.594	0.000	1.000	0.034	-1.770	0.242	0.273
-19.0	-0.392	0.17976	0.008	0.559	0.000	1.000	0.034	-2.179	0.241	0.270
-18.0	-0.437	0.16425	0.007	0.519	0.000	1.000	0.033	-2.660	0.241	0.267
-17.0	-0.486	0.15313	0.007	0.496	0.000	1.000	0.030	-3.174	0.241	0.264
-16.0	-0.538	0.13750	0.007	0.458	0.000	1.000	0.029	-3.914	0.243	0.262
-15.0	-0.592	0.12231	0.006	0.424	0.001	1.000	0.030	-4.838	0.242	0.261
-14.0	-0.643	0.11187	0.006	0.400	0.000	1.000	0.027	-5.748	0.245	0.259
-13.0	-0.691	0.09544	0.006	0.364	0.001	1.000	0.038	-7.240	0.246	0.258
-12.0	-0.727	0.08495	0.005	0.347	0.001	1.000	0.040	-8.557	0.252	0.257
-11.0	-0.757	0.06858	0.006	0.309	0.001	1.000	0.095	-11.044	0.266	0.258
-10.0	-0.920	0.01730	0.009	0.289	0.002	1.000	0.972	-53.216	0.265	0.259
-9.0	-0.884	0.01328	0.008	0.258	0.003	1.000	0.994	-66.550	0.267	0.259
-8.0	-0.826	0.01246	0.007	0.231	0.004	1.000	0.997	-66.259	0.263	0.258
-7.0	-0.751	0.01300	0.006	0.211	0.004	1.000	0.998	-57.793	0.260	0.258
-6.0	-0.663	0.01222	0.005	0.180	0.004	1.000	0.998	-54.262	0.259	0.258
-5.0	-0.565	0.01167	0.004	0.166	0.005	1.000	0.998	-48.388	0.258	0.258
-4.0	-0.458	0.01117	0.003	0.135	0.007	1.000	0.998	-41.010	0.258	0.258
-3.0	-0.347	0.01078	0.003	0.111	0.012	1.000	0.998	-32.176	0.258	0.258
-2.0	-0.232	0.01049	0.002	0.097	0.018	1.000	0.998	-22.121	0.258	0.258
-1.0	-0.116	0.01034	0.001	0.071	0.031	1.000	0.998	-11.251	0.258	0.258
0.0	0.000	0.01031	-0.000	0.049	0.049	1.000	0.998	0.000	0.258	0.250
1.0	0.116	0.01035	-0.001	0.031	0.071	1.000	0.998	11.238	0.258	0.258
2.0	0.232	0.01050	-0.002	0.018	0.097	1.000	0.998	22.125	0.258	0.258
3.0	0.347	0.01075	-0.003	0.012	0.111	1.000	0.999	32.270	0.258	0.258
4.0	0.458	0.01115	-0.003	0.007	0.135	1.000	0.998	41.107	0.258	0.258
5.0	0.565	0.01168	-0.004	0.005	0.166	1.000	0.999	48.359	0.258	0.258
6.0	0.664	0.01225	-0.005	0.004	0.180	1.000	0.999	54.181	0.259	0.258
7.0	0.752	0.01300	-0.006	0.004	0.211	1.000	0.999	57.792	0.260	0.258
8.0	0.825	0.01242	-0.007	0.004	0.231	0.996	0.999	66.481	0.263	0.258
9.0	0.884	0.01332	-0.008	0.003	0.258	0.994	0.999	66.343	0.267	0.259
10.0	0.920	0.01730	-0.009	0.002	0.289	0.972	0.999	53.191	0.265	0.259
11.0	0.757	0.06856	-0.006	0.001	0.309	0.095	0.999	11.048	0.266	0.258
12.0	0.727	0.08495	-0.005	0.001	0.347	0.040	0.999	8.557	0.252	0.257
13.0	0.691	0.09544	-0.006	0.001	0.364	0.038	0.999	7.240	0.246	0.258
14.0	0.643	0.11189	-0.006	0.000	0.401	0.027	0.999	5.747	0.245	0.259
15.0	0.592	0.12231	-0.006	0.001	0.424	0.030	0.999	4.838	0.242	0.261
16.0	0.538	0.13750	-0.007	0.000	0.458	0.029	0.999	3.914	0.243	0.262
17.0	0.486	0.15313	-0.007	0.000	0.496	0.030	0.999	3.174	0.241	0.264
18.0	0.437	0.16426	-0.007	0.000	0.519	0.033	0.999	2.660	0.241	0.267
19.0	0.392	0.17976	-0.008	0.000	0.559	0.034	0.999	2.179	0.241	0.270
20.0	0.351	0.19820	-0.008	0.000	0.593	0.034	0.999	1.769	0.242	0.273

Name = NACA 0008
Mach = 0; Re = 6430000; T.U. = 1.0; T.L. = 1.0
Surface Finish = 2; Stall model = 0; Transition model = 1; Aspect Ratio = 0; ground effect = 0
?	Cl	Cd	Cm 0.25	T.U.	T.L.	S.U.	S.L.	L/D	A.C.	C.P.
[°]	[-]	[-]	[-]	[-]	[-]	[-]	[-]	[-]	[-]	[-]
-20.0	-0.351	0.19627	0.008	0.570	0.000	1.000	0.035	-1.787	0.242	0.273
-19.0	-0.392	0.18113	0.008	0.542	0.000	1.000	0.035	-2.163	0.242	0.270
-18.0	-0.437	0.16495	0.007	0.508	0.000	1.000	0.034	-2.650	0.240	0.267
-17.0	-0.486	0.15116	0.007	0.471	0.000	1.000	0.031	-3.215	0.241	0.264
-16.0	-0.538	0.13747	0.007	0.451	0.000	1.000	0.030	-3.916	0.243	0.262
-15.0	-0.592	0.12204	0.006	0.411	0.001	1.000	0.031	-4.851	0.242	0.261
-14.0	-0.643	0.11035	0.006	0.392	0.000	1.000	0.028	-5.828	0.244	0.259
-13.0	-0.691	0.09517	0.006	0.355	0.001	1.000	0.038	-7.260	0.248	0.258
-12.0	-0.728	0.08342	0.006	0.329	0.001	1.000	0.048	-8.732	0.254	0.258
-11.0	-0.759	0.06740	0.006	0.304	0.001	1.000	0.104	-11.263	0.265	0.258
-10.0	-0.920	0.01728	0.009	0.272	0.002	1.000	0.969	-53.239	0.264	0.259
-9.0	-0.884	0.01312	0.008	0.254	0.003	1.000	0.994	-67.346	0.267	0.259
-8.0	-0.826	0.01232	0.007	0.222	0.004	1.000	0.997	-66.997	0.263	0.258
-7.0	-0.751	0.01280	0.006	0.208	0.004	1.000	0.998	-58.682	0.260	0.258
-6.0	-0.663	0.01215	0.005	0.175	0.004	1.000	0.998	-54.581	0.259	0.258
-5.0	-0.565	0.01155	0.004	0.155	0.005	1.000	0.998	-48.888	0.258	0.258
-4.0	-0.458	0.01103	0.003	0.132	0.007	1.000	0.998	-41.550	0.258	0.258
-3.0	-0.347	0.01069	0.003	0.106	0.011	1.000	0.998	-32.426	0.258	0.258
-2.0	-0.232	0.01043	0.002	0.088	0.018	1.000	0.998	-22.249	0.258	0.258
-1.0	-0.116	0.01027	0.001	0.069	0.030	1.000	0.998	-11.323	0.258	0.258
0.0	0.000	0.01020	-0.000	0.047	0.047	1.000	0.998	0.000	0.258	0.250
1.0	0.116	0.01026	-0.001	0.030	0.069	1.000	0.998	11.341	0.258	0.258
2.0	0.232	0.01046	-0.002	0.018	0.088	1.000	0.998	22.203	0.258	0.258
3.0	0.347	0.01070	-0.003	0.011	0.106	1.000	0.999	32.421	0.258	0.258
4.0	0.458	0.01099	-0.003	0.007	0.132	1.000	0.999	41.714	0.258	0.258
5.0	0.565	0.01154	-0.004	0.005	0.155	1.000	0.999	48.950	0.258	0.258
6.0	0.664	0.01215	-0.005	0.004	0.175	1.000	0.999	54.589	0.259	0.258
7.0	0.752	0.01282	-0.006	0.004	0.208	1.000	0.999	58.636	0.260	0.258
8.0	0.826	0.01234	-0.007	0.004	0.222	0.997	0.999	66.891	0.263	0.258
9.0	0.884	0.01312	-0.008	0.003	0.254	0.994	0.999	67.348	0.267	0.259
10.0	0.920	0.01727	-0.009	0.002	0.272	0.970	0.999	53.284	0.264	0.259
11.0	0.759	0.06741	-0.006	0.001	0.304	0.104	0.999	11.262	0.265	0.258
12.0	0.728	0.08342	-0.006	0.001	0.329	0.048	0.999	8.732	0.254	0.258
13.0	0.691	0.09516	-0.006	0.001	0.355	0.038	0.999	7.261	0.248	0.258
14.0	0.643	0.11035	-0.006	0.000	0.392	0.028	0.999	5.828	0.244	0.259
15.0	0.592	0.12203	-0.006	0.001	0.411	0.031	0.999	4.851	0.242	0.261
16.0	0.538	0.13748	-0.007	0.000	0.451	0.030	0.999	3.915	0.243	0.262
17.0	0.486	0.15116	-0.007	0.000	0.471	0.031	0.999	3.215	0.241	0.264
18.0	0.437	0.16495	-0.007	0.000	0.508	0.034	0.999	2.650	0.240	0.267
19.0	0.392	0.18113	-0.008	0.000	0.542	0.035	0.999	2.163	0.242	0.270
20.0	0.351	0.19627	-0.008	0.000	0.570	0.035	0.999	1.787	0.242	0.273


