Name = NACA 0012
Mach = 0; Re = 30000; T.U. = 1.0; T.L. = 1.0
Surface Finish = 2; Stall model = 0; Transition model = 1; Aspect Ratio = 0; ground effect = 0
?	Cl	Cd	Cm 0.25	T.U.	T.L.	S.U.	S.L.	L/D	A.C.	C.P.
[°]	[-]	[-]	[-]	[-]	[-]	[-]	[-]	[-]	[-]	[-]
-20.0	-0.906	0.44044	0.009	0.978	0.004	0.988	0.006	-2.056	0.239	0.260
-19.0	-0.940	0.38842	0.008	0.977	0.005	0.987	0.006	-2.419	0.240	0.259
-18.0	-0.969	0.32756	0.008	0.974	0.005	0.986	0.007	-2.957	0.239	0.258
-17.0	-0.992	0.28108	0.008	0.971	0.005	0.985	0.007	-3.528	0.235	0.258
-16.0	-1.007	0.24864	0.008	0.967	0.005	0.983	0.008	-4.048	0.216	0.258
-15.0	-1.012	0.21710	0.007	0.964	0.005	0.982	0.008	-4.661	-10.705	0.257
-14.0	-1.007	0.18950	0.007	0.961	0.006	0.981	0.009	-5.312	0.277	0.257
-13.0	-0.990	0.16513	0.007	0.958	0.006	0.979	0.010	-5.994	0.262	0.257
-12.0	-0.961	0.13994	0.006	0.951	0.007	0.978	0.011	-6.867	0.258	0.257
-11.0	-0.920	0.12078	0.006	0.944	0.008	0.977	0.014	-7.618	0.256	0.256
-10.0	-0.868	0.10351	0.006	0.937	0.010	0.974	0.017	-8.387	0.255	0.257
-9.0	-0.806	0.09009	0.005	0.927	0.013	0.972	0.021	-8.943	0.255	0.257
-8.0	-0.734	0.07757	0.005	0.915	0.017	0.969	0.026	-9.465	0.254	0.257
-7.0	-0.656	0.06767	0.005	0.901	0.021	0.966	0.040	-9.699	0.206	0.257
-6.0	-0.678	0.03773	0.007	0.882	0.035	0.963	0.804	-17.970	0.226	0.261
-5.0	-0.586	0.03435	0.006	0.857	0.066	0.962	0.944	-17.056	0.261	0.261
-4.0	-0.472	0.03236	0.005	0.826	0.202	0.961	0.954	-14.595	0.261	0.261
-3.0	-0.356	0.03072	0.004	0.786	0.312	0.961	0.961	-11.591	0.261	0.261
-2.0	-0.238	0.02963	0.003	0.733	0.406	0.962	0.965	-8.037	0.261	0.261
-1.0	-0.119	0.02898	0.001	0.668	0.498	0.963	0.967	-4.115	0.261	0.261
0.0	0.000	0.02878	-0.000	0.589	0.589	0.965	0.965	0.000	0.261	0.250
1.0	0.119	0.02898	-0.001	0.498	0.668	0.967	0.963	4.115	0.261	0.261
2.0	0.238	0.02964	-0.003	0.406	0.733	0.965	0.962	8.035	0.261	0.261
3.0	0.356	0.03073	-0.004	0.312	0.786	0.961	0.961	11.588	0.261	0.261
4.0	0.472	0.03237	-0.005	0.202	0.826	0.954	0.961	14.592	0.261	0.261
5.0	0.586	0.03437	-0.006	0.066	0.857	0.944	0.962	17.047	0.261	0.261
6.0	0.678	0.03772	-0.007	0.035	0.882	0.804	0.963	17.974	0.226	0.261
7.0	0.656	0.06767	-0.005	0.021	0.901	0.040	0.966	9.699	0.206	0.257
8.0	0.734	0.07757	-0.005	0.017	0.915	0.026	0.969	9.465	0.254	0.257
9.0	0.806	0.09009	-0.005	0.013	0.927	0.021	0.972	8.943	0.255	0.257
10.0	0.868	0.10351	-0.006	0.010	0.937	0.017	0.974	8.387	0.255	0.257
11.0	0.920	0.12077	-0.006	0.008	0.944	0.014	0.977	7.619	0.256	0.256
12.0	0.961	0.13994	-0.006	0.007	0.951	0.011	0.978	6.867	0.258	0.257
13.0	0.990	0.16513	-0.007	0.006	0.958	0.010	0.979	5.994	0.262	0.257
14.0	1.007	0.18951	-0.007	0.006	0.961	0.009	0.981	5.312	0.277	0.257
15.0	1.012	0.21710	-0.007	0.005	0.964	0.008	0.982	4.661	-10.705	0.257
16.0	1.007	0.24863	-0.008	0.005	0.967	0.008	0.983	4.048	0.216	0.258
17.0	0.992	0.28108	-0.008	0.005	0.971	0.007	0.985	3.528	0.235	0.258
18.0	0.969	0.32758	-0.008	0.005	0.975	0.007	0.986	2.957	0.239	0.258
19.0	0.940	0.38842	-0.008	0.005	0.977	0.006	0.987	2.419	0.240	0.259
20.0	0.906	0.44045	-0.009	0.004	0.978	0.006	0.988	2.056	0.239	0.260

Name = NACA 0012
Mach = 0; Re = 430000; T.U. = 1.0; T.L. = 1.0
Surface Finish = 2; Stall model = 0; Transition model = 1; Aspect Ratio = 0; ground effect = 0
?	Cl	Cd	Cm 0.25	T.U.	T.L.	S.U.	S.L.	L/D	A.C.	C.P.
[°]	[-]	[-]	[-]	[-]	[-]	[-]	[-]	[-]	[-]	[-]
-20.0	-0.909	0.23086	0.011	0.960	0.004	0.994	0.020	-3.936	0.236	0.262
-19.0	-0.943	0.20484	0.011	0.955	0.004	0.994	0.020	-4.602	0.242	0.261
-18.0	-0.973	0.18473	0.011	0.946	0.004	0.995	0.024	-5.267	0.245	0.261
-17.0	-0.997	0.16190	0.010	0.939	0.005	0.995	0.028	-6.157	0.248	0.260
-16.0	-1.014	0.14333	0.010	0.930	0.005	0.995	0.039	-7.077	0.236	0.260
-15.0	-1.020	0.12787	0.010	0.916	0.005	0.996	0.042	-7.980	0.179	0.260
-14.0	-1.019	0.11149	0.010	0.904	0.005	0.996	0.060	-9.144	0.216	0.260
-13.0	-1.011	0.09467	0.010	0.883	0.006	0.997	0.094	-10.676	0.345	0.260
-12.0	-1.045	0.05858	0.013	0.859	0.007	0.997	0.363	-17.841	0.295	0.262
-11.0	-1.073	0.03520	0.013	0.832	0.008	1.000	0.679	-30.477	0.254	0.262
-10.0	-1.052	0.02686	0.013	0.796	0.010	1.000	0.869	-39.172	0.269	0.262
-9.0	-0.989	0.02361	0.012	0.751	0.013	1.000	0.935	-41.875	0.265	0.262
-8.0	-0.905	0.02142	0.010	0.697	0.016	1.000	0.962	-42.240	0.263	0.261
-7.0	-0.809	0.01984	0.009	0.638	0.020	1.000	0.977	-40.749	0.262	0.261
-6.0	-0.703	0.01417	0.008	0.579	0.028	1.000	0.983	-49.630	0.262	0.261
-5.0	-0.591	0.01298	0.007	0.522	0.041	0.997	0.989	-45.553	0.261	0.261
-4.0	-0.476	0.01350	0.005	0.467	0.070	0.997	0.991	-35.257	0.261	0.261
-3.0	-0.358	0.01283	0.004	0.414	0.116	0.996	0.992	-27.931	0.261	0.261
-2.0	-0.239	0.01241	0.003	0.363	0.164	0.996	0.993	-19.290	0.261	0.261
-1.0	-0.120	0.01206	0.001	0.313	0.215	0.995	0.994	-9.941	0.261	0.261
0.0	0.000	0.01206	-0.000	0.264	0.264	0.994	0.994	0.000	0.261	0.250
1.0	0.120	0.01207	-0.001	0.215	0.313	0.994	0.995	9.938	0.261	0.261
2.0	0.239	0.01238	-0.003	0.164	0.363	0.993	0.996	19.340	0.261	0.261
3.0	0.358	0.01279	-0.004	0.116	0.414	0.992	0.996	28.014	0.261	0.261
4.0	0.476	0.01354	-0.005	0.070	0.467	0.991	0.997	35.141	0.261	0.261
5.0	0.591	0.01297	-0.007	0.041	0.522	0.989	0.997	45.587	0.261	0.261
6.0	0.703	0.01363	-0.008	0.028	0.579	0.983	0.997	51.593	0.262	0.261
7.0	0.809	0.01938	-0.009	0.020	0.638	0.977	0.997	41.725	0.262	0.261
8.0	0.905	0.02141	-0.010	0.016	0.697	0.963	0.998	42.272	0.263	0.261
9.0	0.989	0.02360	-0.012	0.013	0.751	0.935	0.998	41.892	0.265	0.262
10.0	1.052	0.02688	-0.013	0.010	0.796	0.869	0.998	39.147	0.269	0.262
11.0	1.073	0.03521	-0.013	0.008	0.832	0.679	0.998	30.461	0.252	0.262
12.0	1.045	0.05849	-0.013	0.007	0.859	0.363	0.998	17.870	0.295	0.262
13.0	1.011	0.09467	-0.010	0.006	0.883	0.094	0.997	10.676	0.345	0.260
14.0	1.019	0.11150	-0.010	0.005	0.904	0.060	0.996	9.144	0.216	0.260
15.0	1.020	0.12787	-0.010	0.005	0.916	0.042	0.996	7.980	0.180	0.260
16.0	1.014	0.14333	-0.010	0.005	0.930	0.039	0.995	7.077	0.236	0.260
17.0	0.997	0.16190	-0.010	0.005	0.939	0.028	0.995	6.157	0.248	0.260
18.0	0.973	0.18474	-0.011	0.004	0.946	0.024	0.994	5.267	0.245	0.261
19.0	0.943	0.20484	-0.011	0.004	0.955	0.020	0.994	4.602	0.242	0.261
20.0	0.909	0.23086	-0.011	0.004	0.960	0.020	0.993	3.936	0.236	0.262

Name = NACA 0012
Mach = 0; Re = 830000; T.U. = 1.0; T.L. = 1.0
Surface Finish = 2; Stall model = 0; Transition model = 1; Aspect Ratio = 0; ground effect = 0
?	Cl	Cd	Cm 0.25	T.U.	T.L.	S.U.	S.L.	L/D	A.C.	C.P.
[°]	[-]	[-]	[-]	[-]	[-]	[-]	[-]	[-]	[-]	[-]
-20.0	-0.913	0.20892	0.013	0.940	0.004	1.000	0.040	-4.371	0.239	0.264
-19.0	-0.948	0.18444	0.012	0.934	0.004	1.000	0.042	-5.140	0.245	0.263
-18.0	-0.980	0.16509	0.012	0.918	0.004	1.000	0.053	-5.936	0.249	0.263
-17.0	-1.006	0.14511	0.012	0.906	0.005	1.000	0.067	-6.935	0.250	0.262
-16.0	-1.027	0.12639	0.012	0.884	0.005	1.000	0.091	-8.128	0.248	0.262
-15.0	-1.039	0.11058	0.012	0.861	0.005	1.000	0.114	-9.393	0.263	0.262
-14.0	-1.052	0.08932	0.013	0.835	0.005	1.000	0.188	-11.775	0.283	0.262
-13.0	-1.080	0.06077	0.014	0.797	0.005	1.000	0.377	-17.778	0.272	0.263
-12.0	-1.121	0.03537	0.014	0.753	0.006	1.000	0.679	-31.697	0.250	0.263
-11.0	-1.107	0.02756	0.014	0.706	0.007	1.000	0.831	-40.184	0.276	0.262
-10.0	-1.063	0.02361	0.013	0.652	0.008	1.000	0.917	-45.004	0.268	0.262
-9.0	-0.993	0.02119	0.012	0.597	0.011	1.000	0.956	-46.867	0.265	0.262
-8.0	-0.907	0.01931	0.010	0.545	0.014	1.000	0.974	-46.967	0.263	0.261
-7.0	-0.809	0.01802	0.009	0.496	0.017	1.000	0.982	-44.929	0.262	0.261
-6.0	-0.704	0.01306	0.008	0.449	0.021	1.000	0.987	-53.903	0.262	0.261
-5.0	-0.591	0.01371	0.007	0.402	0.032	1.000	0.991	-43.125	0.261	0.261
-4.0	-0.476	0.01317	0.005	0.357	0.048	1.000	0.992	-36.138	0.261	0.261
-3.0	-0.358	0.01200	0.004	0.313	0.076	0.997	0.993	-29.878	0.261	0.261
-2.0	-0.240	0.01164	0.003	0.272	0.111	0.996	0.994	-20.570	0.261	0.261
-1.0	-0.120	0.01134	0.001	0.231	0.151	0.996	0.995	-10.577	0.261	0.261
0.0	0.000	0.01134	-0.000	0.191	0.191	0.995	0.995	0.000	0.261	0.250
1.0	0.120	0.01140	-0.001	0.151	0.231	0.995	0.996	10.523	0.261	0.261
2.0	0.240	0.01162	-0.003	0.111	0.271	0.994	0.996	20.618	0.261	0.261
3.0	0.358	0.01196	-0.004	0.076	0.313	0.993	0.997	29.963	0.261	0.261
4.0	0.476	0.01313	-0.005	0.048	0.357	0.992	0.997	36.235	0.261	0.261
5.0	0.591	0.01375	-0.007	0.032	0.402	0.991	0.997	43.011	0.261	0.261
6.0	0.704	0.01300	-0.008	0.021	0.449	0.987	0.997	54.154	0.262	0.261
7.0	0.809	0.01797	-0.009	0.017	0.496	0.982	0.997	45.053	0.262	0.261
8.0	0.907	0.01930	-0.010	0.014	0.545	0.974	0.998	46.989	0.263	0.261
9.0	0.993	0.02118	-0.012	0.011	0.597	0.956	0.998	46.885	0.265	0.262
10.0	1.063	0.02362	-0.013	0.008	0.652	0.917	0.998	44.985	0.268	0.262
11.0	1.107	0.02758	-0.014	0.007	0.706	0.830	0.998	40.153	0.276	0.262
12.0	1.121	0.03533	-0.014	0.006	0.753	0.680	0.998	31.735	0.250	0.263
13.0	1.081	0.06070	-0.014	0.005	0.797	0.378	0.998	17.801	0.272	0.263
14.0	1.052	0.08933	-0.013	0.005	0.835	0.188	0.998	11.773	0.283	0.262
15.0	1.039	0.11058	-0.012	0.005	0.861	0.114	0.998	9.393	0.263	0.262
16.0	1.027	0.12639	-0.012	0.005	0.884	0.091	0.998	8.128	0.248	0.262
17.0	1.006	0.14511	-0.012	0.005	0.906	0.067	0.998	6.935	0.250	0.262
18.0	0.980	0.16508	-0.012	0.004	0.918	0.053	0.997	5.937	0.249	0.263
19.0	0.948	0.18444	-0.012	0.004	0.934	0.042	0.997	5.140	0.245	0.263
20.0	0.913	0.20890	-0.013	0.004	0.940	0.040	0.997	4.371	0.239	0.264

Name = NACA 0012
Mach = 0; Re = 1230000; T.U. = 1.0; T.L. = 1.0
Surface Finish = 2; Stall model = 0; Transition model = 1; Aspect Ratio = 0; ground effect = 0
?	Cl	Cd	Cm 0.25	T.U.	T.L.	S.U.	S.L.	L/D	A.C.	C.P.
[°]	[-]	[-]	[-]	[-]	[-]	[-]	[-]	[-]	[-]	[-]
-20.0	-0.916	0.19596	0.014	0.917	0.004	1.000	0.053	-4.676	0.244	0.265
-19.0	-0.953	0.17559	0.013	0.906	0.004	1.000	0.062	-5.425	0.245	0.264
-18.0	-0.985	0.15591	0.013	0.882	0.004	1.000	0.074	-6.318	0.249	0.263
-17.0	-1.014	0.13506	0.013	0.857	0.004	1.000	0.098	-7.509	0.253	0.263
-16.0	-1.038	0.11624	0.013	0.828	0.004	1.000	0.131	-8.926	0.251	0.263
-15.0	-1.054	0.09869	0.013	0.793	0.004	1.000	0.175	-10.681	0.265	0.263
-14.0	-1.080	0.07338	0.014	0.749	0.005	1.000	0.302	-14.719	0.269	0.263
-13.0	-1.113	0.04807	0.014	0.701	0.005	1.000	0.509	-23.151	0.260	0.263
-12.0	-1.141	0.03036	0.015	0.650	0.006	1.000	0.764	-37.590	0.074	0.263
-11.0	-1.117	0.02523	0.014	0.601	0.006	1.000	0.872	-44.264	0.274	0.262
-10.0	-1.066	0.02213	0.013	0.553	0.007	1.000	0.935	-48.186	0.268	0.262
-9.0	-0.994	0.02002	0.012	0.505	0.009	1.000	0.963	-49.671	0.265	0.262
-8.0	-0.908	0.01823	0.010	0.459	0.012	1.000	0.978	-49.795	0.263	0.261
-7.0	-0.810	0.01303	0.009	0.415	0.015	1.000	0.985	-62.178	0.262	0.261
-6.0	-0.704	0.01371	0.008	0.375	0.019	1.000	0.990	-51.364	0.262	0.261
-5.0	-0.591	0.01312	0.007	0.339	0.026	1.000	0.991	-45.099	0.261	0.261
-4.0	-0.476	0.01266	0.005	0.301	0.038	1.000	0.992	-37.590	0.261	0.261
-3.0	-0.358	0.01224	0.004	0.262	0.059	1.000	0.993	-29.297	0.261	0.261
-2.0	-0.240	0.01122	0.003	0.224	0.086	0.997	0.994	-21.349	0.261	0.261
-1.0	-0.120	0.01099	0.001	0.189	0.119	0.996	0.995	-10.916	0.261	0.261
0.0	0.000	0.01094	-0.000	0.153	0.153	0.996	0.996	0.000	0.261	0.250
1.0	0.120	0.01099	-0.001	0.119	0.189	0.995	0.996	10.912	0.261	0.261
2.0	0.240	0.01119	-0.003	0.086	0.224	0.994	0.997	21.399	0.261	0.261
3.0	0.358	0.01220	-0.004	0.059	0.262	0.993	0.997	29.374	0.261	0.261
4.0	0.476	0.01263	-0.005	0.038	0.301	0.992	0.997	37.694	0.261	0.261
5.0	0.591	0.01315	-0.007	0.026	0.339	0.991	0.997	44.985	0.261	0.261
6.0	0.704	0.01367	-0.008	0.019	0.375	0.990	0.997	51.513	0.262	0.261
7.0	0.810	0.01299	-0.009	0.015	0.415	0.985	0.997	62.353	0.262	0.261
8.0	0.908	0.01830	-0.010	0.012	0.459	0.978	0.998	49.589	0.263	0.261
9.0	0.994	0.02001	-0.012	0.009	0.505	0.963	0.998	49.690	0.265	0.262
10.0	1.067	0.02212	-0.013	0.007	0.553	0.935	0.998	48.217	0.268	0.262
11.0	1.117	0.02524	-0.014	0.006	0.601	0.872	0.998	44.247	0.274	0.262
12.0	1.141	0.03034	-0.015	0.006	0.650	0.765	0.998	37.626	0.081	0.263
13.0	1.113	0.04811	-0.014	0.005	0.701	0.508	0.998	23.131	0.260	0.263
14.0	1.080	0.07340	-0.014	0.005	0.749	0.302	0.998	14.716	0.269	0.263
15.0	1.054	0.09869	-0.013	0.004	0.793	0.175	0.998	10.681	0.265	0.263
16.0	1.038	0.11624	-0.013	0.004	0.828	0.131	0.998	8.926	0.251	0.263
17.0	1.014	0.13506	-0.013	0.004	0.857	0.098	0.998	7.509	0.253	0.263
18.0	0.985	0.15590	-0.013	0.004	0.882	0.074	0.998	6.318	0.249	0.263
19.0	0.953	0.17559	-0.013	0.004	0.906	0.062	0.998	5.425	0.245	0.264
20.0	0.916	0.19595	-0.014	0.004	0.917	0.053	0.998	4.676	0.244	0.265

Name = NACA 0012
Mach = 0; Re = 1630000; T.U. = 1.0; T.L. = 1.0
Surface Finish = 2; Stall model = 0; Transition model = 1; Aspect Ratio = 0; ground effect = 0
?	Cl	Cd	Cm 0.25	T.U.	T.L.	S.U.	S.L.	L/D	A.C.	C.P.
[°]	[-]	[-]	[-]	[-]	[-]	[-]	[-]	[-]	[-]	[-]
-20.0	-0.919	0.18896	0.014	0.888	0.003	1.000	0.063	-4.861	0.246	0.265
-19.0	-0.955	0.16818	0.014	0.868	0.004	1.000	0.074	-5.681	0.247	0.264
-18.0	-0.989	0.14914	0.014	0.838	0.004	1.000	0.091	-6.631	0.251	0.264
-17.0	-1.020	0.12846	0.014	0.801	0.004	1.000	0.122	-7.940	0.255	0.264
-16.0	-1.047	0.10795	0.014	0.759	0.004	1.000	0.169	-9.699	0.253	0.263
-15.0	-1.066	0.09029	0.014	0.713	0.004	1.000	0.223	-11.809	0.261	0.263
-14.0	-1.099	0.06398	0.015	0.666	0.004	1.000	0.377	-17.177	0.264	0.263
-13.0	-1.135	0.04085	0.015	0.617	0.005	1.000	0.597	-27.777	0.252	0.263
-12.0	-1.151	0.02804	0.015	0.571	0.005	1.000	0.805	-41.053	0.336	0.263
-11.0	-1.122	0.02392	0.014	0.525	0.005	1.000	0.893	-46.906	0.273	0.262
-10.0	-1.068	0.02122	0.013	0.484	0.006	1.000	0.944	-50.342	0.268	0.262
-9.0	-0.995	0.01922	0.012	0.449	0.008	1.000	0.968	-51.804	0.265	0.262
-8.0	-0.908	0.01750	0.010	0.405	0.012	1.000	0.981	-51.911	0.263	0.261
-7.0	-0.810	0.01258	0.009	0.365	0.013	1.000	0.987	-64.392	0.262	0.261
-6.0	-0.704	0.01324	0.008	0.331	0.017	1.000	0.991	-53.217	0.262	0.261
-5.0	-0.592	0.01268	0.007	0.299	0.023	1.000	0.992	-46.671	0.261	0.261
-4.0	-0.476	0.01221	0.005	0.262	0.033	1.000	0.993	-38.986	0.261	0.261
-3.0	-0.359	0.01188	0.004	0.227	0.050	1.000	0.994	-30.190	0.261	0.261
-2.0	-0.240	0.01162	0.003	0.195	0.072	1.000	0.995	-20.609	0.261	0.261
-1.0	-0.120	0.01069	0.001	0.165	0.100	0.997	0.996	-11.218	0.261	0.261
0.0	0.000	0.01059	-0.000	0.132	0.132	0.996	0.996	0.000	0.261	0.250
1.0	0.120	0.01070	-0.001	0.100	0.165	0.996	0.997	11.215	0.261	0.261
2.0	0.240	0.01166	-0.003	0.072	0.195	0.995	0.997	20.542	0.261	0.261
3.0	0.358	0.01192	-0.004	0.050	0.226	0.994	0.997	30.081	0.261	0.261
4.0	0.476	0.01218	-0.005	0.033	0.261	0.993	0.997	39.090	0.261	0.261
5.0	0.592	0.01271	-0.007	0.023	0.299	0.992	0.997	46.553	0.261	0.261
6.0	0.704	0.01328	-0.008	0.017	0.331	0.990	0.997	53.019	0.262	0.261
7.0	0.810	0.01255	-0.009	0.013	0.365	0.987	0.998	64.571	0.262	0.261
8.0	0.908	0.01754	-0.010	0.012	0.405	0.981	0.998	51.775	0.263	0.261
9.0	0.995	0.01921	-0.012	0.008	0.449	0.968	0.998	51.830	0.265	0.262
10.0	1.068	0.02121	-0.013	0.006	0.484	0.944	0.998	50.371	0.268	0.262
11.0	1.122	0.02393	-0.014	0.005	0.525	0.893	0.998	46.887	0.273	0.262
12.0	1.151	0.02802	-0.015	0.005	0.571	0.806	0.998	41.086	0.336	0.263
13.0	1.135	0.04088	-0.015	0.005	0.617	0.596	0.998	27.752	0.252	0.263
14.0	1.099	0.06401	-0.015	0.004	0.666	0.377	0.998	17.168	0.264	0.263
15.0	1.066	0.09026	-0.014	0.004	0.713	0.224	0.998	11.815	0.261	0.263
16.0	1.047	0.10795	-0.014	0.004	0.759	0.169	0.998	9.699	0.253	0.263
17.0	1.020	0.12846	-0.014	0.004	0.801	0.122	0.998	7.940	0.255	0.264
18.0	0.989	0.14914	-0.014	0.004	0.838	0.091	0.998	6.632	0.251	0.264
19.0	0.955	0.16818	-0.014	0.004	0.868	0.074	0.998	5.681	0.247	0.264
20.0	0.919	0.18896	-0.014	0.003	0.888	0.063	0.998	4.861	0.246	0.265

Name = NACA 0012
Mach = 0; Re = 2030000; T.U. = 1.0; T.L. = 1.0
Surface Finish = 2; Stall model = 0; Transition model = 1; Aspect Ratio = 0; ground effect = 0
?	Cl	Cd	Cm 0.25	T.U.	T.L.	S.U.	S.L.	L/D	A.C.	C.P.
[°]	[-]	[-]	[-]	[-]	[-]	[-]	[-]	[-]	[-]	[-]
-20.0	-0.920	0.18364	0.014	0.852	0.003	1.000	0.071	-5.012	0.246	0.266
-19.0	-0.958	0.16427	0.014	0.820	0.003	1.000	0.085	-5.831	0.248	0.265
-18.0	-0.992	0.14396	0.014	0.782	0.004	1.000	0.105	-6.894	0.252	0.264
-17.0	-1.025	0.12242	0.014	0.739	0.004	1.000	0.143	-8.375	0.255	0.264
-16.0	-1.054	0.10245	0.014	0.694	0.004	1.000	0.196	-10.285	0.254	0.264
-15.0	-1.078	0.08260	0.015	0.650	0.004	1.000	0.271	-13.055	0.259	0.263
-14.0	-1.111	0.05817	0.015	0.607	0.004	1.000	0.426	-19.108	0.259	0.263
-13.0	-1.146	0.03733	0.015	0.560	0.004	1.000	0.642	-30.697	0.247	0.263
-12.0	-1.157	0.02661	0.015	0.516	0.005	1.000	0.830	-43.478	0.311	0.263
-11.0	-1.125	0.02300	0.014	0.474	0.005	1.000	0.907	-48.915	0.273	0.262
-10.0	-1.070	0.02052	0.013	0.442	0.006	1.000	0.951	-52.144	0.268	0.262
-9.0	-0.996	0.01862	0.012	0.404	0.007	1.000	0.972	-53.505	0.265	0.262
-8.0	-0.909	0.01292	0.010	0.364	0.011	1.000	0.982	-70.311	0.263	0.261
-7.0	-0.810	0.01224	0.009	0.332	0.013	1.000	0.988	-66.204	0.262	0.261
-6.0	-0.704	0.01289	0.008	0.302	0.016	1.000	0.991	-54.627	0.262	0.261
-5.0	-0.592	0.01240	0.007	0.264	0.021	1.000	0.992	-47.708	0.261	0.261
-4.0	-0.476	0.01194	0.005	0.234	0.030	1.000	0.993	-39.878	0.261	0.261
-3.0	-0.359	0.01161	0.004	0.208	0.043	1.000	0.994	-30.887	0.261	0.261
-2.0	-0.240	0.01139	0.003	0.174	0.062	1.000	0.995	-21.031	0.261	0.261
-1.0	-0.120	0.01051	0.001	0.142	0.086	0.997	0.996	-11.409	0.261	0.261
0.0	0.000	0.01041	-0.000	0.114	0.114	0.997	0.997	0.000	0.261	0.250
1.0	0.120	0.01052	-0.001	0.086	0.142	0.996	0.997	11.406	0.261	0.261
2.0	0.240	0.01136	-0.003	0.062	0.174	0.995	0.997	21.082	0.261	0.261
3.0	0.359	0.01165	-0.004	0.043	0.208	0.994	0.997	30.780	0.261	0.261
4.0	0.476	0.01191	-0.005	0.030	0.234	0.993	0.997	39.987	0.261	0.261
5.0	0.592	0.01243	-0.007	0.021	0.265	0.992	0.998	47.599	0.261	0.261
6.0	0.704	0.01288	-0.008	0.016	0.302	0.991	0.998	54.674	0.262	0.261
7.0	0.811	0.01221	-0.009	0.013	0.333	0.989	0.998	66.375	0.262	0.261
8.0	0.908	0.01295	-0.010	0.011	0.364	0.982	0.998	70.122	0.263	0.261
9.0	0.996	0.01861	-0.012	0.007	0.404	0.972	0.998	53.531	0.265	0.262
10.0	1.070	0.02050	-0.013	0.006	0.442	0.951	0.998	52.175	0.268	0.262
11.0	1.125	0.02301	-0.014	0.005	0.474	0.907	0.998	48.896	0.273	0.262
12.0	1.157	0.02659	-0.015	0.005	0.516	0.830	0.998	43.510	0.311	0.263
13.0	1.146	0.03736	-0.015	0.004	0.560	0.642	0.998	30.675	0.247	0.263
14.0	1.111	0.05820	-0.015	0.004	0.607	0.426	0.998	19.094	0.259	0.263
15.0	1.078	0.08252	-0.015	0.004	0.650	0.271	0.998	13.067	0.259	0.263
16.0	1.054	0.10245	-0.014	0.004	0.694	0.196	0.998	10.285	0.254	0.264
17.0	1.025	0.12242	-0.014	0.004	0.739	0.143	0.998	8.375	0.255	0.264
18.0	0.992	0.14396	-0.014	0.004	0.781	0.105	0.998	6.894	0.252	0.264
19.0	0.958	0.16427	-0.014	0.003	0.820	0.085	0.998	5.831	0.248	0.265
20.0	0.920	0.18364	-0.014	0.003	0.852	0.071	0.998	5.012	0.246	0.266

Name = NACA 0012
Mach = 0; Re = 2430000; T.U. = 1.0; T.L. = 1.0
Surface Finish = 2; Stall model = 0; Transition model = 1; Aspect Ratio = 0; ground effect = 0
?	Cl	Cd	Cm 0.25	T.U.	T.L.	S.U.	S.L.	L/D	A.C.	C.P.
[°]	[-]	[-]	[-]	[-]	[-]	[-]	[-]	[-]	[-]	[-]
-20.0	-0.922	0.17876	0.015	0.808	0.003	1.000	0.080	-5.160	0.244	0.266
-19.0	-0.960	0.15957	0.014	0.768	0.003	1.000	0.092	-6.014	0.246	0.265
-18.0	-0.995	0.14067	0.014	0.725	0.003	1.000	0.114	-7.071	0.253	0.264
-17.0	-1.030	0.11769	0.015	0.681	0.004	1.000	0.162	-8.751	0.257	0.264
-16.0	-1.061	0.09685	0.015	0.638	0.004	1.000	0.224	-10.954	0.252	0.264
-15.0	-1.085	0.07844	0.015	0.599	0.004	1.000	0.297	-13.830	0.257	0.264
-14.0	-1.124	0.05270	0.015	0.557	0.004	1.000	0.476	-21.328	0.258	0.264
-13.0	-1.156	0.03434	0.015	0.513	0.004	1.000	0.685	-33.677	0.238	0.263
-12.0	-1.160	0.02568	0.015	0.473	0.005	1.000	0.844	-45.186	0.299	0.263
-11.0	-1.127	0.02232	0.014	0.444	0.005	1.000	0.916	-50.498	0.273	0.262
-10.0	-1.071	0.01998	0.013	0.405	0.005	1.000	0.956	-53.595	0.268	0.262
-9.0	-0.997	0.01821	0.012	0.367	0.007	1.000	0.975	-54.729	0.265	0.262
-8.0	-0.909	0.01266	0.010	0.342	0.009	1.000	0.983	-71.791	0.263	0.261
-7.0	-0.811	0.01194	0.009	0.306	0.012	1.000	0.990	-67.915	0.262	0.261
-6.0	-0.704	0.01263	0.008	0.272	0.015	1.000	0.991	-55.752	0.262	0.261
-5.0	-0.592	0.01211	0.007	0.249	0.019	1.000	0.992	-48.835	0.261	0.261
-4.0	-0.476	0.01175	0.005	0.215	0.028	1.000	0.993	-40.532	0.261	0.261
-3.0	-0.359	0.01141	0.004	0.184	0.039	1.000	0.995	-31.430	0.261	0.261
-2.0	-0.240	0.01124	0.003	0.158	0.055	1.000	0.996	-21.320	0.261	0.261
-1.0	-0.120	0.01032	0.001	0.131	0.077	1.000	0.996	-11.629	0.261	0.261
0.0	0.000	0.01022	-0.000	0.103	0.103	0.997	0.997	0.000	0.261	0.250
1.0	0.120	0.01115	-0.001	0.077	0.131	0.996	0.997	10.761	0.261	0.261
2.0	0.240	0.01121	-0.003	0.055	0.158	0.996	0.997	21.372	0.261	0.261
3.0	0.359	0.01138	-0.004	0.039	0.184	0.995	0.997	31.513	0.261	0.261
4.0	0.476	0.01172	-0.005	0.028	0.214	0.993	0.997	40.633	0.261	0.261
5.0	0.592	0.01213	-0.007	0.019	0.250	0.992	0.998	48.777	0.261	0.261
6.0	0.704	0.01263	-0.008	0.015	0.272	0.991	0.998	55.791	0.262	0.261
7.0	0.811	0.01327	-0.009	0.012	0.306	0.989	0.998	61.112	0.262	0.261
8.0	0.909	0.01265	-0.010	0.009	0.342	0.983	0.998	71.850	0.263	0.261
9.0	0.997	0.01820	-0.012	0.007	0.367	0.975	0.998	54.755	0.265	0.262
10.0	1.071	0.01997	-0.013	0.005	0.405	0.956	0.998	53.626	0.268	0.262
11.0	1.127	0.02230	-0.014	0.005	0.444	0.916	0.998	50.531	0.273	0.262
12.0	1.160	0.02566	-0.015	0.005	0.473	0.844	0.998	45.225	0.299	0.263
13.0	1.156	0.03437	-0.015	0.004	0.513	0.684	0.998	33.645	0.238	0.263
14.0	1.124	0.05275	-0.015	0.004	0.557	0.476	0.998	21.309	0.257	0.264
15.0	1.085	0.07838	-0.015	0.004	0.599	0.297	0.998	13.842	0.257	0.264
16.0	1.061	0.09685	-0.015	0.004	0.638	0.224	0.998	10.954	0.252	0.264
17.0	1.030	0.11769	-0.015	0.004	0.681	0.162	0.998	8.751	0.257	0.264
18.0	0.995	0.14068	-0.014	0.003	0.726	0.114	0.998	7.071	0.253	0.264
19.0	0.960	0.15957	-0.014	0.003	0.768	0.092	0.998	6.014	0.246	0.265
20.0	0.922	0.17876	-0.015	0.003	0.808	0.080	0.998	5.160	0.244	0.266

Name = NACA 0012
Mach = 0; Re = 2830000; T.U. = 1.0; T.L. = 1.0
Surface Finish = 2; Stall model = 0; Transition model = 1; Aspect Ratio = 0; ground effect = 0
?	Cl	Cd	Cm 0.25	T.U.	T.L.	S.U.	S.L.	L/D	A.C.	C.P.
[°]	[-]	[-]	[-]	[-]	[-]	[-]	[-]	[-]	[-]	[-]
-20.0	-0.924	0.17475	0.015	0.763	0.003	1.000	0.087	-5.287	0.245	0.266
-19.0	-0.962	0.15641	0.015	0.721	0.003	1.000	0.100	-6.148	0.246	0.265
-18.0	-0.997	0.13704	0.015	0.677	0.003	1.000	0.124	-7.276	0.254	0.265
-17.0	-1.035	0.11319	0.015	0.635	0.004	1.000	0.181	-9.140	0.258	0.264
-16.0	-1.067	0.09212	0.015	0.598	0.004	1.000	0.249	-11.583	0.253	0.264
-15.0	-1.094	0.07314	0.015	0.558	0.004	1.000	0.333	-14.958	0.256	0.264
-14.0	-1.134	0.04853	0.016	0.515	0.004	1.000	0.517	-23.373	0.254	0.264
-13.0	-1.162	0.03282	0.015	0.477	0.004	1.000	0.706	-35.398	0.229	0.263
-12.0	-1.164	0.02473	0.015	0.449	0.005	1.000	0.860	-47.079	0.296	0.263
-11.0	-1.129	0.02168	0.014	0.409	0.005	1.000	0.924	-52.059	0.273	0.262
-10.0	-1.072	0.01950	0.013	0.375	0.005	1.000	0.959	-54.945	0.268	0.262
-9.0	-0.997	0.01775	0.012	0.349	0.006	1.000	0.977	-56.179	0.265	0.262
-8.0	-0.909	0.01245	0.010	0.312	0.009	1.000	0.985	-73.005	0.263	0.261
-7.0	-0.811	0.01300	0.009	0.285	0.012	1.000	0.990	-62.349	0.262	0.261
-6.0	-0.704	0.01238	0.008	0.257	0.014	1.000	0.991	-56.911	0.262	0.261
-5.0	-0.592	0.01197	0.007	0.223	0.017	1.000	0.993	-49.442	0.261	0.261
-4.0	-0.476	0.01149	0.005	0.202	0.026	1.000	0.994	-41.444	0.261	0.261
-3.0	-0.359	0.01119	0.004	0.172	0.035	1.000	0.995	-32.039	0.261	0.261
-2.0	-0.240	0.01106	0.003	0.142	0.050	1.000	0.996	-21.672	0.261	0.261
-1.0	-0.120	0.01096	0.001	0.118	0.071	1.000	0.996	-10.945	0.261	0.261
0.0	0.000	0.01008	-0.000	0.097	0.097	0.997	0.997	0.000	0.261	0.250
1.0	0.120	0.01102	-0.001	0.071	0.118	0.996	0.997	10.884	0.261	0.261
2.0	0.240	0.01109	-0.003	0.050	0.142	0.996	0.997	21.601	0.261	0.261
3.0	0.359	0.01123	-0.004	0.035	0.172	0.995	0.997	31.931	0.261	0.261
4.0	0.476	0.01149	-0.005	0.026	0.202	0.994	0.998	41.447	0.261	0.261
5.0	0.592	0.01198	-0.007	0.017	0.224	0.992	0.998	49.385	0.261	0.261
6.0	0.704	0.01242	-0.008	0.014	0.256	0.991	0.998	56.729	0.262	0.261
7.0	0.811	0.01304	-0.009	0.012	0.285	0.990	0.998	62.164	0.262	0.261
8.0	0.909	0.01244	-0.010	0.009	0.312	0.985	0.998	73.065	0.263	0.261
9.0	0.997	0.01780	-0.012	0.006	0.349	0.977	0.998	56.025	0.265	0.262
10.0	1.072	0.01949	-0.013	0.005	0.375	0.959	0.998	54.976	0.268	0.262
11.0	1.129	0.02169	-0.014	0.005	0.409	0.924	0.998	52.037	0.273	0.262
12.0	1.164	0.02471	-0.015	0.005	0.449	0.860	0.998	47.118	0.296	0.263
13.0	1.162	0.03284	-0.015	0.004	0.477	0.706	0.998	35.365	0.229	0.263
14.0	1.134	0.04858	-0.016	0.004	0.515	0.517	0.998	23.346	0.254	0.264
15.0	1.094	0.07309	-0.015	0.004	0.558	0.333	0.998	14.968	0.256	0.264
16.0	1.067	0.09212	-0.015	0.004	0.598	0.249	0.998	11.583	0.253	0.264
17.0	1.035	0.11319	-0.015	0.004	0.635	0.181	0.998	9.140	0.258	0.264
18.0	0.997	0.13703	-0.015	0.003	0.677	0.124	0.998	7.276	0.254	0.265
19.0	0.962	0.15641	-0.015	0.003	0.721	0.100	0.998	6.148	0.246	0.265
20.0	0.924	0.17475	-0.015	0.003	0.763	0.087	0.998	5.287	0.245	0.266

Name = NACA 0012
Mach = 0; Re = 3230000; T.U. = 1.0; T.L. = 1.0
Surface Finish = 2; Stall model = 0; Transition model = 1; Aspect Ratio = 0; ground effect = 0
?	Cl	Cd	Cm 0.25	T.U.	T.L.	S.U.	S.L.	L/D	A.C.	C.P.
[°]	[-]	[-]	[-]	[-]	[-]	[-]	[-]	[-]	[-]	[-]
-20.0	-0.923	0.17789	0.015	0.720	0.002	1.000	0.081	-5.187	0.256	0.266
-19.0	-0.964	0.15325	0.015	0.678	0.003	1.000	0.110	-6.289	0.253	0.265
-18.0	-1.000	0.13332	0.015	0.638	0.003	1.000	0.137	-7.502	0.250	0.265
-17.0	-1.034	0.11319	0.015	0.605	0.004	1.000	0.179	-9.136	0.255	0.264
-16.0	-1.070	0.08980	0.015	0.561	0.004	1.000	0.261	-11.916	0.258	0.264
-15.0	-1.105	0.06720	0.016	0.519	0.004	1.000	0.377	-16.441	0.255	0.264
-14.0	-1.137	0.04724	0.016	0.487	0.004	1.000	0.528	-24.071	0.250	0.264
-13.0	-1.167	0.03135	0.016	0.454	0.004	1.000	0.728	-37.227	0.227	0.263
-12.0	-1.166	0.02414	0.015	0.415	0.005	1.000	0.869	-48.314	0.293	0.263
-11.0	-1.130	0.02124	0.014	0.390	0.004	1.000	0.929	-53.207	0.273	0.262
-10.0	-1.072	0.01908	0.013	0.355	0.005	1.000	0.962	-56.185	0.267	0.262
-9.0	-0.997	0.01745	0.012	0.322	0.006	1.000	0.978	-57.137	0.265	0.262
-8.0	-0.909	0.01223	0.010	0.300	0.008	1.000	0.986	-74.339	0.263	0.261
-7.0	-0.811	0.01282	0.009	0.264	0.011	1.000	0.990	-63.273	0.262	0.261
-6.0	-0.704	0.01220	0.008	0.241	0.013	1.000	0.992	-57.761	0.262	0.261
-5.0	-0.592	0.01174	0.007	0.212	0.016	1.000	0.993	-50.397	0.261	0.261
-4.0	-0.476	0.01132	0.005	0.183	0.024	1.000	0.994	-42.069	0.261	0.261
-3.0	-0.359	0.01108	0.004	0.163	0.032	1.000	0.995	-32.362	0.261	0.261
-2.0	-0.240	0.01092	0.003	0.134	0.046	1.000	0.996	-21.952	0.261	0.261
-1.0	-0.120	0.01084	0.001	0.108	0.066	1.000	0.997	-11.066	0.261	0.261
0.0	0.000	0.01000	-0.000	0.086	0.086	0.997	0.997	0.000	0.261	0.250
1.0	0.120	0.01084	-0.001	0.066	0.108	0.997	0.997	11.067	0.261	0.261
2.0	0.240	0.01089	-0.003	0.046	0.134	0.996	0.997	22.001	0.261	0.261
3.0	0.359	0.01111	-0.004	0.032	0.163	0.995	0.997	32.278	0.261	0.261
4.0	0.476	0.01134	-0.005	0.024	0.183	0.994	0.998	41.984	0.261	0.261
5.0	0.592	0.01175	-0.007	0.016	0.213	0.993	0.998	50.334	0.261	0.261
6.0	0.704	0.01219	-0.008	0.013	0.241	0.991	0.998	57.803	0.262	0.261
7.0	0.811	0.01281	-0.009	0.011	0.264	0.990	0.998	63.295	0.262	0.261
8.0	0.909	0.01226	-0.010	0.008	0.300	0.985	0.998	74.128	0.263	0.261
9.0	0.997	0.01750	-0.012	0.006	0.322	0.978	0.998	56.973	0.265	0.262
10.0	1.072	0.01908	-0.013	0.005	0.355	0.962	0.998	56.204	0.267	0.262
11.0	1.130	0.02125	-0.014	0.004	0.390	0.929	0.998	53.165	0.272	0.262
12.0	1.166	0.02412	-0.015	0.005	0.415	0.869	0.998	48.352	0.293	0.263
13.0	1.167	0.03137	-0.016	0.004	0.454	0.727	0.998	37.192	0.227	0.263
14.0	1.137	0.04726	-0.016	0.004	0.487	0.528	0.998	24.062	0.250	0.264
15.0	1.105	0.06716	-0.016	0.004	0.520	0.377	0.998	16.456	0.255	0.264
16.0	1.070	0.08973	-0.015	0.004	0.561	0.261	0.998	11.926	0.258	0.264
17.0	1.034	0.11319	-0.015	0.004	0.605	0.179	0.998	9.136	0.256	0.264
18.0	1.000	0.13331	-0.015	0.003	0.638	0.137	0.998	7.503	0.250	0.265
19.0	0.964	0.15325	-0.015	0.003	0.678	0.110	0.998	6.289	0.253	0.265
20.0	0.923	0.17787	-0.015	0.002	0.721	0.081	0.998	5.187	0.256	0.266

Name = NACA 0012
Mach = 0; Re = 3630000; T.U. = 1.0; T.L. = 1.0
Surface Finish = 2; Stall model = 0; Transition model = 1; Aspect Ratio = 0; ground effect = 0
?	Cl	Cd	Cm 0.25	T.U.	T.L.	S.U.	S.L.	L/D	A.C.	C.P.
[°]	[-]	[-]	[-]	[-]	[-]	[-]	[-]	[-]	[-]	[-]
-20.0	-0.922	0.18017	0.015	0.683	0.002	1.000	0.078	-5.117	0.264	0.266
-19.0	-0.966	0.14986	0.015	0.647	0.003	1.000	0.119	-6.445	0.257	0.266
-18.0	-1.003	0.13028	0.015	0.609	0.003	1.000	0.148	-7.698	0.250	0.265
-17.0	-1.038	0.10986	0.015	0.566	0.004	1.000	0.193	-9.445	0.254	0.265
-16.0	-1.072	0.08815	0.015	0.528	0.004	1.000	0.269	-12.162	0.257	0.264
-15.0	-1.112	0.06357	0.016	0.502	0.004	1.000	0.404	-17.490	0.255	0.264
-14.0	-1.145	0.04446	0.016	0.460	0.004	1.000	0.558	-25.743	0.248	0.264
-13.0	-1.172	0.02998	0.016	0.427	0.004	1.000	0.749	-39.100	0.215	0.263
-12.0	-1.168	0.02366	0.015	0.401	0.004	1.000	0.875	-49.365	0.291	0.263
-11.0	-1.131	0.02081	0.014	0.363	0.004	1.000	0.935	-54.370	0.272	0.262
-10.0	-1.073	0.01876	0.013	0.343	0.005	1.000	0.964	-57.182	0.267	0.262
-9.0	-0.998	0.01715	0.012	0.307	0.005	1.000	0.979	-58.163	0.265	0.262
-8.0	-0.909	0.01204	0.010	0.278	0.007	1.000	0.987	-75.502	0.263	0.261
-7.0	-0.811	0.01259	0.009	0.255	0.011	1.000	0.991	-64.422	0.262	0.261
-6.0	-0.705	0.01200	0.008	0.222	0.013	1.000	0.992	-58.723	0.262	0.261
-5.0	-0.592	0.01152	0.007	0.206	0.015	1.000	0.993	-51.359	0.261	0.261
-4.0	-0.476	0.01117	0.005	0.174	0.022	1.000	0.994	-42.615	0.261	0.261
-3.0	-0.359	0.01092	0.004	0.147	0.030	1.000	0.995	-32.837	0.261	0.261
-2.0	-0.240	0.01077	0.003	0.130	0.044	1.000	0.996	-22.246	0.261	0.261
-1.0	-0.120	0.01067	0.001	0.102	0.059	1.000	0.997	-11.243	0.261	0.261
0.0	0.000	0.01075	-0.000	0.078	0.078	1.000	0.997	0.000	0.261	0.250
1.0	0.120	0.01067	-0.001	0.059	0.102	0.997	0.997	11.246	0.261	0.261
2.0	0.240	0.01075	-0.003	0.044	0.130	0.996	0.997	22.297	0.261	0.261
3.0	0.359	0.01095	-0.004	0.030	0.147	0.995	0.998	32.752	0.261	0.261
4.0	0.476	0.01120	-0.005	0.022	0.174	0.994	0.998	42.527	0.261	0.261
5.0	0.592	0.01154	-0.007	0.015	0.206	0.993	0.998	51.287	0.261	0.261
6.0	0.705	0.01199	-0.008	0.013	0.222	0.992	0.998	58.771	0.262	0.261
7.0	0.811	0.01258	-0.009	0.011	0.254	0.990	0.998	64.450	0.262	0.261
8.0	0.909	0.01208	-0.010	0.007	0.278	0.986	0.998	75.287	0.263	0.261
9.0	0.998	0.01720	-0.012	0.005	0.307	0.979	0.998	58.001	0.265	0.262
10.0	1.073	0.01875	-0.013	0.005	0.343	0.964	0.998	57.201	0.267	0.262
11.0	1.131	0.02081	-0.014	0.004	0.363	0.935	0.998	54.373	0.272	0.262
12.0	1.168	0.02365	-0.015	0.004	0.401	0.876	0.998	49.399	0.291	0.263
13.0	1.172	0.03001	-0.016	0.004	0.427	0.749	0.998	39.065	0.216	0.263
14.0	1.144	0.04452	-0.016	0.004	0.460	0.557	0.998	25.705	0.248	0.264
15.0	1.112	0.06354	-0.016	0.004	0.502	0.404	0.998	17.498	0.255	0.264
16.0	1.072	0.08813	-0.015	0.004	0.528	0.269	0.998	12.166	0.257	0.264
17.0	1.038	0.10986	-0.015	0.004	0.566	0.193	0.998	9.445	0.254	0.265
18.0	1.003	0.13028	-0.015	0.003	0.608	0.148	0.998	7.698	0.250	0.265
19.0	0.966	0.14986	-0.015	0.003	0.647	0.119	0.998	6.445	0.257	0.266
20.0	0.922	0.18018	-0.015	0.002	0.683	0.078	0.998	5.116	0.264	0.266

Name = NACA 0012
Mach = 0; Re = 4030000; T.U. = 1.0; T.L. = 1.0
Surface Finish = 2; Stall model = 0; Transition model = 1; Aspect Ratio = 0; ground effect = 0
?	Cl	Cd	Cm 0.25	T.U.	T.L.	S.U.	S.L.	L/D	A.C.	C.P.
[°]	[-]	[-]	[-]	[-]	[-]	[-]	[-]	[-]	[-]	[-]
-20.0	-0.921	0.17980	0.015	0.657	0.001	1.000	0.076	-5.125	0.257	0.266
-19.0	-0.963	0.15444	0.015	0.614	0.002	1.000	0.104	-6.232	0.260	0.265
-18.0	-1.005	0.12755	0.015	0.573	0.003	1.000	0.157	-7.879	0.258	0.265
-17.0	-1.041	0.10709	0.015	0.543	0.004	1.000	0.206	-9.718	0.254	0.265
-16.0	-1.077	0.08487	0.016	0.507	0.004	1.000	0.288	-12.687	0.257	0.264
-15.0	-1.118	0.06036	0.016	0.469	0.004	1.000	0.429	-18.523	0.254	0.264
-14.0	-1.151	0.04213	0.016	0.448	0.004	1.000	0.583	-27.321	0.245	0.264
-13.0	-1.174	0.02936	0.016	0.408	0.004	1.000	0.758	-40.002	0.201	0.263
-12.0	-1.170	0.02313	0.015	0.377	0.004	1.000	0.884	-50.588	0.290	0.263
-11.0	-1.132	0.02043	0.014	0.352	0.004	1.000	0.939	-55.412	0.272	0.262
-10.0	-1.073	0.01848	0.013	0.317	0.005	1.000	0.966	-58.058	0.267	0.262
-9.0	-0.998	0.01690	0.012	0.299	0.005	1.000	0.979	-59.019	0.265	0.262
-8.0	-0.909	0.01190	0.010	0.263	0.007	1.000	0.987	-76.396	0.263	0.261
-7.0	-0.811	0.01244	0.009	0.243	0.010	1.000	0.991	-65.193	0.262	0.261
-6.0	-0.705	0.01183	0.008	0.214	0.012	1.000	0.992	-59.539	0.262	0.261
-5.0	-0.592	0.01141	0.007	0.187	0.015	1.000	0.993	-51.876	0.261	0.261
-4.0	-0.476	0.01105	0.005	0.169	0.021	1.000	0.994	-43.096	0.261	0.261
-3.0	-0.359	0.01074	0.004	0.139	0.029	1.000	0.996	-33.381	0.261	0.261
-2.0	-0.240	0.01066	0.003	0.117	0.041	1.000	0.996	-22.483	0.261	0.261
-1.0	-0.120	0.01055	0.001	0.098	0.055	1.000	0.997	-11.370	0.261	0.261
0.0	0.000	0.01151	-0.000	0.074	0.074	1.000	0.997	0.000	0.261	0.250
1.0	0.120	0.01061	-0.001	0.055	0.098	0.997	0.997	11.309	0.261	0.261
2.0	0.240	0.01063	-0.003	0.041	0.117	0.996	0.997	22.553	0.261	0.261
3.0	0.359	0.01076	-0.004	0.029	0.139	0.996	0.998	33.315	0.261	0.261
4.0	0.476	0.01100	-0.005	0.021	0.169	0.995	0.998	43.277	0.261	0.261
5.0	0.592	0.01142	-0.007	0.015	0.187	0.993	0.998	51.805	0.261	0.261
6.0	0.705	0.01190	-0.008	0.012	0.214	0.992	0.998	59.185	0.262	0.261
7.0	0.811	0.01245	-0.009	0.010	0.243	0.991	0.998	65.121	0.262	0.261
8.0	0.909	0.01189	-0.010	0.007	0.264	0.987	0.998	76.471	0.263	0.261
9.0	0.998	0.01695	-0.012	0.005	0.299	0.979	0.998	58.854	0.265	0.262
10.0	1.073	0.01848	-0.013	0.005	0.317	0.966	0.998	58.077	0.267	0.262
11.0	1.132	0.02041	-0.014	0.004	0.352	0.939	0.998	55.483	0.272	0.262
12.0	1.170	0.02311	-0.015	0.004	0.377	0.884	0.998	50.622	0.290	0.263
13.0	1.174	0.02938	-0.016	0.004	0.408	0.757	0.998	39.968	0.202	0.263
14.0	1.151	0.04216	-0.016	0.004	0.448	0.583	0.998	27.294	0.245	0.264
15.0	1.118	0.06034	-0.016	0.004	0.469	0.429	0.998	18.531	0.254	0.264
16.0	1.077	0.08484	-0.016	0.004	0.508	0.288	0.998	12.693	0.257	0.264
17.0	1.041	0.10709	-0.015	0.004	0.543	0.206	0.998	9.718	0.254	0.265
18.0	1.005	0.12754	-0.015	0.003	0.574	0.157	0.998	7.879	0.258	0.265
19.0	0.963	0.15444	-0.015	0.002	0.614	0.104	0.998	6.232	0.260	0.265
20.0	0.921	0.17979	-0.014	0.001	0.657	0.076	0.998	5.125	0.257	0.266

Name = NACA 0012
Mach = 0; Re = 4430000; T.U. = 1.0; T.L. = 1.0
Surface Finish = 2; Stall model = 0; Transition model = 1; Aspect Ratio = 0; ground effect = 0
?	Cl	Cd	Cm 0.25	T.U.	T.L.	S.U.	S.L.	L/D	A.C.	C.P.
[°]	[-]	[-]	[-]	[-]	[-]	[-]	[-]	[-]	[-]	[-]
-20.0	-0.922	0.17924	0.015	0.622	0.001	1.000	0.077	-5.142	0.251	0.266
-19.0	-0.961	0.15660	0.015	0.588	0.002	1.000	0.096	-6.134	0.261	0.265
-18.0	-1.007	0.12527	0.015	0.556	0.003	1.000	0.164	-8.038	0.262	0.265
-17.0	-1.044	0.10412	0.016	0.516	0.004	1.000	0.219	-10.028	0.254	0.265
-16.0	-1.081	0.08188	0.016	0.485	0.004	1.000	0.305	-13.203	0.255	0.265
-15.0	-1.118	0.06009	0.016	0.454	0.003	1.000	0.429	-18.611	0.253	0.264
-14.0	-1.156	0.04021	0.016	0.418	0.004	1.000	0.605	-28.760	0.246	0.264
-13.0	-1.178	0.02840	0.016	0.399	0.004	1.000	0.773	-41.482	0.184	0.263
-12.0	-1.172	0.02268	0.015	0.360	0.004	1.000	0.892	-51.670	0.288	0.263
-11.0	-1.133	0.02016	0.014	0.339	0.004	1.000	0.941	-56.172	0.272	0.262
-10.0	-1.074	0.01824	0.013	0.307	0.004	1.000	0.968	-58.856	0.267	0.262
-9.0	-0.998	0.01666	0.012	0.279	0.005	1.000	0.981	-59.905	0.265	0.262
-8.0	-0.910	0.01179	0.010	0.256	0.007	1.000	0.988	-77.145	0.263	0.261
-7.0	-0.811	0.01235	0.009	0.226	0.009	1.000	0.991	-65.669	0.262	0.261
-6.0	-0.705	0.01170	0.008	0.209	0.012	1.000	0.992	-60.213	0.262	0.261
-5.0	-0.592	0.01129	0.007	0.177	0.014	1.000	0.993	-52.392	0.261	0.261
-4.0	-0.476	0.01094	0.005	0.159	0.019	1.000	0.995	-43.540	0.261	0.261
-3.0	-0.359	0.01068	0.004	0.134	0.028	1.000	0.996	-33.570	0.261	0.261
-2.0	-0.240	0.01051	0.003	0.109	0.038	1.000	0.996	-22.811	0.261	0.261
-1.0	-0.120	0.01045	0.001	0.094	0.051	1.000	0.997	-11.481	0.261	0.261
0.0	0.000	0.01138	-0.000	0.071	0.071	1.000	0.997	0.000	0.261	0.250
1.0	0.120	0.01045	-0.001	0.051	0.094	0.997	0.997	11.487	0.261	0.261
2.0	0.240	0.01051	-0.003	0.038	0.109	0.996	0.998	22.812	0.261	0.261
3.0	0.359	0.01070	-0.004	0.028	0.134	0.996	0.998	33.506	0.261	0.261
4.0	0.476	0.01096	-0.005	0.019	0.159	0.995	0.998	43.452	0.261	0.261
5.0	0.592	0.01131	-0.007	0.014	0.177	0.993	0.998	52.316	0.261	0.261
6.0	0.705	0.01169	-0.008	0.012	0.209	0.992	0.998	60.256	0.262	0.261
7.0	0.811	0.01232	-0.009	0.009	0.226	0.991	0.998	65.838	0.262	0.261
8.0	0.910	0.01178	-0.010	0.007	0.256	0.988	0.998	77.217	0.263	0.261
9.0	0.998	0.01670	-0.012	0.005	0.279	0.981	0.998	59.745	0.265	0.262
10.0	1.074	0.01823	-0.013	0.004	0.307	0.968	0.998	58.875	0.267	0.262
11.0	1.133	0.02017	-0.014	0.004	0.339	0.941	0.998	56.176	0.272	0.262
12.0	1.172	0.02266	-0.015	0.004	0.360	0.892	0.998	51.708	0.289	0.263
13.0	1.178	0.02842	-0.016	0.004	0.399	0.773	0.998	41.447	0.184	0.263
14.0	1.156	0.04025	-0.016	0.004	0.418	0.605	0.998	28.729	0.246	0.264
15.0	1.118	0.06016	-0.016	0.003	0.454	0.429	0.998	18.585	0.253	0.264
16.0	1.081	0.08182	-0.016	0.004	0.485	0.306	0.998	13.215	0.255	0.265
17.0	1.044	0.10404	-0.016	0.004	0.516	0.219	0.998	10.036	0.254	0.265
18.0	1.007	0.12526	-0.015	0.003	0.557	0.164	0.998	8.038	0.262	0.265
19.0	0.961	0.15660	-0.015	0.002	0.588	0.096	0.998	6.134	0.261	0.265
20.0	0.922	0.17923	-0.015	0.001	0.622	0.077	0.998	5.142	0.251	0.266

Name = NACA 0012
Mach = 0; Re = 4830000; T.U. = 1.0; T.L. = 1.0
Surface Finish = 2; Stall model = 0; Transition model = 1; Aspect Ratio = 0; ground effect = 0
?	Cl	Cd	Cm 0.25	T.U.	T.L.	S.U.	S.L.	L/D	A.C.	C.P.
[°]	[-]	[-]	[-]	[-]	[-]	[-]	[-]	[-]	[-]	[-]
-20.0	-0.922	0.17942	0.015	0.607	0.001	1.000	0.077	-5.137	0.249	0.266
-19.0	-0.960	0.15758	0.014	0.564	0.001	1.000	0.094	-6.093	0.261	0.265
-18.0	-1.007	0.12499	0.015	0.529	0.003	1.000	0.164	-8.055	0.264	0.265
-17.0	-1.047	0.10144	0.016	0.503	0.004	1.000	0.232	-10.323	0.256	0.265
-16.0	-1.085	0.07903	0.016	0.464	0.004	1.000	0.322	-13.736	0.254	0.265
-15.0	-1.123	0.05770	0.016	0.440	0.003	1.000	0.448	-19.463	0.252	0.264
-14.0	-1.162	0.03853	0.016	0.405	0.004	1.000	0.626	-30.150	0.245	0.264
-13.0	-1.182	0.02759	0.016	0.374	0.004	1.000	0.787	-42.823	0.157	0.263
-12.0	-1.173	0.02225	0.015	0.351	0.004	1.000	0.898	-52.743	0.287	0.263
-11.0	-1.133	0.01987	0.014	0.318	0.004	1.000	0.944	-57.048	0.272	0.262
-10.0	-1.074	0.01797	0.013	0.301	0.004	1.000	0.969	-59.771	0.267	0.262
-9.0	-0.998	0.01647	0.012	0.266	0.005	1.000	0.981	-60.583	0.265	0.262
-8.0	-0.910	0.01165	0.010	0.251	0.006	1.000	0.989	-78.065	0.263	0.261
-7.0	-0.811	0.01220	0.009	0.217	0.009	1.000	0.991	-66.459	0.262	0.261
-6.0	-0.705	0.01157	0.008	0.198	0.012	1.000	0.993	-60.889	0.262	0.261
-5.0	-0.592	0.01116	0.007	0.172	0.014	1.000	0.994	-53.020	0.261	0.261
-4.0	-0.476	0.01079	0.005	0.147	0.018	1.000	0.995	-44.147	0.261	0.261
-3.0	-0.359	0.01058	0.004	0.131	0.027	1.000	0.996	-33.895	0.261	0.261
-2.0	-0.240	0.01041	0.003	0.104	0.035	1.000	0.997	-23.029	0.261	0.261
-1.0	-0.120	0.01036	0.001	0.086	0.049	1.000	0.997	-11.581	0.261	0.261
0.0	0.000	0.01125	-0.000	0.069	0.069	1.000	0.997	0.000	0.261	0.250
1.0	0.120	0.01042	-0.001	0.049	0.086	0.997	0.997	11.520	0.261	0.261
2.0	0.240	0.01043	-0.003	0.035	0.104	0.997	0.998	22.973	0.261	0.261
3.0	0.359	0.01055	-0.004	0.027	0.131	0.996	0.998	33.980	0.261	0.261
4.0	0.476	0.01081	-0.005	0.018	0.147	0.995	0.998	44.055	0.261	0.261
5.0	0.592	0.01118	-0.007	0.014	0.172	0.993	0.998	52.941	0.261	0.261
6.0	0.705	0.01156	-0.008	0.012	0.198	0.992	0.998	60.926	0.262	0.261
7.0	0.811	0.01222	-0.009	0.009	0.217	0.991	0.998	66.389	0.262	0.261
8.0	0.910	0.01164	-0.010	0.006	0.252	0.989	0.998	78.137	0.263	0.261
9.0	0.998	0.01652	-0.012	0.005	0.266	0.981	0.998	60.427	0.265	0.262
10.0	1.074	0.01796	-0.013	0.004	0.301	0.969	0.998	59.791	0.267	0.262
11.0	1.133	0.01987	-0.014	0.004	0.318	0.944	0.998	57.054	0.272	0.262
12.0	1.173	0.02223	-0.015	0.004	0.351	0.898	0.998	52.780	0.287	0.263
13.0	1.182	0.02761	-0.016	0.004	0.374	0.787	0.998	42.788	0.158	0.263
14.0	1.161	0.03855	-0.016	0.004	0.406	0.625	0.998	30.124	0.245	0.264
15.0	1.123	0.05778	-0.016	0.003	0.440	0.448	0.998	19.435	0.252	0.264
16.0	1.086	0.07900	-0.016	0.004	0.464	0.323	0.998	13.742	0.254	0.265
17.0	1.047	0.10140	-0.016	0.004	0.504	0.232	0.998	10.328	0.256	0.265
18.0	1.007	0.12497	-0.015	0.003	0.529	0.164	0.998	8.056	0.265	0.265
19.0	0.960	0.15758	-0.014	0.001	0.564	0.094	0.998	6.093	0.261	0.265
20.0	0.922	0.17942	-0.015	0.001	0.606	0.077	0.998	5.137	0.249	0.266

Name = NACA 0012
Mach = 0; Re = 5230000; T.U. = 1.0; T.L. = 1.0
Surface Finish = 2; Stall model = 0; Transition model = 1; Aspect Ratio = 0; ground effect = 0
?	Cl	Cd	Cm 0.25	T.U.	T.L.	S.U.	S.L.	L/D	A.C.	C.P.
[°]	[-]	[-]	[-]	[-]	[-]	[-]	[-]	[-]	[-]	[-]
-20.0	-0.921	0.17947	0.014	0.577	0.001	1.000	0.076	-5.134	0.250	0.266
-19.0	-0.960	0.15745	0.014	0.554	0.001	1.000	0.094	-6.098	0.256	0.265
-18.0	-1.001	0.13100	0.015	0.512	0.002	1.000	0.141	-7.643	0.266	0.265
-17.0	-1.050	0.09912	0.016	0.479	0.004	1.000	0.243	-10.592	0.262	0.265
-16.0	-1.089	0.07657	0.016	0.453	0.004	1.000	0.337	-14.225	0.254	0.265
-15.0	-1.128	0.05542	0.016	0.417	0.003	1.000	0.467	-20.349	0.252	0.264
-14.0	-1.166	0.03706	0.016	0.398	0.004	1.000	0.643	-31.456	0.243	0.264
-13.0	-1.185	0.02689	0.016	0.360	0.004	1.000	0.799	-44.058	0.106	0.263
-12.0	-1.174	0.02200	0.015	0.346	0.004	1.000	0.901	-53.366	0.286	0.263
-11.0	-1.134	0.01961	0.014	0.308	0.004	1.000	0.947	-57.850	0.272	0.262
-10.0	-1.074	0.01776	0.013	0.288	0.004	1.000	0.971	-60.503	0.267	0.262
-9.0	-0.998	0.01225	0.012	0.258	0.005	1.000	0.982	-81.455	0.265	0.262
-8.0	-0.910	0.01285	0.010	0.234	0.006	1.000	0.989	-70.815	0.263	0.261
-7.0	-0.811	0.01210	0.009	0.212	0.008	1.000	0.991	-67.018	0.262	0.261
-6.0	-0.705	0.01148	0.008	0.185	0.012	1.000	0.993	-61.383	0.262	0.261
-5.0	-0.592	0.01110	0.007	0.169	0.013	1.000	0.994	-53.309	0.261	0.261
-4.0	-0.476	0.01075	0.005	0.140	0.017	1.000	0.995	-44.313	0.261	0.261
-3.0	-0.359	0.01045	0.004	0.127	0.027	1.000	0.996	-34.326	0.261	0.261
-2.0	-0.240	0.01036	0.003	0.102	0.033	1.000	0.997	-23.130	0.261	0.261
-1.0	-0.120	0.01121	0.001	0.080	0.048	1.000	0.997	-10.700	0.261	0.261
0.0	0.000	0.01113	-0.000	0.068	0.068	1.000	0.997	0.000	0.261	0.250
1.0	0.120	0.01026	-0.001	0.048	0.080	1.000	0.997	11.697	0.261	0.261
2.0	0.240	0.01037	-0.003	0.033	0.102	0.997	0.998	23.115	0.261	0.261
3.0	0.359	0.01045	-0.004	0.027	0.127	0.996	0.998	34.328	0.261	0.261
4.0	0.476	0.01077	-0.005	0.017	0.140	0.995	0.998	44.224	0.261	0.261
5.0	0.592	0.01112	-0.007	0.013	0.169	0.993	0.998	53.232	0.261	0.261
6.0	0.705	0.01147	-0.008	0.012	0.185	0.992	0.998	61.429	0.262	0.261
7.0	0.811	0.01203	-0.009	0.008	0.212	0.991	0.998	67.406	0.262	0.261
8.0	0.910	0.01154	-0.010	0.006	0.234	0.989	0.998	78.807	0.263	0.261
9.0	0.998	0.01229	-0.012	0.005	0.259	0.982	0.998	81.219	0.265	0.262
10.0	1.074	0.01775	-0.013	0.004	0.288	0.971	0.998	60.523	0.267	0.262
11.0	1.134	0.01958	-0.014	0.004	0.308	0.947	0.998	57.927	0.272	0.262
12.0	1.174	0.02198	-0.015	0.004	0.346	0.901	0.998	53.403	0.286	0.263
13.0	1.184	0.02690	-0.016	0.004	0.360	0.798	0.998	44.025	0.106	0.263
14.0	1.166	0.03712	-0.016	0.004	0.399	0.643	0.998	31.412	0.243	0.264
15.0	1.128	0.05551	-0.016	0.003	0.417	0.467	0.998	20.315	0.252	0.264
16.0	1.089	0.07654	-0.016	0.004	0.453	0.338	0.998	14.232	0.254	0.265
17.0	1.050	0.09904	-0.016	0.004	0.479	0.243	0.998	10.601	0.262	0.265
18.0	1.001	0.13100	-0.015	0.002	0.512	0.141	0.998	7.643	0.266	0.265
19.0	0.960	0.15745	-0.014	0.001	0.554	0.094	0.998	6.098	0.256	0.265
20.0	0.921	0.17949	-0.014	0.001	0.577	0.076	0.998	5.133	0.250	0.266

Name = NACA 0012
Mach = 0; Re = 5630000; T.U. = 1.0; T.L. = 1.0
Surface Finish = 2; Stall model = 0; Transition model = 1; Aspect Ratio = 0; ground effect = 0
?	Cl	Cd	Cm 0.25	T.U.	T.L.	S.U.	S.L.	L/D	A.C.	C.P.
[°]	[-]	[-]	[-]	[-]	[-]	[-]	[-]	[-]	[-]	[-]
-20.0	-0.921	0.17987	0.014	0.561	0.001	1.000	0.076	-5.122	0.250	0.266
-19.0	-0.960	0.15774	0.014	0.526	0.001	1.000	0.094	-6.087	0.255	0.265
-18.0	-1.000	0.13286	0.015	0.503	0.002	1.000	0.134	-7.523	0.267	0.265
-17.0	-1.052	0.09693	0.016	0.463	0.004	1.000	0.253	-10.857	0.265	0.265
-16.0	-1.093	0.07427	0.016	0.442	0.004	1.000	0.352	-14.716	0.254	0.265
-15.0	-1.132	0.05342	0.016	0.407	0.003	1.000	0.484	-21.193	0.250	0.264
-14.0	-1.166	0.03689	0.016	0.379	0.003	1.000	0.643	-31.605	0.241	0.264
-13.0	-1.187	0.02629	0.016	0.353	0.004	1.000	0.809	-45.154	0.124	0.263
-12.0	-1.175	0.02169	0.015	0.323	0.004	1.000	0.906	-54.185	0.286	0.263
-11.0	-1.135	0.01934	0.014	0.302	0.004	1.000	0.950	-58.688	0.272	0.262
-10.0	-1.074	0.01760	0.013	0.271	0.004	1.000	0.972	-61.056	0.267	0.262
-9.0	-0.998	0.01211	0.012	0.254	0.005	1.000	0.983	-82.413	0.265	0.262
-8.0	-0.910	0.01279	0.010	0.223	0.006	1.000	0.989	-71.149	0.263	0.261
-7.0	-0.811	0.01196	0.009	0.208	0.007	1.000	0.991	-67.786	0.262	0.261
-6.0	-0.705	0.01137	0.008	0.178	0.011	1.000	0.993	-61.992	0.262	0.261
-5.0	-0.592	0.01092	0.007	0.166	0.013	1.000	0.994	-54.184	0.261	0.261
-4.0	-0.476	0.01058	0.005	0.136	0.017	1.000	0.995	-45.017	0.261	0.261
-3.0	-0.359	0.01037	0.004	0.116	0.026	1.000	0.996	-34.597	0.261	0.261
-2.0	-0.240	0.01020	0.003	0.099	0.032	1.000	0.997	-23.495	0.261	0.261
-1.0	-0.120	0.01117	0.001	0.076	0.046	1.000	0.997	-10.741	0.261	0.261
0.0	0.000	0.01105	-0.000	0.062	0.062	1.000	0.997	0.000	0.261	0.250
1.0	0.120	0.01023	-0.001	0.046	0.076	1.000	0.997	11.740	0.261	0.261
2.0	0.240	0.01021	-0.003	0.032	0.099	0.997	0.998	23.479	0.261	0.261
3.0	0.359	0.01037	-0.004	0.026	0.116	0.996	0.998	34.598	0.261	0.261
4.0	0.476	0.01060	-0.005	0.017	0.136	0.995	0.998	44.924	0.261	0.261
5.0	0.592	0.01094	-0.007	0.013	0.166	0.994	0.998	54.104	0.261	0.261
6.0	0.705	0.01134	-0.008	0.011	0.178	0.993	0.998	62.118	0.262	0.261
7.0	0.811	0.01193	-0.009	0.007	0.208	0.991	0.998	67.959	0.262	0.261
8.0	0.910	0.01145	-0.010	0.006	0.223	0.990	0.998	79.430	0.263	0.261
9.0	0.998	0.01215	-0.012	0.005	0.254	0.982	0.998	82.178	0.265	0.262
10.0	1.074	0.01759	-0.013	0.004	0.272	0.972	0.998	61.080	0.267	0.262
11.0	1.135	0.01933	-0.014	0.004	0.303	0.950	0.998	58.695	0.272	0.262
12.0	1.175	0.02168	-0.015	0.004	0.323	0.907	0.998	54.216	0.286	0.263
13.0	1.187	0.02631	-0.016	0.004	0.353	0.808	0.998	45.120	0.126	0.263
14.0	1.166	0.03693	-0.016	0.003	0.379	0.643	0.998	31.577	0.242	0.264
15.0	1.132	0.05352	-0.016	0.003	0.407	0.483	0.998	21.150	0.250	0.264
16.0	1.093	0.07423	-0.016	0.004	0.442	0.352	0.998	14.725	0.254	0.265
17.0	1.052	0.09690	-0.016	0.004	0.463	0.253	0.998	10.861	0.265	0.265
18.0	1.000	0.13286	-0.015	0.002	0.503	0.134	0.998	7.523	0.267	0.265
19.0	0.960	0.15774	-0.014	0.001	0.526	0.094	0.998	6.087	0.255	0.265
20.0	0.921	0.17986	-0.014	0.001	0.562	0.076	0.998	5.123	0.250	0.266

Name = NACA 0012
Mach = 0; Re = 6030000; T.U. = 1.0; T.L. = 1.0
Surface Finish = 2; Stall model = 0; Transition model = 1; Aspect Ratio = 0; ground effect = 0
?	Cl	Cd	Cm 0.25	T.U.	T.L.	S.U.	S.L.	L/D	A.C.	C.P.
[°]	[-]	[-]	[-]	[-]	[-]	[-]	[-]	[-]	[-]	[-]
-20.0	-0.922	0.17868	0.015	0.553	0.001	1.000	0.078	-5.159	0.247	0.266
-19.0	-0.960	0.15808	0.014	0.512	0.001	1.000	0.093	-6.072	0.254	0.265
-18.0	-1.000	0.13260	0.015	0.482	0.001	1.000	0.135	-7.539	0.265	0.265
-17.0	-1.048	0.10036	0.016	0.454	0.003	1.000	0.234	-10.441	0.266	0.265
-16.0	-1.096	0.07207	0.016	0.420	0.004	1.000	0.366	-15.214	0.257	0.265
-15.0	-1.136	0.05169	0.016	0.400	0.003	1.000	0.499	-21.977	0.249	0.264
-14.0	-1.170	0.03576	0.016	0.364	0.003	1.000	0.658	-32.710	0.240	0.264
-13.0	-1.189	0.02573	0.016	0.348	0.004	1.000	0.818	-46.220	0.067	0.263
-12.0	-1.176	0.02139	0.015	0.312	0.004	1.000	0.911	-55.002	0.285	0.263
-11.0	-1.135	0.01908	0.014	0.298	0.004	1.000	0.952	-59.490	0.272	0.262
-10.0	-1.075	0.01740	0.013	0.263	0.004	1.000	0.973	-61.780	0.267	0.262
-9.0	-0.998	0.01202	0.012	0.251	0.004	1.000	0.983	-83.094	0.265	0.262
-8.0	-0.910	0.01262	0.010	0.217	0.005	1.000	0.990	-72.093	0.263	0.261
-7.0	-0.811	0.01179	0.009	0.203	0.007	1.000	0.992	-68.810	0.262	0.261
-6.0	-0.705	0.01119	0.008	0.174	0.011	1.000	0.993	-62.997	0.262	0.261
-5.0	-0.592	0.01084	0.007	0.153	0.013	1.000	0.994	-54.611	0.261	0.261
-4.0	-0.476	0.01054	0.005	0.133	0.016	1.000	0.995	-45.182	0.261	0.261
-3.0	-0.359	0.01028	0.004	0.110	0.026	1.000	0.996	-34.902	0.261	0.261
-2.0	-0.240	0.01018	0.003	0.098	0.031	1.000	0.997	-23.540	0.261	0.261
-1.0	-0.120	0.01107	0.001	0.074	0.045	1.000	0.997	-10.840	0.261	0.261
0.0	0.000	0.01097	-0.000	0.057	0.057	1.000	0.997	0.000	0.261	0.250
1.0	0.120	0.01097	-0.001	0.045	0.074	1.000	0.998	10.945	0.261	0.261
2.0	0.240	0.01016	-0.003	0.031	0.098	0.997	0.998	23.592	0.261	0.261
3.0	0.359	0.01028	-0.004	0.026	0.110	0.996	0.998	34.903	0.261	0.261
4.0	0.476	0.01056	-0.005	0.016	0.133	0.995	0.998	45.092	0.261	0.261
5.0	0.592	0.01084	-0.007	0.013	0.153	0.994	0.998	54.610	0.261	0.261
6.0	0.705	0.01121	-0.008	0.011	0.174	0.993	0.998	62.852	0.262	0.261
7.0	0.811	0.01188	-0.009	0.007	0.203	0.991	0.998	68.243	0.262	0.261
8.0	0.910	0.01261	-0.010	0.005	0.217	0.990	0.998	72.154	0.263	0.261
9.0	0.998	0.01205	-0.012	0.004	0.252	0.983	0.998	82.854	0.265	0.262
10.0	1.075	0.01739	-0.013	0.004	0.263	0.973	0.998	61.804	0.267	0.262
11.0	1.135	0.01908	-0.014	0.004	0.299	0.952	0.998	59.495	0.272	0.262
12.0	1.176	0.02137	-0.015	0.004	0.312	0.911	0.998	55.039	0.285	0.263
13.0	1.189	0.02575	-0.016	0.004	0.348	0.818	0.998	46.190	0.067	0.263
14.0	1.170	0.03577	-0.016	0.003	0.364	0.658	0.998	32.701	0.240	0.264
15.0	1.136	0.05178	-0.016	0.003	0.400	0.498	0.998	21.933	0.249	0.264
16.0	1.097	0.07203	-0.016	0.004	0.420	0.367	0.998	15.224	0.257	0.265
17.0	1.048	0.10032	-0.016	0.003	0.454	0.235	0.998	10.446	0.266	0.265
18.0	1.000	0.13259	-0.015	0.001	0.481	0.135	0.998	7.539	0.265	0.265
19.0	0.960	0.15808	-0.014	0.001	0.512	0.093	0.998	6.072	0.254	0.265
20.0	0.922	0.17869	-0.015	0.001	0.553	0.078	0.998	5.159	0.247	0.266

Name = NACA 0012
Mach = 0; Re = 6430000; T.U. = 1.0; T.L. = 1.0
Surface Finish = 2; Stall model = 0; Transition model = 1; Aspect Ratio = 0; ground effect = 0
?	Cl	Cd	Cm 0.25	T.U.	T.L.	S.U.	S.L.	L/D	A.C.	C.P.
[°]	[-]	[-]	[-]	[-]	[-]	[-]	[-]	[-]	[-]	[-]
-20.0	-0.922	0.17798	0.015	0.527	0.001	1.000	0.079	-5.181	0.246	0.266
-19.0	-0.960	0.15710	0.014	0.504	0.001	1.000	0.093	-6.110	0.251	0.265
-18.0	-0.998	0.13406	0.015	0.466	0.001	1.000	0.127	-7.444	0.263	0.265
-17.0	-1.043	0.10410	0.016	0.449	0.002	1.000	0.215	-10.019	0.267	0.265
-16.0	-1.100	0.07010	0.016	0.409	0.004	1.000	0.379	-15.687	0.260	0.265
-15.0	-1.140	0.05001	0.017	0.392	0.003	1.000	0.514	-22.792	0.249	0.264
-14.0	-1.173	0.03469	0.016	0.356	0.003	1.000	0.672	-33.819	0.238	0.264
-13.0	-1.191	0.02526	0.016	0.336	0.004	1.000	0.826	-47.160	-0.069	0.263
-12.0	-1.177	0.02112	0.015	0.306	0.004	1.000	0.914	-55.737	0.285	0.263
-11.0	-1.136	0.01889	0.014	0.284	0.004	1.000	0.955	-60.117	0.272	0.262
-10.0	-1.075	0.01722	0.013	0.258	0.004	1.000	0.975	-62.442	0.267	0.262
-9.0	-0.999	0.01191	0.012	0.235	0.004	1.000	0.984	-83.830	0.265	0.262
-8.0	-0.910	0.01253	0.010	0.213	0.005	1.000	0.990	-72.612	0.263	0.261
-7.0	-0.811	0.01177	0.009	0.189	0.007	1.000	0.992	-68.915	0.262	0.261
-6.0	-0.705	0.01114	0.008	0.171	0.011	1.000	0.993	-63.274	0.262	0.261
-5.0	-0.592	0.01075	0.007	0.145	0.013	1.000	0.994	-55.039	0.261	0.261
-4.0	-0.476	0.01049	0.005	0.131	0.015	1.000	0.995	-45.405	0.261	0.261
-3.0	-0.359	0.01020	0.004	0.106	0.024	1.000	0.996	-35.166	0.261	0.261
-2.0	-0.240	0.01006	0.003	0.095	0.030	1.000	0.997	-23.813	0.261	0.261
-1.0	-0.120	0.01096	0.001	0.072	0.044	1.000	0.997	-10.952	0.261	0.261
0.0	0.000	0.01095	-0.000	0.054	0.054	1.000	0.997	0.000	0.261	0.250
1.0	0.120	0.01093	-0.001	0.044	0.072	1.000	0.998	10.987	0.261	0.261
2.0	0.240	0.01006	-0.003	0.030	0.095	0.997	0.998	23.814	0.261	0.261
3.0	0.359	0.01022	-0.004	0.024	0.106	0.996	0.998	35.099	0.261	0.261
4.0	0.476	0.01049	-0.005	0.015	0.131	0.995	0.998	45.408	0.261	0.261
5.0	0.592	0.01075	-0.007	0.013	0.145	0.994	0.998	55.037	0.261	0.261
6.0	0.705	0.01111	-0.008	0.011	0.171	0.993	0.998	63.408	0.262	0.261
7.0	0.811	0.01178	-0.009	0.007	0.189	0.992	0.998	68.851	0.262	0.261
8.0	0.910	0.01252	-0.010	0.005	0.213	0.990	0.998	72.685	0.263	0.261
9.0	0.998	0.01195	-0.012	0.004	0.235	0.983	0.998	83.582	0.265	0.262
10.0	1.075	0.01721	-0.013	0.004	0.258	0.975	0.998	62.465	0.267	0.262
11.0	1.136	0.01889	-0.014	0.004	0.284	0.955	0.998	60.120	0.272	0.262
12.0	1.177	0.02111	-0.015	0.004	0.306	0.915	0.998	55.770	0.285	0.263
13.0	1.191	0.02528	-0.016	0.004	0.336	0.826	0.998	47.130	-0.047	0.263
14.0	1.173	0.03474	-0.016	0.003	0.356	0.671	0.998	33.766	0.239	0.264
15.0	1.139	0.05010	-0.017	0.003	0.392	0.513	0.998	22.742	0.248	0.264
16.0	1.100	0.07004	-0.016	0.004	0.409	0.379	0.998	15.703	0.260	0.265
17.0	1.043	0.10402	-0.016	0.002	0.449	0.215	0.998	10.027	0.268	0.265
18.0	0.998	0.13405	-0.015	0.001	0.466	0.127	0.998	7.444	0.263	0.265
19.0	0.960	0.15710	-0.014	0.001	0.504	0.093	0.998	6.110	0.251	0.265
20.0	0.922	0.17797	-0.015	0.001	0.527	0.079	0.998	5.181	0.246	0.266


