Name = NACA 0015
Mach = 0; Re = 30000; T.U. = 1.0; T.L. = 1.0
Surface Finish = 2; Stall model = 0; Transition model = 1; Aspect Ratio = 0; ground effect = 0
?	Cl	Cd	Cm 0.25	T.U.	T.L.	S.U.	S.L.	L/D	A.C.	C.P.
[°]	[-]	[-]	[-]	[-]	[-]	[-]	[-]	[-]	[-]	[-]
-20.0	-1.186	0.34907	0.013	0.964	0.007	0.981	0.013	-3.399	0.228	0.261
-19.0	-1.204	0.30954	0.013	0.962	0.008	0.980	0.014	-3.889	0.220	0.261
-18.0	-1.213	0.27470	0.012	0.960	0.008	0.978	0.015	-4.416	0.176	0.260
-17.0	-1.214	0.24156	0.012	0.956	0.010	0.978	0.016	-5.025	0.339	0.260
-16.0	-1.204	0.21241	0.012	0.949	0.011	0.977	0.018	-5.670	0.282	0.260
-15.0	-1.185	0.18856	0.011	0.944	0.012	0.974	0.019	-6.282	0.270	0.259
-14.0	-1.154	0.16640	0.011	0.938	0.014	0.971	0.021	-6.935	0.264	0.259
-13.0	-1.113	0.14583	0.010	0.933	0.015	0.968	0.023	-7.630	0.260	0.259
-12.0	-1.062	0.12787	0.010	0.922	0.017	0.966	0.027	-8.303	0.257	0.259
-11.0	-1.002	0.11158	0.009	0.912	0.019	0.963	0.035	-8.979	0.256	0.259
-10.0	-0.933	0.09723	0.009	0.902	0.022	0.961	0.043	-9.601	0.254	0.260
-9.0	-0.858	0.08538	0.009	0.886	0.030	0.958	0.065	-10.049	0.244	0.260
-8.0	-0.798	0.06934	0.010	0.870	0.038	0.954	0.201	-11.507	0.225	0.262
-7.0	-0.777	0.04696	0.011	0.847	0.057	0.951	0.631	-16.551	0.250	0.264
-6.0	-0.697	0.04035	0.010	0.821	0.091	0.948	0.808	-17.283	0.264	0.264
-5.0	-0.591	0.03722	0.008	0.789	0.158	0.946	0.863	-15.887	0.264	0.264
-4.0	-0.478	0.03498	0.007	0.748	0.228	0.945	0.894	-13.663	0.264	0.264
-3.0	-0.361	0.03335	0.005	0.696	0.295	0.946	0.917	-10.828	0.264	0.264
-2.0	-0.242	0.03225	0.003	0.635	0.363	0.947	0.932	-7.504	0.264	0.264
-1.0	-0.121	0.03162	0.002	0.568	0.429	0.947	0.941	-3.837	0.264	0.264
0.0	0.000	0.03141	-0.000	0.498	0.498	0.946	0.946	0.000	0.264	0.250
1.0	0.121	0.03162	-0.002	0.429	0.568	0.941	0.947	3.837	0.264	0.264
2.0	0.242	0.03225	-0.003	0.363	0.635	0.932	0.947	7.502	0.264	0.264
3.0	0.361	0.03336	-0.005	0.295	0.697	0.917	0.945	10.826	0.264	0.264
4.0	0.478	0.03499	-0.007	0.228	0.748	0.894	0.945	13.661	0.264	0.264
5.0	0.591	0.03721	-0.008	0.158	0.789	0.863	0.946	15.892	0.264	0.264
6.0	0.697	0.04034	-0.010	0.091	0.821	0.808	0.948	17.285	0.264	0.264
7.0	0.777	0.04696	-0.011	0.057	0.847	0.631	0.951	16.551	0.250	0.264
8.0	0.798	0.06934	-0.010	0.038	0.870	0.201	0.954	11.507	0.225	0.262
9.0	0.858	0.08538	-0.009	0.030	0.886	0.065	0.958	10.049	0.244	0.260
10.0	0.933	0.09723	-0.009	0.022	0.902	0.043	0.961	9.601	0.254	0.260
11.0	1.002	0.11158	-0.009	0.019	0.912	0.035	0.963	8.979	0.256	0.259
12.0	1.062	0.12787	-0.010	0.017	0.922	0.027	0.966	8.303	0.257	0.259
13.0	1.113	0.14583	-0.010	0.015	0.933	0.023	0.968	7.630	0.260	0.259
14.0	1.154	0.16640	-0.011	0.014	0.938	0.021	0.971	6.935	0.264	0.259
15.0	1.185	0.18856	-0.011	0.012	0.944	0.019	0.974	6.282	0.270	0.259
16.0	1.204	0.21242	-0.012	0.011	0.949	0.018	0.977	5.670	0.282	0.260
17.0	1.214	0.24156	-0.012	0.010	0.956	0.016	0.978	5.025	0.339	0.260
18.0	1.213	0.27470	-0.012	0.008	0.960	0.015	0.978	4.416	0.176	0.260
19.0	1.204	0.30954	-0.013	0.008	0.962	0.014	0.980	3.889	0.220	0.261
20.0	1.186	0.34907	-0.013	0.007	0.964	0.013	0.981	3.399	0.228	0.261

Name = NACA 0015
Mach = 0; Re = 430000; T.U. = 1.0; T.L. = 1.0
Surface Finish = 2; Stall model = 0; Transition model = 1; Aspect Ratio = 0; ground effect = 0
?	Cl	Cd	Cm 0.25	T.U.	T.L.	S.U.	S.L.	L/D	A.C.	C.P.
[°]	[-]	[-]	[-]	[-]	[-]	[-]	[-]	[-]	[-]	[-]
-20.0	-1.209	0.19371	0.020	0.936	0.006	0.993	0.090	-6.242	0.245	0.266
-19.0	-1.232	0.17208	0.019	0.927	0.006	0.993	0.108	-7.160	0.239	0.266
-18.0	-1.247	0.15287	0.019	0.916	0.007	0.993	0.127	-8.158	0.251	0.265
-17.0	-1.262	0.12877	0.019	0.906	0.008	0.994	0.176	-9.801	0.270	0.265
-16.0	-1.271	0.10622	0.020	0.888	0.009	0.995	0.241	-11.969	0.271	0.265
-15.0	-1.277	0.08394	0.020	0.874	0.010	0.995	0.334	-15.219	0.265	0.265
-14.0	-1.278	0.06380	0.020	0.849	0.012	0.995	0.453	-20.029	0.290	0.265
-13.0	-1.268	0.04827	0.019	0.825	0.014	0.995	0.583	-26.262	0.278	0.265
-12.0	-1.240	0.03783	0.019	0.796	0.015	0.995	0.702	-32.774	0.273	0.265
-11.0	-1.191	0.03131	0.018	0.757	0.017	0.996	0.798	-38.051	0.270	0.265
-10.0	-1.123	0.02718	0.016	0.713	0.020	0.996	0.865	-41.327	0.267	0.265
-9.0	-1.036	0.02428	0.015	0.665	0.024	0.995	0.910	-42.675	0.266	0.264
-8.0	-0.938	0.02204	0.013	0.615	0.031	0.995	0.939	-42.560	0.265	0.264
-7.0	-0.832	0.02031	0.012	0.564	0.038	0.995	0.957	-40.977	0.265	0.264
-6.0	-0.721	0.01873	0.010	0.514	0.053	0.994	0.968	-38.474	0.265	0.264
-5.0	-0.605	0.01738	0.009	0.466	0.074	0.994	0.977	-34.814	0.264	0.264
-4.0	-0.486	0.01625	0.007	0.420	0.101	0.993	0.982	-29.941	0.264	0.264
-3.0	-0.366	0.01191	0.005	0.376	0.136	0.993	0.986	-30.746	0.264	0.264
-2.0	-0.245	0.01166	0.003	0.335	0.174	0.992	0.989	-20.992	0.264	0.264
-1.0	-0.123	0.01249	0.002	0.294	0.213	0.992	0.991	-9.814	0.264	0.264
0.0	0.000	0.01243	-0.000	0.254	0.254	0.991	0.991	0.000	0.264	0.250
1.0	0.123	0.01241	-0.002	0.213	0.294	0.991	0.992	9.878	0.264	0.264
2.0	0.245	0.01161	-0.003	0.174	0.335	0.989	0.993	21.074	0.264	0.264
3.0	0.366	0.01194	-0.005	0.136	0.376	0.986	0.993	30.677	0.264	0.264
4.0	0.486	0.01627	-0.007	0.101	0.420	0.982	0.993	29.894	0.264	0.264
5.0	0.605	0.01738	-0.009	0.074	0.466	0.977	0.994	34.829	0.264	0.264
6.0	0.721	0.01872	-0.010	0.053	0.514	0.968	0.994	38.491	0.265	0.264
7.0	0.832	0.02030	-0.012	0.038	0.564	0.957	0.995	40.999	0.265	0.264
8.0	0.938	0.02203	-0.013	0.031	0.615	0.939	0.995	42.574	0.265	0.264
9.0	1.036	0.02427	-0.015	0.024	0.665	0.910	0.995	42.687	0.266	0.264
10.0	1.123	0.02718	-0.016	0.020	0.713	0.865	0.996	41.329	0.267	0.265
11.0	1.191	0.03131	-0.018	0.017	0.757	0.798	0.996	38.056	0.270	0.265
12.0	1.240	0.03782	-0.019	0.015	0.796	0.702	0.995	32.776	0.273	0.265
13.0	1.268	0.04827	-0.019	0.014	0.825	0.583	0.995	26.262	0.278	0.265
14.0	1.278	0.06380	-0.020	0.012	0.849	0.453	0.995	20.029	0.290	0.265
15.0	1.277	0.08394	-0.020	0.010	0.874	0.334	0.995	15.219	0.265	0.265
16.0	1.271	0.10621	-0.020	0.009	0.888	0.241	0.995	11.970	0.271	0.265
17.0	1.262	0.12877	-0.019	0.008	0.906	0.176	0.994	9.801	0.270	0.265
18.0	1.247	0.15288	-0.019	0.007	0.915	0.127	0.994	8.157	0.251	0.265
19.0	1.232	0.17208	-0.019	0.006	0.926	0.108	0.993	7.160	0.239	0.266
20.0	1.209	0.19370	-0.020	0.006	0.936	0.090	0.993	6.242	0.245	0.266

Name = NACA 0015
Mach = 0; Re = 830000; T.U. = 1.0; T.L. = 1.0
Surface Finish = 2; Stall model = 0; Transition model = 1; Aspect Ratio = 0; ground effect = 0
?	Cl	Cd	Cm 0.25	T.U.	T.L.	S.U.	S.L.	L/D	A.C.	C.P.
[°]	[-]	[-]	[-]	[-]	[-]	[-]	[-]	[-]	[-]	[-]
-20.0	-1.224	0.17182	0.021	0.908	0.005	0.996	0.139	-7.122	0.244	0.267
-19.0	-1.250	0.15038	0.021	0.891	0.005	0.997	0.167	-8.310	0.242	0.267
-18.0	-1.269	0.13070	0.021	0.875	0.005	0.997	0.201	-9.712	0.252	0.267
-17.0	-1.291	0.10615	0.021	0.852	0.006	1.000	0.273	-12.165	0.256	0.266
-16.0	-1.305	0.08486	0.021	0.828	0.007	1.000	0.354	-15.381	0.238	0.266
-15.0	-1.312	0.06643	0.021	0.798	0.008	1.000	0.452	-19.749	0.171	0.266
-14.0	-1.312	0.04993	0.021	0.761	0.010	0.997	0.572	-26.277	0.316	0.266
-13.0	-1.297	0.03831	0.020	0.719	0.012	0.997	0.690	-33.857	0.281	0.265
-12.0	-1.261	0.03138	0.019	0.673	0.013	0.997	0.783	-40.186	0.274	0.265
-11.0	-1.205	0.02699	0.018	0.626	0.015	0.997	0.852	-44.631	0.270	0.265
-10.0	-1.131	0.02399	0.016	0.579	0.016	0.996	0.900	-47.160	0.267	0.265
-9.0	-1.041	0.02171	0.015	0.533	0.019	0.996	0.932	-47.942	0.266	0.264
-8.0	-0.941	0.01985	0.013	0.491	0.024	0.996	0.953	-47.384	0.265	0.264
-7.0	-0.834	0.01833	0.012	0.451	0.031	0.996	0.966	-45.480	0.265	0.264
-6.0	-0.722	0.01710	0.010	0.408	0.039	0.995	0.976	-42.216	0.265	0.264
-5.0	-0.606	0.01596	0.009	0.367	0.053	0.995	0.981	-37.946	0.264	0.264
-4.0	-0.487	0.01142	0.007	0.330	0.071	0.994	0.985	-42.628	0.264	0.264
-3.0	-0.366	0.01101	0.005	0.297	0.096	0.994	0.989	-33.283	0.264	0.264
-2.0	-0.245	0.01180	0.003	0.259	0.126	0.993	0.991	-20.757	0.264	0.264
-1.0	-0.123	0.01168	0.002	0.223	0.157	0.993	0.991	-10.493	0.264	0.264
0.0	0.000	0.01155	-0.000	0.189	0.189	0.992	0.992	0.000	0.264	0.250
1.0	0.123	0.01168	-0.002	0.157	0.223	0.991	0.993	10.493	0.264	0.264
2.0	0.245	0.01182	-0.003	0.126	0.259	0.991	0.993	20.707	0.264	0.264
3.0	0.366	0.01104	-0.005	0.096	0.297	0.989	0.994	33.203	0.264	0.264
4.0	0.487	0.01138	-0.007	0.071	0.330	0.985	0.994	42.776	0.264	0.264
5.0	0.606	0.01595	-0.009	0.053	0.367	0.981	0.995	37.961	0.264	0.264
6.0	0.722	0.01709	-0.010	0.039	0.408	0.976	0.995	42.232	0.265	0.264
7.0	0.834	0.01831	-0.012	0.031	0.451	0.966	0.996	45.538	0.265	0.264
8.0	0.941	0.01985	-0.013	0.024	0.491	0.953	0.996	47.394	0.265	0.264
9.0	1.041	0.02171	-0.015	0.019	0.533	0.932	0.996	47.955	0.266	0.264
10.0	1.131	0.02399	-0.016	0.016	0.579	0.900	0.996	47.147	0.267	0.265
11.0	1.205	0.02699	-0.018	0.015	0.626	0.852	0.997	44.634	0.270	0.265
12.0	1.261	0.03137	-0.019	0.013	0.673	0.783	0.997	40.189	0.274	0.265
13.0	1.297	0.03831	-0.020	0.012	0.719	0.690	0.997	33.860	0.281	0.265
14.0	1.312	0.04993	-0.021	0.010	0.761	0.572	0.997	26.277	0.315	0.266
15.0	1.312	0.06623	-0.021	0.008	0.798	0.452	0.998	19.811	0.172	0.266
16.0	1.305	0.08504	-0.021	0.007	0.828	0.354	0.997	15.349	0.238	0.266
17.0	1.291	0.10599	-0.021	0.006	0.852	0.273	0.998	12.184	0.256	0.266
18.0	1.269	0.13071	-0.021	0.005	0.875	0.201	0.997	9.711	0.251	0.267
19.0	1.250	0.15037	-0.021	0.005	0.891	0.167	0.997	8.310	0.242	0.267
20.0	1.224	0.17183	-0.021	0.005	0.907	0.139	0.997	7.122	0.244	0.267

Name = NACA 0015
Mach = 0; Re = 1230000; T.U. = 1.0; T.L. = 1.0
Surface Finish = 2; Stall model = 0; Transition model = 1; Aspect Ratio = 0; ground effect = 0
?	Cl	Cd	Cm 0.25	T.U.	T.L.	S.U.	S.L.	L/D	A.C.	C.P.
[°]	[-]	[-]	[-]	[-]	[-]	[-]	[-]	[-]	[-]	[-]
-20.0	-1.233	0.15925	0.022	0.875	0.005	1.000	0.169	-7.740	0.246	0.268
-19.0	-1.261	0.13765	0.022	0.850	0.005	1.000	0.205	-9.162	0.242	0.268
-18.0	-1.282	0.11970	0.022	0.826	0.005	1.000	0.241	-10.706	0.245	0.267
-17.0	-1.305	0.09627	0.022	0.797	0.005	1.000	0.317	-13.551	0.250	0.267
-16.0	-1.320	0.07616	0.022	0.758	0.006	1.000	0.404	-17.337	0.229	0.267
-15.0	-1.326	0.05963	0.021	0.717	0.006	1.000	0.499	-22.238	0.028	0.266
-14.0	-1.324	0.04521	0.021	0.672	0.008	1.000	0.613	-29.286	0.315	0.266
-13.0	-1.308	0.03490	0.020	0.627	0.010	0.997	0.728	-37.475	0.282	0.265
-12.0	-1.270	0.02874	0.019	0.583	0.012	0.997	0.816	-44.182	0.274	0.265
-11.0	-1.211	0.02500	0.018	0.542	0.013	1.000	0.875	-48.432	0.270	0.265
-10.0	-1.135	0.02243	0.017	0.503	0.015	0.997	0.915	-50.592	0.268	0.265
-9.0	-1.043	0.02043	0.015	0.459	0.016	0.997	0.941	-51.030	0.266	0.264
-8.0	-0.942	0.01880	0.013	0.419	0.020	0.996	0.960	-50.096	0.265	0.264
-7.0	-0.834	0.01736	0.012	0.385	0.026	0.996	0.971	-48.056	0.265	0.264
-6.0	-0.722	0.01620	0.010	0.351	0.033	0.996	0.978	-44.586	0.265	0.264
-5.0	-0.606	0.01131	0.009	0.313	0.043	0.995	0.983	-53.552	0.264	0.264
-4.0	-0.487	0.01090	0.007	0.281	0.057	0.995	0.987	-44.672	0.264	0.264
-3.0	-0.367	0.01175	0.005	0.252	0.077	0.994	0.990	-31.189	0.264	0.264
-2.0	-0.245	0.01146	0.003	0.217	0.102	0.993	0.991	-21.371	0.264	0.264
-1.0	-0.123	0.01118	0.002	0.185	0.130	0.993	0.992	-10.961	0.264	0.264
0.0	0.000	0.01105	-0.000	0.157	0.157	0.993	0.993	0.000	0.264	0.250
1.0	0.123	0.01118	-0.002	0.130	0.185	0.992	0.993	10.961	0.264	0.264
2.0	0.245	0.01141	-0.003	0.102	0.217	0.991	0.994	21.454	0.264	0.264
3.0	0.367	0.01178	-0.005	0.077	0.252	0.990	0.994	31.125	0.264	0.264
4.0	0.487	0.01093	-0.007	0.057	0.281	0.987	0.995	44.579	0.264	0.264
5.0	0.606	0.01131	-0.009	0.043	0.313	0.983	0.995	53.561	0.264	0.264
6.0	0.722	0.01619	-0.010	0.033	0.351	0.978	0.996	44.601	0.265	0.264
7.0	0.834	0.01734	-0.012	0.026	0.385	0.971	0.996	48.125	0.265	0.264
8.0	0.942	0.01880	-0.013	0.020	0.419	0.960	0.996	50.107	0.265	0.264
9.0	1.043	0.02043	-0.015	0.016	0.459	0.941	0.997	51.043	0.266	0.264
10.0	1.135	0.02242	-0.017	0.015	0.503	0.915	0.997	50.607	0.267	0.265
11.0	1.211	0.02500	-0.018	0.013	0.542	0.875	0.997	48.418	0.270	0.265
12.0	1.270	0.02874	-0.019	0.012	0.583	0.816	0.997	44.185	0.274	0.265
13.0	1.308	0.03489	-0.020	0.010	0.627	0.728	0.997	37.479	0.282	0.265
14.0	1.324	0.04520	-0.021	0.008	0.672	0.613	0.998	29.289	0.314	0.266
15.0	1.326	0.05963	-0.021	0.006	0.717	0.499	0.998	22.236	0.029	0.266
16.0	1.320	0.07615	-0.022	0.006	0.758	0.404	0.997	17.339	0.229	0.266
17.0	1.305	0.09628	-0.022	0.005	0.797	0.317	0.998	13.551	0.250	0.267
18.0	1.282	0.11971	-0.022	0.005	0.825	0.241	0.997	10.705	0.245	0.267
19.0	1.261	0.13766	-0.022	0.005	0.849	0.205	0.997	9.161	0.242	0.268
20.0	1.233	0.15925	-0.022	0.005	0.875	0.169	0.997	7.740	0.246	0.268

Name = NACA 0015
Mach = 0; Re = 1630000; T.U. = 1.0; T.L. = 1.0
Surface Finish = 2; Stall model = 0; Transition model = 1; Aspect Ratio = 0; ground effect = 0
?	Cl	Cd	Cm 0.25	T.U.	T.L.	S.U.	S.L.	L/D	A.C.	C.P.
[°]	[-]	[-]	[-]	[-]	[-]	[-]	[-]	[-]	[-]	[-]
-20.0	-1.239	0.15166	0.023	0.837	0.004	1.000	0.189	-8.166	0.243	0.268
-19.0	-1.267	0.13148	0.023	0.804	0.004	1.000	0.225	-9.638	0.242	0.268
-18.0	-1.290	0.11209	0.022	0.768	0.004	1.000	0.270	-11.510	0.246	0.267
-17.0	-1.315	0.08932	0.022	0.730	0.005	1.000	0.351	-14.720	0.246	0.267
-16.0	-1.330	0.07061	0.022	0.689	0.005	1.000	0.437	-18.839	0.221	0.267
-15.0	-1.336	0.05501	0.022	0.650	0.006	1.000	0.534	-24.292	-0.205	0.266
-14.0	-1.332	0.04235	0.021	0.608	0.006	1.000	0.642	-31.457	0.309	0.266
-13.0	-1.313	0.03308	0.020	0.562	0.008	1.000	0.748	-39.696	0.282	0.266
-12.0	-1.275	0.02720	0.019	0.520	0.011	0.997	0.836	-46.869	0.274	0.265
-11.0	-1.214	0.02414	0.018	0.482	0.012	1.000	0.889	-50.293	0.270	0.265
-10.0	-1.137	0.02141	0.017	0.450	0.014	0.997	0.925	-53.108	0.268	0.265
-9.0	-1.044	0.01959	0.015	0.409	0.015	0.997	0.948	-53.308	0.266	0.264
-8.0	-0.943	0.01804	0.013	0.374	0.018	0.997	0.963	-52.267	0.265	0.264
-7.0	-0.835	0.01671	0.012	0.348	0.023	0.996	0.974	-49.968	0.265	0.264
-6.0	-0.722	0.01562	0.010	0.310	0.029	0.996	0.980	-46.245	0.265	0.264
-5.0	-0.606	0.01096	0.009	0.278	0.038	0.996	0.985	-55.313	0.264	0.264
-4.0	-0.487	0.01061	0.007	0.253	0.050	0.995	0.989	-45.929	0.264	0.264
-3.0	-0.367	0.01137	0.005	0.219	0.066	0.994	0.991	-32.246	0.264	0.264
-2.0	-0.245	0.01110	0.003	0.190	0.086	0.993	0.991	-22.068	0.264	0.264
-1.0	-0.123	0.01092	0.002	0.166	0.109	0.993	0.992	-11.228	0.264	0.264
0.0	0.000	0.01081	-0.000	0.136	0.136	0.993	0.993	0.000	0.264	0.250
1.0	0.123	0.01092	-0.002	0.109	0.166	0.992	0.993	11.228	0.264	0.264
2.0	0.245	0.01105	-0.003	0.086	0.190	0.991	0.994	22.152	0.264	0.264
3.0	0.367	0.01133	-0.005	0.066	0.219	0.991	0.995	32.360	0.264	0.264
4.0	0.487	0.01063	-0.007	0.050	0.253	0.989	0.995	45.833	0.264	0.264
5.0	0.606	0.01096	-0.009	0.038	0.278	0.985	0.996	55.321	0.264	0.264
6.0	0.722	0.01561	-0.010	0.029	0.310	0.980	0.996	46.261	0.265	0.264
7.0	0.835	0.01670	-0.012	0.023	0.348	0.974	0.996	49.988	0.265	0.264
8.0	0.943	0.01803	-0.013	0.018	0.374	0.963	0.997	52.277	0.265	0.264
9.0	1.044	0.01958	-0.015	0.015	0.409	0.948	0.997	53.321	0.266	0.264
10.0	1.137	0.02140	-0.017	0.014	0.450	0.925	0.997	53.122	0.267	0.265
11.0	1.214	0.02415	-0.018	0.012	0.482	0.889	0.997	50.279	0.270	0.265
12.0	1.275	0.02719	-0.019	0.011	0.521	0.836	0.997	46.886	0.274	0.265
13.0	1.313	0.03308	-0.020	0.008	0.563	0.748	0.998	39.701	0.282	0.266
14.0	1.332	0.04235	-0.021	0.006	0.608	0.642	0.998	31.460	0.309	0.266
15.0	1.336	0.05501	-0.022	0.006	0.650	0.534	0.998	24.289	-0.204	0.266
16.0	1.330	0.07063	-0.022	0.005	0.690	0.437	0.997	18.834	0.222	0.267
17.0	1.315	0.08933	-0.022	0.005	0.730	0.351	0.998	14.719	0.246	0.267
18.0	1.290	0.11210	-0.022	0.004	0.768	0.270	0.997	11.510	0.246	0.267
19.0	1.267	0.13148	-0.023	0.004	0.804	0.225	0.998	9.637	0.242	0.268
20.0	1.239	0.15167	-0.023	0.004	0.837	0.189	0.998	8.166	0.243	0.268

Name = NACA 0015
Mach = 0; Re = 2030000; T.U. = 1.0; T.L. = 1.0
Surface Finish = 2; Stall model = 0; Transition model = 1; Aspect Ratio = 0; ground effect = 0
?	Cl	Cd	Cm 0.25	T.U.	T.L.	S.U.	S.L.	L/D	A.C.	C.P.
[°]	[-]	[-]	[-]	[-]	[-]	[-]	[-]	[-]	[-]	[-]
-20.0	-1.243	0.14641	0.023	0.795	0.004	1.000	0.203	-8.487	0.247	0.269
-19.0	-1.274	0.12496	0.023	0.756	0.004	1.000	0.247	-10.192	0.242	0.268
-18.0	-1.297	0.10695	0.023	0.714	0.004	1.000	0.290	-12.123	0.244	0.267
-17.0	-1.322	0.08431	0.023	0.673	0.005	1.000	0.376	-15.686	0.245	0.267
-16.0	-1.338	0.06637	0.022	0.631	0.005	1.000	0.464	-20.161	0.213	0.267
-15.0	-1.343	0.05211	0.022	0.593	0.005	1.000	0.556	-25.765	-3.109	0.266
-14.0	-1.338	0.04013	0.021	0.556	0.006	1.000	0.664	-33.357	0.307	0.266
-13.0	-1.318	0.03197	0.020	0.513	0.007	1.000	0.764	-41.210	0.282	0.266
-12.0	-1.277	0.02633	0.019	0.475	0.009	1.000	0.845	-48.508	0.274	0.265
-11.0	-1.217	0.02316	0.018	0.447	0.012	1.000	0.901	-52.554	0.270	0.265
-10.0	-1.139	0.02062	0.017	0.408	0.013	1.000	0.933	-55.229	0.268	0.265
-9.0	-1.045	0.01896	0.015	0.372	0.014	0.997	0.953	-55.123	0.266	0.264
-8.0	-0.943	0.01747	0.013	0.348	0.016	0.997	0.966	-53.973	0.265	0.264
-7.0	-0.835	0.01630	0.012	0.311	0.020	0.996	0.976	-51.241	0.265	0.264
-6.0	-0.722	0.01518	0.010	0.282	0.027	0.996	0.981	-47.604	0.265	0.264
-5.0	-0.606	0.01069	0.009	0.256	0.034	0.996	0.986	-56.709	0.264	0.264
-4.0	-0.487	0.01038	0.007	0.224	0.045	0.995	0.990	-46.952	0.264	0.264
-3.0	-0.367	0.01111	0.005	0.201	0.057	0.995	0.991	-32.989	0.264	0.264
-2.0	-0.245	0.01085	0.003	0.172	0.076	0.994	0.992	-22.563	0.264	0.264
-1.0	-0.123	0.01070	0.002	0.144	0.098	0.994	0.992	-11.461	0.264	0.264
0.0	0.000	0.01058	-0.000	0.121	0.121	0.993	0.993	0.000	0.264	0.250
1.0	0.123	0.01070	-0.002	0.098	0.144	0.992	0.994	11.461	0.264	0.264
2.0	0.245	0.01081	-0.003	0.076	0.172	0.992	0.994	22.653	0.264	0.264
3.0	0.367	0.01107	-0.005	0.057	0.201	0.991	0.995	33.108	0.264	0.264
4.0	0.487	0.01040	-0.007	0.045	0.224	0.990	0.995	46.853	0.264	0.264
5.0	0.606	0.01069	-0.009	0.034	0.256	0.986	0.996	56.718	0.264	0.264
6.0	0.722	0.01517	-0.010	0.027	0.282	0.981	0.996	47.619	0.265	0.264
7.0	0.835	0.01629	-0.012	0.020	0.311	0.976	0.996	51.262	0.265	0.264
8.0	0.943	0.01747	-0.013	0.016	0.348	0.966	0.997	53.984	0.265	0.264
9.0	1.045	0.01896	-0.015	0.014	0.372	0.953	0.997	55.136	0.266	0.264
10.0	1.139	0.02062	-0.017	0.013	0.408	0.933	0.998	55.244	0.267	0.265
11.0	1.217	0.02316	-0.018	0.012	0.447	0.901	0.997	52.540	0.270	0.265
12.0	1.277	0.02632	-0.019	0.009	0.475	0.845	0.998	48.523	0.274	0.265
13.0	1.318	0.03197	-0.020	0.007	0.513	0.764	0.998	41.215	0.282	0.266
14.0	1.338	0.04012	-0.021	0.006	0.556	0.664	0.998	33.360	0.307	0.266
15.0	1.343	0.05212	-0.022	0.005	0.593	0.556	0.998	25.761	-3.106	0.266
16.0	1.338	0.06636	-0.022	0.005	0.631	0.464	0.997	20.165	0.213	0.267
17.0	1.322	0.08431	-0.023	0.005	0.673	0.376	0.998	15.685	0.245	0.267
18.0	1.297	0.10696	-0.023	0.004	0.714	0.290	0.998	12.122	0.244	0.267
19.0	1.274	0.12497	-0.023	0.004	0.756	0.247	0.998	10.191	0.242	0.268
20.0	1.243	0.14642	-0.023	0.004	0.794	0.203	0.998	8.487	0.247	0.269

Name = NACA 0015
Mach = 0; Re = 2430000; T.U. = 1.0; T.L. = 1.0
Surface Finish = 2; Stall model = 0; Transition model = 1; Aspect Ratio = 0; ground effect = 0
?	Cl	Cd	Cm 0.25	T.U.	T.L.	S.U.	S.L.	L/D	A.C.	C.P.
[°]	[-]	[-]	[-]	[-]	[-]	[-]	[-]	[-]	[-]	[-]
-20.0	-1.247	0.14082	0.023	0.751	0.004	1.000	0.220	-8.859	0.243	0.269
-19.0	-1.278	0.12087	0.023	0.709	0.004	1.000	0.261	-10.571	0.242	0.268
-18.0	-1.303	0.10178	0.023	0.666	0.004	1.000	0.312	-12.803	0.244	0.268
-17.0	-1.328	0.08081	0.023	0.625	0.004	1.000	0.394	-16.433	0.241	0.267
-16.0	-1.344	0.06323	0.023	0.587	0.005	1.000	0.484	-21.257	0.212	0.267
-15.0	-1.349	0.04956	0.022	0.554	0.005	1.000	0.577	-27.217	11.469	0.266
-14.0	-1.344	0.03825	0.021	0.512	0.005	1.000	0.683	-35.135	0.305	0.266
-13.0	-1.321	0.03095	0.021	0.474	0.006	1.000	0.775	-42.672	0.281	0.266
-12.0	-1.280	0.02589	0.019	0.449	0.008	1.000	0.853	-49.412	0.274	0.265
-11.0	-1.219	0.02251	0.018	0.408	0.011	1.000	0.908	-54.144	0.270	0.265
-10.0	-1.140	0.02007	0.017	0.376	0.013	1.000	0.937	-56.795	0.268	0.265
-9.0	-1.046	0.01849	0.015	0.351	0.013	0.997	0.957	-56.560	0.266	0.264
-8.0	-0.944	0.01711	0.013	0.315	0.015	0.997	0.968	-55.140	0.265	0.264
-7.0	-0.835	0.01592	0.012	0.294	0.018	0.997	0.977	-52.490	0.265	0.264
-6.0	-0.723	0.01092	0.010	0.260	0.025	0.996	0.982	-66.196	0.265	0.264
-5.0	-0.606	0.01052	0.009	0.233	0.031	0.996	0.987	-57.647	0.264	0.264
-4.0	-0.487	0.01129	0.007	0.211	0.040	0.996	0.990	-43.167	0.264	0.264
-3.0	-0.367	0.01090	0.005	0.179	0.052	0.995	0.991	-33.649	0.264	0.264
-2.0	-0.245	0.01062	0.003	0.158	0.070	0.994	0.992	-23.053	0.264	0.264
-1.0	-0.123	0.01048	0.002	0.133	0.088	0.994	0.993	-11.699	0.264	0.264
0.0	0.000	0.01038	-0.000	0.108	0.108	0.993	0.993	0.000	0.264	0.250
1.0	0.123	0.01048	-0.002	0.088	0.133	0.993	0.994	11.699	0.264	0.264
2.0	0.245	0.01058	-0.003	0.070	0.158	0.992	0.995	23.150	0.264	0.264
3.0	0.367	0.01092	-0.005	0.052	0.179	0.991	0.995	33.577	0.264	0.264
4.0	0.487	0.01131	-0.007	0.040	0.211	0.990	0.996	43.083	0.264	0.264
5.0	0.606	0.01052	-0.009	0.031	0.233	0.987	0.996	57.656	0.264	0.264
6.0	0.723	0.01092	-0.010	0.025	0.260	0.982	0.996	66.206	0.265	0.264
7.0	0.835	0.01591	-0.012	0.018	0.294	0.977	0.997	52.515	0.265	0.264
8.0	0.944	0.01711	-0.013	0.015	0.315	0.968	0.997	55.150	0.265	0.264
9.0	1.046	0.01850	-0.015	0.013	0.351	0.957	0.997	56.554	0.266	0.264
10.0	1.140	0.02007	-0.017	0.013	0.376	0.937	0.998	56.809	0.267	0.265
11.0	1.219	0.02250	-0.018	0.011	0.408	0.908	0.997	54.160	0.270	0.265
12.0	1.280	0.02589	-0.019	0.008	0.449	0.853	0.998	49.427	0.274	0.265
13.0	1.321	0.03094	-0.021	0.006	0.474	0.775	0.997	42.683	0.281	0.266
14.0	1.344	0.03825	-0.021	0.005	0.512	0.683	0.998	35.139	0.305	0.266
15.0	1.349	0.04953	-0.022	0.005	0.554	0.577	0.998	27.232	11.457	0.266
16.0	1.344	0.06322	-0.023	0.005	0.586	0.484	0.998	21.261	0.212	0.267
17.0	1.328	0.08082	-0.023	0.004	0.625	0.394	0.998	16.431	0.241	0.267
18.0	1.303	0.10179	-0.023	0.004	0.666	0.312	0.998	12.802	0.244	0.268
19.0	1.278	0.12088	-0.023	0.004	0.709	0.261	0.998	10.571	0.242	0.268
20.0	1.247	0.14082	-0.023	0.004	0.751	0.220	0.998	8.858	0.243	0.269

Name = NACA 0015
Mach = 0; Re = 2830000; T.U. = 1.0; T.L. = 1.0
Surface Finish = 2; Stall model = 0; Transition model = 1; Aspect Ratio = 0; ground effect = 0
?	Cl	Cd	Cm 0.25	T.U.	T.L.	S.U.	S.L.	L/D	A.C.	C.P.
[°]	[-]	[-]	[-]	[-]	[-]	[-]	[-]	[-]	[-]	[-]
-20.0	-1.250	0.13754	0.024	0.707	0.004	1.000	0.229	-9.089	0.247	0.269
-19.0	-1.283	0.11632	0.023	0.665	0.004	1.000	0.277	-11.027	0.242	0.268
-18.0	-1.307	0.09869	0.023	0.625	0.004	1.000	0.325	-13.242	0.243	0.268
-17.0	-1.334	0.07700	0.023	0.587	0.004	1.000	0.414	-17.325	0.240	0.267
-16.0	-1.349	0.06088	0.023	0.556	0.004	1.000	0.499	-22.152	0.203	0.267
-15.0	-1.354	0.04763	0.022	0.514	0.004	1.000	0.593	-28.422	4.217	0.266
-14.0	-1.348	0.03685	0.022	0.479	0.005	1.000	0.698	-36.588	0.303	0.266
-13.0	-1.323	0.03007	0.021	0.452	0.005	1.000	0.785	-44.013	0.281	0.266
-12.0	-1.281	0.02535	0.019	0.413	0.007	1.000	0.859	-50.529	0.274	0.265
-11.0	-1.219	0.02219	0.018	0.386	0.010	1.000	0.911	-54.947	0.270	0.265
-10.0	-1.141	0.01999	0.017	0.355	0.012	1.000	0.941	-57.076	0.267	0.265
-9.0	-1.047	0.01806	0.015	0.323	0.013	1.000	0.959	-57.948	0.266	0.264
-8.0	-0.944	0.01670	0.013	0.301	0.015	0.997	0.971	-56.520	0.265	0.264
-7.0	-0.836	0.01560	0.012	0.267	0.017	0.997	0.978	-53.581	0.265	0.264
-6.0	-0.723	0.01067	0.010	0.251	0.023	0.997	0.983	-67.721	0.265	0.264
-5.0	-0.606	0.01035	0.009	0.217	0.029	0.996	0.987	-58.596	0.264	0.264
-4.0	-0.487	0.01114	0.007	0.192	0.036	0.996	0.990	-43.747	0.264	0.264
-3.0	-0.367	0.01075	0.005	0.170	0.049	0.995	0.991	-34.089	0.264	0.264
-2.0	-0.245	0.01052	0.003	0.142	0.064	0.994	0.992	-23.278	0.264	0.264
-1.0	-0.123	0.01035	0.002	0.124	0.079	0.994	0.993	-11.843	0.264	0.264
0.0	0.000	0.01032	-0.000	0.100	0.100	0.993	0.993	0.000	0.264	0.250
1.0	0.123	0.01035	-0.002	0.079	0.124	0.993	0.994	11.843	0.264	0.264
2.0	0.245	0.01054	-0.003	0.064	0.142	0.992	0.995	23.229	0.264	0.264
3.0	0.367	0.01078	-0.005	0.049	0.170	0.991	0.995	34.015	0.264	0.264
4.0	0.487	0.01110	-0.007	0.036	0.192	0.990	0.996	43.893	0.264	0.264
5.0	0.606	0.01035	-0.009	0.029	0.217	0.987	0.996	58.603	0.264	0.264
6.0	0.723	0.01067	-0.010	0.023	0.251	0.983	0.997	67.730	0.265	0.264
7.0	0.836	0.01559	-0.012	0.017	0.267	0.978	0.997	53.605	0.265	0.264
8.0	0.944	0.01670	-0.013	0.015	0.301	0.971	0.997	56.530	0.265	0.264
9.0	1.047	0.01806	-0.015	0.013	0.323	0.959	0.998	57.944	0.266	0.264
10.0	1.141	0.01998	-0.017	0.012	0.355	0.941	0.998	57.090	0.267	0.265
11.0	1.219	0.02219	-0.018	0.010	0.386	0.911	0.997	54.963	0.270	0.265
12.0	1.281	0.02535	-0.019	0.007	0.413	0.859	0.998	50.544	0.274	0.265
13.0	1.323	0.03010	-0.021	0.005	0.452	0.785	0.997	43.965	0.281	0.266
14.0	1.348	0.03685	-0.022	0.005	0.479	0.698	0.998	36.592	0.303	0.266
15.0	1.354	0.04764	-0.022	0.004	0.514	0.593	0.998	28.416	4.213	0.266
16.0	1.349	0.06090	-0.023	0.004	0.555	0.499	0.998	22.145	0.203	0.267
17.0	1.334	0.07698	-0.023	0.004	0.587	0.414	0.998	17.330	0.240	0.267
18.0	1.307	0.09870	-0.023	0.004	0.624	0.325	0.998	13.240	0.243	0.268
19.0	1.283	0.11633	-0.023	0.004	0.665	0.277	0.998	11.026	0.242	0.268
20.0	1.250	0.13754	-0.024	0.004	0.707	0.229	0.998	9.089	0.247	0.269

Name = NACA 0015
Mach = 0; Re = 3230000; T.U. = 1.0; T.L. = 1.0
Surface Finish = 2; Stall model = 0; Transition model = 1; Aspect Ratio = 0; ground effect = 0
?	Cl	Cd	Cm 0.25	T.U.	T.L.	S.U.	S.L.	L/D	A.C.	C.P.
[°]	[-]	[-]	[-]	[-]	[-]	[-]	[-]	[-]	[-]	[-]
-20.0	-1.254	0.13379	0.024	0.667	0.004	1.000	0.240	-9.370	0.243	0.269
-19.0	-1.285	0.11397	0.024	0.627	0.004	1.000	0.285	-11.277	0.242	0.268
-18.0	-1.311	0.09522	0.023	0.595	0.004	1.000	0.340	-13.772	0.243	0.268
-17.0	-1.338	0.07482	0.023	0.558	0.004	1.000	0.426	-17.877	0.240	0.267
-16.0	-1.354	0.05822	0.023	0.518	0.004	1.000	0.518	-23.263	0.207	0.267
-15.0	-1.359	0.04558	0.022	0.489	0.004	1.000	0.611	-29.811	0.742	0.266
-14.0	-1.352	0.03569	0.022	0.456	0.005	1.000	0.710	-37.872	0.302	0.266
-13.0	-1.326	0.02929	0.021	0.420	0.005	1.000	0.795	-45.283	0.281	0.266
-12.0	-1.283	0.02491	0.019	0.398	0.006	1.000	0.865	-51.487	0.274	0.265
-11.0	-1.220	0.02183	0.018	0.361	0.009	1.000	0.914	-55.908	0.270	0.265
-10.0	-1.142	0.01956	0.017	0.339	0.012	1.000	0.945	-58.351	0.267	0.265
-9.0	-1.047	0.01813	0.015	0.307	0.012	1.000	0.961	-57.744	0.266	0.264
-8.0	-0.944	0.01640	0.014	0.279	0.014	1.000	0.972	-57.585	0.265	0.264
-7.0	-0.836	0.01532	0.012	0.256	0.016	0.997	0.979	-54.566	0.265	0.264
-6.0	-0.723	0.01060	0.010	0.227	0.021	0.997	0.984	-68.194	0.265	0.264
-5.0	-0.607	0.01013	0.009	0.209	0.028	0.996	0.989	-59.905	0.264	0.264
-4.0	-0.487	0.01094	0.007	0.178	0.033	0.996	0.991	-44.567	0.264	0.264
-3.0	-0.367	0.01060	0.005	0.160	0.046	0.995	0.991	-34.588	0.264	0.264
-2.0	-0.245	0.01033	0.003	0.135	0.057	0.995	0.992	-23.715	0.264	0.264
-1.0	-0.123	0.01018	0.002	0.111	0.074	0.994	0.993	-12.051	0.264	0.264
0.0	0.000	0.01010	-0.000	0.097	0.097	0.994	0.994	0.000	0.264	0.250
1.0	0.123	0.01018	-0.002	0.074	0.111	0.993	0.994	12.051	0.264	0.264
2.0	0.245	0.01035	-0.003	0.057	0.135	0.992	0.995	23.664	0.264	0.264
3.0	0.367	0.01056	-0.005	0.046	0.160	0.991	0.996	34.713	0.264	0.264
4.0	0.487	0.01096	-0.007	0.033	0.178	0.991	0.996	44.481	0.264	0.264
5.0	0.607	0.01012	-0.009	0.028	0.209	0.989	0.996	59.913	0.264	0.264
6.0	0.723	0.01060	-0.010	0.021	0.227	0.984	0.997	68.206	0.265	0.264
7.0	0.836	0.01531	-0.012	0.016	0.256	0.979	0.997	54.589	0.265	0.264
8.0	0.944	0.01640	-0.014	0.014	0.279	0.972	0.998	57.595	0.265	0.264
9.0	1.047	0.01813	-0.015	0.012	0.307	0.961	0.998	57.755	0.266	0.264
10.0	1.142	0.01956	-0.017	0.012	0.339	0.945	0.998	58.365	0.267	0.265
11.0	1.220	0.02182	-0.018	0.009	0.361	0.914	0.997	55.924	0.270	0.265
12.0	1.283	0.02490	-0.019	0.006	0.398	0.865	0.998	51.502	0.274	0.265
13.0	1.326	0.02928	-0.021	0.005	0.420	0.796	0.997	45.293	0.281	0.266
14.0	1.352	0.03569	-0.022	0.005	0.456	0.710	0.997	37.876	0.302	0.266
15.0	1.359	0.04559	-0.022	0.004	0.489	0.611	0.998	29.806	0.742	0.266
16.0	1.354	0.05824	-0.023	0.004	0.518	0.518	0.998	23.255	0.207	0.267
17.0	1.338	0.07483	-0.023	0.004	0.558	0.426	0.998	17.875	0.240	0.267
18.0	1.311	0.09523	-0.023	0.004	0.595	0.340	0.998	13.771	0.243	0.268
19.0	1.285	0.11398	-0.024	0.004	0.627	0.285	0.998	11.276	0.242	0.268
20.0	1.254	0.13380	-0.024	0.004	0.667	0.240	0.998	9.370	0.243	0.269

Name = NACA 0015
Mach = 0; Re = 3630000; T.U. = 1.0; T.L. = 1.0
Surface Finish = 2; Stall model = 0; Transition model = 1; Aspect Ratio = 0; ground effect = 0
?	Cl	Cd	Cm 0.25	T.U.	T.L.	S.U.	S.L.	L/D	A.C.	C.P.
[°]	[-]	[-]	[-]	[-]	[-]	[-]	[-]	[-]	[-]	[-]
-20.0	-1.257	0.12997	0.024	0.635	0.004	1.000	0.253	-9.673	0.243	0.269
-19.0	-1.290	0.11022	0.024	0.606	0.004	1.000	0.300	-11.700	0.240	0.268
-18.0	-1.314	0.09297	0.023	0.564	0.004	1.000	0.349	-14.137	0.242	0.268
-17.0	-1.343	0.07207	0.023	0.527	0.004	1.000	0.442	-18.628	0.240	0.267
-16.0	-1.359	0.05594	0.023	0.502	0.004	1.000	0.534	-24.301	0.190	0.267
-15.0	-1.360	0.04495	0.022	0.462	0.004	1.000	0.615	-30.254	0.558	0.266
-14.0	-1.355	0.03472	0.022	0.433	0.004	1.000	0.721	-39.027	0.303	0.266
-13.0	-1.328	0.02865	0.021	0.404	0.005	1.000	0.802	-46.367	0.281	0.266
-12.0	-1.284	0.02443	0.019	0.371	0.006	1.000	0.870	-52.566	0.274	0.265
-11.0	-1.221	0.02155	0.018	0.350	0.008	1.000	0.917	-56.651	0.270	0.265
-10.0	-1.142	0.01923	0.017	0.315	0.012	1.000	0.948	-59.408	0.267	0.265
-9.0	-1.047	0.01781	0.015	0.298	0.012	1.000	0.963	-58.792	0.266	0.264
-8.0	-0.945	0.01616	0.014	0.263	0.013	1.000	0.974	-58.472	0.265	0.264
-7.0	-0.836	0.01507	0.012	0.248	0.015	1.000	0.980	-55.486	0.265	0.264
-6.0	-0.723	0.01045	0.010	0.216	0.019	0.997	0.985	-69.180	0.265	0.264
-5.0	-0.607	0.01004	0.009	0.193	0.026	0.996	0.989	-60.405	0.264	0.264
-4.0	-0.487	0.01072	0.007	0.171	0.031	0.996	0.991	-45.480	0.264	0.264
-3.0	-0.367	0.01041	0.005	0.146	0.044	0.996	0.992	-35.208	0.264	0.264
-2.0	-0.245	0.01019	0.003	0.130	0.053	0.995	0.993	-24.033	0.264	0.264
-1.0	-0.123	0.01006	0.002	0.104	0.070	0.995	0.993	-12.187	0.264	0.264
0.0	0.000	0.01010	-0.000	0.087	0.087	0.994	0.994	0.000	0.264	0.250
1.0	0.123	0.01006	-0.002	0.070	0.104	0.993	0.995	12.187	0.264	0.264
2.0	0.245	0.01015	-0.003	0.053	0.130	0.993	0.995	24.141	0.264	0.264
3.0	0.367	0.01044	-0.005	0.044	0.146	0.992	0.996	35.132	0.264	0.264
4.0	0.487	0.01074	-0.007	0.031	0.171	0.991	0.996	45.387	0.264	0.264
5.0	0.607	0.01004	-0.009	0.026	0.193	0.989	0.996	60.414	0.264	0.264
6.0	0.723	0.01045	-0.010	0.019	0.216	0.985	0.997	69.192	0.265	0.264
7.0	0.836	0.01506	-0.012	0.015	0.248	0.980	0.997	55.510	0.265	0.264
8.0	0.945	0.01616	-0.014	0.013	0.263	0.974	0.998	58.467	0.265	0.264
9.0	1.047	0.01781	-0.015	0.012	0.298	0.963	0.998	58.804	0.266	0.264
10.0	1.142	0.01922	-0.017	0.012	0.315	0.948	0.998	59.422	0.267	0.265
11.0	1.221	0.02155	-0.018	0.008	0.350	0.917	0.997	56.667	0.270	0.265
12.0	1.284	0.02442	-0.019	0.006	0.371	0.870	0.998	52.581	0.274	0.265
13.0	1.328	0.02864	-0.021	0.005	0.404	0.802	0.997	46.371	0.281	0.266
14.0	1.355	0.03471	-0.022	0.004	0.433	0.721	0.997	39.031	0.303	0.266
15.0	1.360	0.04496	-0.022	0.004	0.462	0.615	0.998	30.249	0.558	0.266
16.0	1.359	0.05592	-0.023	0.004	0.502	0.534	0.998	24.309	0.190	0.267
17.0	1.343	0.07207	-0.023	0.004	0.527	0.442	0.998	18.629	0.240	0.267
18.0	1.314	0.09298	-0.023	0.004	0.564	0.349	0.998	14.135	0.242	0.268
19.0	1.290	0.11023	-0.024	0.004	0.606	0.300	0.998	11.699	0.240	0.268
20.0	1.257	0.12996	-0.024	0.004	0.635	0.253	0.998	9.674	0.243	0.269

Name = NACA 0015
Mach = 0; Re = 4030000; T.U. = 1.0; T.L. = 1.0
Surface Finish = 2; Stall model = 0; Transition model = 1; Aspect Ratio = 0; ground effect = 0
?	Cl	Cd	Cm 0.25	T.U.	T.L.	S.U.	S.L.	L/D	A.C.	C.P.
[°]	[-]	[-]	[-]	[-]	[-]	[-]	[-]	[-]	[-]	[-]
-20.0	-1.260	0.12672	0.024	0.611	0.004	1.000	0.263	-9.947	0.243	0.269
-19.0	-1.293	0.10714	0.024	0.571	0.004	1.000	0.312	-12.070	0.238	0.269
-18.0	-1.316	0.09144	0.024	0.542	0.003	1.000	0.356	-14.397	0.241	0.268
-17.0	-1.347	0.06969	0.024	0.508	0.004	1.000	0.456	-19.321	0.240	0.267
-16.0	-1.362	0.05475	0.023	0.472	0.004	1.000	0.542	-24.870	0.188	0.267
-15.0	-1.364	0.04339	0.022	0.451	0.004	1.000	0.628	-31.435	0.649	0.266
-14.0	-1.358	0.03367	0.022	0.412	0.004	1.000	0.733	-40.341	0.302	0.266
-13.0	-1.331	0.02795	0.021	0.392	0.005	1.000	0.811	-47.618	0.280	0.266
-12.0	-1.285	0.02403	0.020	0.357	0.005	1.000	0.875	-53.498	0.274	0.265
-11.0	-1.222	0.02124	0.018	0.331	0.007	1.000	0.920	-57.504	0.270	0.265
-10.0	-1.142	0.01905	0.017	0.304	0.010	1.000	0.948	-59.985	0.267	0.265
-9.0	-1.048	0.01754	0.015	0.277	0.012	1.000	0.964	-59.721	0.266	0.264
-8.0	-0.945	0.01635	0.014	0.256	0.013	1.000	0.976	-57.797	0.265	0.264
-7.0	-0.836	0.01490	0.012	0.227	0.015	1.000	0.981	-56.100	0.265	0.264
-6.0	-0.723	0.01035	0.010	0.211	0.018	0.997	0.985	-69.869	0.265	0.264
-5.0	-0.607	0.01103	0.009	0.180	0.026	0.997	0.989	-54.994	0.264	0.264
-4.0	-0.487	0.01066	0.007	0.167	0.030	0.996	0.991	-45.721	0.264	0.264
-3.0	-0.367	0.01032	0.005	0.138	0.041	0.996	0.992	-35.530	0.264	0.264
-2.0	-0.245	0.01010	0.003	0.121	0.051	0.995	0.993	-24.256	0.264	0.264
-1.0	-0.123	0.00993	0.002	0.100	0.068	0.995	0.993	-12.345	0.264	0.264
0.0	0.000	0.00994	-0.000	0.080	0.080	0.994	0.994	0.000	0.264	0.250
1.0	0.123	0.00993	-0.002	0.068	0.100	0.993	0.995	12.345	0.264	0.264
2.0	0.245	0.01012	-0.003	0.051	0.121	0.993	0.995	24.205	0.264	0.264
3.0	0.367	0.01034	-0.005	0.041	0.138	0.992	0.996	35.449	0.264	0.264
4.0	0.487	0.01068	-0.007	0.030	0.167	0.991	0.996	45.633	0.264	0.264
5.0	0.607	0.01103	-0.009	0.026	0.180	0.989	0.997	55.003	0.264	0.264
6.0	0.723	0.01030	-0.010	0.018	0.211	0.986	0.997	70.234	0.265	0.264
7.0	0.836	0.01490	-0.012	0.015	0.227	0.981	0.997	56.124	0.265	0.264
8.0	0.945	0.01635	-0.014	0.013	0.256	0.976	0.998	57.794	0.265	0.264
9.0	1.048	0.01754	-0.015	0.012	0.277	0.964	0.998	59.733	0.266	0.264
10.0	1.143	0.01904	-0.017	0.010	0.304	0.949	0.998	60.012	0.267	0.265
11.0	1.222	0.02124	-0.018	0.007	0.331	0.920	0.997	57.520	0.270	0.265
12.0	1.285	0.02402	-0.020	0.005	0.357	0.875	0.998	53.521	0.273	0.265
13.0	1.331	0.02794	-0.021	0.005	0.392	0.811	0.997	47.622	0.280	0.266
14.0	1.358	0.03367	-0.022	0.004	0.412	0.733	0.998	40.345	0.302	0.266
15.0	1.364	0.04340	-0.022	0.004	0.451	0.628	0.998	31.429	0.649	0.266
16.0	1.362	0.05475	-0.023	0.004	0.472	0.542	0.998	24.869	0.188	0.267
17.0	1.347	0.06970	-0.024	0.004	0.508	0.456	0.998	19.318	0.240	0.267
18.0	1.316	0.09144	-0.024	0.003	0.542	0.356	0.998	14.395	0.241	0.268
19.0	1.293	0.10715	-0.024	0.004	0.571	0.312	0.998	12.069	0.238	0.269
20.0	1.260	0.12673	-0.024	0.004	0.611	0.263	0.998	9.946	0.243	0.269

Name = NACA 0015
Mach = 0; Re = 4430000; T.U. = 1.0; T.L. = 1.0
Surface Finish = 2; Stall model = 0; Transition model = 1; Aspect Ratio = 0; ground effect = 0
?	Cl	Cd	Cm 0.25	T.U.	T.L.	S.U.	S.L.	L/D	A.C.	C.P.
[°]	[-]	[-]	[-]	[-]	[-]	[-]	[-]	[-]	[-]	[-]
-20.0	-1.262	0.12557	0.024	0.584	0.003	1.000	0.267	-10.047	0.246	0.269
-19.0	-1.296	0.10450	0.024	0.557	0.004	1.000	0.322	-12.405	0.239	0.269
-18.0	-1.320	0.08892	0.024	0.517	0.003	1.000	0.368	-14.844	0.239	0.268
-17.0	-1.349	0.06857	0.024	0.490	0.004	1.000	0.462	-19.666	0.239	0.268
-16.0	-1.366	0.05307	0.023	0.457	0.004	1.000	0.555	-25.729	0.187	0.267
-15.0	-1.366	0.04259	0.023	0.425	0.004	1.000	0.636	-32.081	0.471	0.266
-14.0	-1.359	0.03336	0.022	0.402	0.004	1.000	0.735	-40.739	0.302	0.266
-13.0	-1.332	0.02747	0.021	0.367	0.004	1.000	0.817	-48.510	0.281	0.266
-12.0	-1.286	0.02362	0.020	0.349	0.005	1.000	0.879	-54.458	0.273	0.265
-11.0	-1.222	0.02097	0.018	0.314	0.006	1.000	0.922	-58.280	0.270	0.265
-10.0	-1.143	0.01891	0.017	0.299	0.009	1.000	0.950	-60.435	0.267	0.265
-9.0	-1.048	0.01731	0.015	0.264	0.012	1.000	0.966	-60.561	0.266	0.264
-8.0	-0.945	0.01607	0.014	0.251	0.013	1.000	0.977	-58.834	0.265	0.264
-7.0	-0.836	0.01469	0.012	0.218	0.014	1.000	0.981	-56.924	0.265	0.264
-6.0	-0.723	0.01015	0.010	0.204	0.017	1.000	0.986	-71.235	0.265	0.264
-5.0	-0.607	0.01087	0.009	0.174	0.025	0.997	0.990	-55.800	0.264	0.264
-4.0	-0.487	0.01048	0.007	0.155	0.029	0.996	0.991	-46.527	0.264	0.264
-3.0	-0.367	0.01020	0.005	0.134	0.037	0.996	0.992	-35.939	0.264	0.264
-2.0	-0.245	0.00999	0.003	0.111	0.049	0.995	0.993	-24.513	0.264	0.264
-1.0	-0.123	0.00983	0.002	0.098	0.064	0.995	0.993	-12.476	0.264	0.264
0.0	0.000	0.00991	-0.000	0.076	0.076	0.994	0.994	0.000	0.264	0.250
1.0	0.123	0.00983	-0.002	0.064	0.098	0.993	0.995	12.476	0.264	0.264
2.0	0.245	0.01001	-0.003	0.049	0.111	0.993	0.995	24.466	0.264	0.264
3.0	0.367	0.01022	-0.005	0.037	0.134	0.992	0.996	35.861	0.264	0.264
4.0	0.487	0.01050	-0.007	0.029	0.155	0.991	0.996	46.432	0.264	0.264
5.0	0.607	0.01087	-0.009	0.025	0.174	0.990	0.997	55.807	0.264	0.264
6.0	0.723	0.01015	-0.010	0.017	0.204	0.986	0.997	71.245	0.265	0.264
7.0	0.836	0.01522	-0.012	0.014	0.218	0.981	0.997	54.936	0.265	0.264
8.0	0.945	0.01607	-0.014	0.013	0.251	0.977	0.998	58.831	0.265	0.264
9.0	1.048	0.01730	-0.015	0.012	0.264	0.966	0.998	60.573	0.266	0.264
10.0	1.143	0.01890	-0.017	0.009	0.299	0.950	0.998	60.449	0.267	0.265
11.0	1.222	0.02097	-0.018	0.006	0.314	0.922	0.997	58.297	0.270	0.265
12.0	1.286	0.02361	-0.020	0.005	0.349	0.879	0.997	54.481	0.273	0.265
13.0	1.332	0.02746	-0.021	0.004	0.367	0.817	0.998	48.514	0.281	0.266
14.0	1.359	0.03335	-0.022	0.004	0.402	0.735	0.998	40.743	0.302	0.266
15.0	1.366	0.04259	-0.022	0.004	0.425	0.636	0.998	32.075	0.471	0.266
16.0	1.366	0.05310	-0.023	0.004	0.457	0.555	0.998	25.718	0.187	0.267
17.0	1.349	0.06856	-0.024	0.004	0.490	0.462	0.998	19.670	0.239	0.268
18.0	1.320	0.08893	-0.024	0.003	0.517	0.368	0.998	14.843	0.239	0.268
19.0	1.296	0.10451	-0.024	0.004	0.557	0.322	0.998	12.404	0.239	0.269
20.0	1.262	0.12556	-0.024	0.003	0.584	0.267	0.998	10.048	0.246	0.269

Name = NACA 0015
Mach = 0; Re = 4830000; T.U. = 1.0; T.L. = 1.0
Surface Finish = 2; Stall model = 0; Transition model = 1; Aspect Ratio = 0; ground effect = 0
?	Cl	Cd	Cm 0.25	T.U.	T.L.	S.U.	S.L.	L/D	A.C.	C.P.
[°]	[-]	[-]	[-]	[-]	[-]	[-]	[-]	[-]	[-]	[-]
-20.0	-1.264	0.12305	0.024	0.564	0.003	1.000	0.276	-10.273	0.246	0.269
-19.0	-1.299	0.10220	0.024	0.530	0.004	1.000	0.332	-12.712	0.239	0.269
-18.0	-1.323	0.08673	0.024	0.505	0.003	1.000	0.379	-15.256	0.238	0.268
-17.0	-1.352	0.06666	0.024	0.467	0.004	1.000	0.473	-20.280	0.238	0.268
-16.0	-1.369	0.05154	0.023	0.449	0.004	1.000	0.567	-26.562	0.185	0.267
-15.0	-1.370	0.04143	0.023	0.410	0.004	1.000	0.647	-33.059	0.453	0.266
-14.0	-1.362	0.03251	0.022	0.389	0.004	1.000	0.744	-41.879	0.301	0.266
-13.0	-1.334	0.02692	0.021	0.356	0.004	1.000	0.825	-49.564	0.280	0.266
-12.0	-1.287	0.02333	0.020	0.333	0.005	1.000	0.883	-55.171	0.273	0.265
-11.0	-1.223	0.02067	0.018	0.306	0.006	1.000	0.925	-59.159	0.270	0.265
-10.0	-1.143	0.01870	0.017	0.281	0.008	1.000	0.951	-61.124	0.267	0.265
-9.0	-1.048	0.01706	0.015	0.257	0.011	1.000	0.967	-61.431	0.266	0.264
-8.0	-0.945	0.01587	0.014	0.233	0.012	1.000	0.977	-59.564	0.265	0.264
-7.0	-0.836	0.01059	0.012	0.213	0.014	1.000	0.982	-78.991	0.265	0.264
-6.0	-0.723	0.01009	0.010	0.187	0.016	1.000	0.987	-71.669	0.265	0.264
-5.0	-0.607	0.01078	0.009	0.170	0.024	0.997	0.990	-56.257	0.264	0.264
-4.0	-0.487	0.01045	0.007	0.144	0.028	0.996	0.991	-46.636	0.264	0.264
-3.0	-0.367	0.01017	0.005	0.131	0.035	0.996	0.992	-36.070	0.264	0.264
-2.0	-0.245	0.00989	0.003	0.106	0.047	0.995	0.993	-24.755	0.264	0.264
-1.0	-0.123	0.00973	0.002	0.095	0.058	0.995	0.994	-12.602	0.264	0.264
0.0	0.000	0.00973	-0.000	0.073	0.073	0.994	0.994	0.000	0.264	0.250
1.0	0.123	0.00973	-0.002	0.058	0.095	0.994	0.995	12.602	0.264	0.264
2.0	0.245	0.00992	-0.003	0.047	0.106	0.993	0.996	24.704	0.264	0.264
3.0	0.367	0.01013	-0.005	0.035	0.131	0.992	0.996	36.204	0.264	0.264
4.0	0.487	0.01047	-0.007	0.028	0.144	0.991	0.996	46.545	0.264	0.264
5.0	0.607	0.01078	-0.009	0.024	0.170	0.990	0.997	56.267	0.264	0.264
6.0	0.723	0.01009	-0.010	0.016	0.187	0.987	0.997	71.679	0.265	0.264
7.0	0.836	0.01107	-0.012	0.014	0.213	0.982	0.997	75.574	0.265	0.264
8.0	0.945	0.01587	-0.014	0.012	0.233	0.977	0.998	59.573	0.265	0.264
9.0	1.048	0.01706	-0.015	0.011	0.257	0.967	0.998	61.442	0.266	0.264
10.0	1.143	0.01870	-0.017	0.008	0.281	0.951	0.998	61.138	0.267	0.265
11.0	1.223	0.02067	-0.018	0.006	0.306	0.925	0.998	59.176	0.270	0.265
12.0	1.287	0.02332	-0.020	0.005	0.333	0.883	0.997	55.195	0.273	0.265
13.0	1.334	0.02692	-0.021	0.004	0.356	0.825	0.998	49.568	0.280	0.266
14.0	1.362	0.03251	-0.022	0.004	0.389	0.744	0.998	41.883	0.301	0.266
15.0	1.370	0.04139	-0.023	0.004	0.410	0.647	0.998	33.087	0.453	0.266
16.0	1.369	0.05153	-0.023	0.004	0.449	0.567	0.998	26.569	0.185	0.267
17.0	1.352	0.06668	-0.024	0.004	0.467	0.473	0.998	20.273	0.238	0.268
18.0	1.323	0.08674	-0.024	0.003	0.505	0.379	0.998	15.254	0.239	0.268
19.0	1.299	0.10219	-0.024	0.004	0.530	0.332	0.998	12.714	0.239	0.269
20.0	1.264	0.12306	-0.024	0.003	0.564	0.276	0.998	10.272	0.246	0.269

Name = NACA 0015
Mach = 0; Re = 5230000; T.U. = 1.0; T.L. = 1.0
Surface Finish = 2; Stall model = 0; Transition model = 1; Aspect Ratio = 0; ground effect = 0
?	Cl	Cd	Cm 0.25	T.U.	T.L.	S.U.	S.L.	L/D	A.C.	C.P.
[°]	[-]	[-]	[-]	[-]	[-]	[-]	[-]	[-]	[-]	[-]
-20.0	-1.266	0.12077	0.025	0.554	0.003	1.000	0.283	-10.485	0.243	0.269
-19.0	-1.300	0.10147	0.024	0.513	0.003	1.000	0.334	-12.811	0.239	0.269
-18.0	-1.326	0.08480	0.024	0.486	0.003	1.000	0.388	-15.637	0.240	0.268
-17.0	-1.355	0.06499	0.024	0.456	0.004	1.000	0.484	-20.850	0.236	0.268
-16.0	-1.370	0.05087	0.023	0.424	0.004	1.000	0.571	-26.939	0.182	0.267
-15.0	-1.372	0.04035	0.023	0.402	0.004	1.000	0.657	-34.017	0.490	0.267
-14.0	-1.364	0.03182	0.022	0.368	0.004	1.000	0.753	-42.867	0.300	0.266
-13.0	-1.335	0.02659	0.021	0.350	0.004	1.000	0.828	-50.231	0.280	0.266
-12.0	-1.289	0.02296	0.020	0.317	0.005	1.000	0.888	-56.135	0.273	0.265
-11.0	-1.224	0.02045	0.018	0.301	0.006	1.000	0.928	-59.842	0.270	0.265
-10.0	-1.143	0.01856	0.017	0.268	0.008	1.000	0.953	-61.617	0.267	0.265
-9.0	-1.048	0.01686	0.015	0.253	0.011	1.000	0.968	-62.173	0.266	0.264
-8.0	-0.945	0.01571	0.014	0.222	0.012	1.000	0.978	-60.178	0.265	0.264
-7.0	-0.836	0.01097	0.012	0.209	0.013	1.000	0.982	-76.272	0.265	0.264
-6.0	-0.723	0.00996	0.010	0.179	0.015	1.000	0.987	-72.634	0.265	0.264
-5.0	-0.607	0.01075	0.009	0.167	0.022	0.997	0.990	-56.439	0.264	0.264
-4.0	-0.487	0.01032	0.007	0.139	0.027	0.996	0.991	-47.246	0.264	0.264
-3.0	-0.367	0.00998	0.005	0.129	0.033	0.996	0.992	-36.725	0.264	0.264
-2.0	-0.245	0.00978	0.003	0.103	0.046	0.995	0.993	-25.051	0.264	0.264
-1.0	-0.123	0.00973	0.002	0.086	0.054	0.995	0.994	-12.599	0.264	0.264
0.0	0.000	0.00970	-0.000	0.071	0.071	0.994	0.994	0.000	0.264	0.250
1.0	0.123	0.00973	-0.002	0.054	0.086	0.994	0.995	12.599	0.264	0.264
2.0	0.245	0.00980	-0.003	0.046	0.103	0.993	0.996	25.004	0.264	0.264
3.0	0.367	0.01001	-0.005	0.033	0.129	0.992	0.996	36.645	0.264	0.264
4.0	0.487	0.01028	-0.007	0.027	0.139	0.991	0.997	47.413	0.264	0.264
5.0	0.607	0.01075	-0.009	0.022	0.167	0.990	0.997	56.451	0.264	0.264
6.0	0.723	0.01054	-0.010	0.015	0.179	0.987	0.997	68.646	0.265	0.264
7.0	0.836	0.01091	-0.012	0.013	0.209	0.983	0.997	76.678	0.265	0.264
8.0	0.945	0.01571	-0.014	0.012	0.222	0.978	0.998	60.187	0.265	0.264
9.0	1.048	0.01686	-0.015	0.011	0.253	0.968	0.998	62.185	0.266	0.264
10.0	1.143	0.01855	-0.017	0.008	0.268	0.953	0.998	61.631	0.267	0.265
11.0	1.224	0.02044	-0.018	0.006	0.301	0.928	0.998	59.858	0.270	0.265
12.0	1.289	0.02295	-0.020	0.005	0.317	0.888	0.998	56.158	0.273	0.265
13.0	1.335	0.02658	-0.021	0.004	0.350	0.828	0.998	50.235	0.280	0.266
14.0	1.364	0.03182	-0.022	0.004	0.368	0.753	0.998	42.871	0.300	0.266
15.0	1.372	0.04035	-0.023	0.004	0.402	0.657	0.998	34.013	0.490	0.267
16.0	1.370	0.05088	-0.023	0.004	0.424	0.571	0.998	26.934	0.182	0.267
17.0	1.355	0.06499	-0.024	0.004	0.456	0.484	0.998	20.850	0.236	0.268
18.0	1.326	0.08481	-0.024	0.003	0.486	0.388	0.998	15.635	0.240	0.268
19.0	1.300	0.10147	-0.024	0.003	0.513	0.334	0.998	12.810	0.239	0.269
20.0	1.266	0.12078	-0.025	0.003	0.554	0.283	0.998	10.484	0.243	0.269

Name = NACA 0015
Mach = 0; Re = 5630000; T.U. = 1.0; T.L. = 1.0
Surface Finish = 2; Stall model = 0; Transition model = 1; Aspect Ratio = 0; ground effect = 0
?	Cl	Cd	Cm 0.25	T.U.	T.L.	S.U.	S.L.	L/D	A.C.	C.P.
[°]	[-]	[-]	[-]	[-]	[-]	[-]	[-]	[-]	[-]	[-]
-20.0	-1.268	0.11875	0.025	0.527	0.003	1.000	0.290	-10.680	0.243	0.270
-19.0	-1.302	0.09959	0.024	0.504	0.003	1.000	0.342	-13.075	0.239	0.269
-18.0	-1.329	0.08302	0.024	0.467	0.003	1.000	0.397	-16.003	0.240	0.268
-17.0	-1.358	0.06349	0.024	0.450	0.004	1.000	0.493	-21.389	0.236	0.268
-16.0	-1.373	0.04962	0.023	0.411	0.004	1.000	0.581	-27.679	0.180	0.267
-15.0	-1.375	0.03940	0.023	0.397	0.004	1.000	0.666	-34.907	0.441	0.267
-14.0	-1.365	0.03144	0.022	0.358	0.004	1.000	0.757	-43.423	0.299	0.266
-13.0	-1.337	0.02610	0.021	0.345	0.004	1.000	0.835	-51.241	0.280	0.266
-12.0	-1.289	0.02272	0.020	0.308	0.004	1.000	0.891	-56.743	0.273	0.265
-11.0	-1.224	0.02025	0.018	0.296	0.005	1.000	0.930	-60.466	0.270	0.265
-10.0	-1.144	0.01837	0.017	0.261	0.007	1.000	0.954	-62.248	0.267	0.265
-9.0	-1.049	0.01661	0.015	0.249	0.011	1.000	0.970	-63.132	0.266	0.264
-8.0	-0.945	0.01557	0.014	0.216	0.012	1.000	0.978	-60.736	0.265	0.264
-7.0	-0.836	0.01087	0.012	0.204	0.013	1.000	0.983	-76.953	0.265	0.264
-6.0	-0.723	0.00993	0.010	0.174	0.015	1.000	0.987	-72.813	0.265	0.264
-5.0	-0.607	0.01058	0.009	0.160	0.020	1.000	0.990	-57.342	0.264	0.264
-4.0	-0.487	0.01023	0.007	0.135	0.026	0.997	0.991	-47.670	0.264	0.264
-3.0	-0.367	0.00998	0.005	0.117	0.031	0.996	0.992	-36.738	0.264	0.264
-2.0	-0.245	0.00974	0.003	0.100	0.045	0.995	0.993	-25.139	0.264	0.264
-1.0	-0.123	0.00965	0.002	0.081	0.052	0.995	0.994	-12.706	0.264	0.264
0.0	0.000	0.00952	-0.000	0.069	0.069	0.995	0.995	0.000	0.264	0.250
1.0	0.123	0.00965	-0.002	0.052	0.081	0.994	0.995	12.705	0.264	0.264
2.0	0.245	0.00970	-0.003	0.045	0.100	0.993	0.996	25.253	0.264	0.264
3.0	0.367	0.01000	-0.005	0.031	0.117	0.992	0.996	36.660	0.264	0.264
4.0	0.487	0.01025	-0.007	0.026	0.135	0.991	0.997	47.574	0.264	0.264
5.0	0.607	0.01058	-0.009	0.020	0.160	0.990	0.997	57.351	0.264	0.264
6.0	0.723	0.01051	-0.010	0.015	0.174	0.987	0.997	68.813	0.265	0.264
7.0	0.837	0.01081	-0.012	0.013	0.204	0.983	0.997	77.363	0.265	0.264
8.0	0.945	0.01557	-0.014	0.012	0.216	0.978	0.998	60.745	0.265	0.264
9.0	1.049	0.01661	-0.015	0.011	0.249	0.970	0.998	63.144	0.266	0.264
10.0	1.144	0.01837	-0.017	0.007	0.261	0.954	0.998	62.262	0.267	0.265
11.0	1.224	0.02024	-0.018	0.005	0.296	0.930	0.998	60.483	0.270	0.265
12.0	1.289	0.02271	-0.020	0.004	0.308	0.891	0.998	56.766	0.273	0.265
13.0	1.337	0.02609	-0.021	0.004	0.345	0.835	0.998	51.245	0.280	0.266
14.0	1.365	0.03144	-0.022	0.004	0.358	0.757	0.998	43.427	0.299	0.266
15.0	1.375	0.03938	-0.023	0.004	0.397	0.666	0.998	34.924	0.441	0.267
16.0	1.373	0.04961	-0.023	0.004	0.411	0.581	0.998	27.682	0.180	0.267
17.0	1.358	0.06347	-0.024	0.004	0.450	0.493	0.998	21.397	0.236	0.268
18.0	1.329	0.08303	-0.024	0.003	0.467	0.397	0.998	16.001	0.240	0.268
19.0	1.302	0.09960	-0.024	0.003	0.504	0.342	0.998	13.074	0.239	0.269
20.0	1.268	0.11875	-0.025	0.003	0.527	0.290	0.998	10.680	0.243	0.269

Name = NACA 0015
Mach = 0; Re = 6030000; T.U. = 1.0; T.L. = 1.0
Surface Finish = 2; Stall model = 0; Transition model = 1; Aspect Ratio = 0; ground effect = 0
?	Cl	Cd	Cm 0.25	T.U.	T.L.	S.U.	S.L.	L/D	A.C.	C.P.
[°]	[-]	[-]	[-]	[-]	[-]	[-]	[-]	[-]	[-]	[-]
-20.0	-1.270	0.11691	0.025	0.514	0.003	1.000	0.296	-10.863	0.243	0.270
-19.0	-1.304	0.09780	0.025	0.489	0.003	1.000	0.349	-13.338	0.238	0.269
-18.0	-1.329	0.08258	0.024	0.458	0.003	1.000	0.398	-16.094	0.240	0.268
-17.0	-1.360	0.06209	0.024	0.428	0.004	1.000	0.502	-21.910	0.237	0.268
-16.0	-1.376	0.04850	0.024	0.404	0.004	1.000	0.590	-28.369	0.179	0.267
-15.0	-1.378	0.03853	0.023	0.374	0.004	1.000	0.675	-35.762	0.432	0.267
-14.0	-1.367	0.03082	0.022	0.352	0.004	1.000	0.764	-44.366	0.299	0.266
-13.0	-1.339	0.02573	0.021	0.323	0.004	1.000	0.840	-52.024	0.280	0.266
-12.0	-1.290	0.02243	0.020	0.303	0.004	1.000	0.894	-57.533	0.273	0.265
-11.0	-1.225	0.02004	0.018	0.276	0.005	1.000	0.932	-61.099	0.270	0.265
-10.0	-1.144	0.01821	0.017	0.256	0.006	1.000	0.956	-62.815	0.267	0.265
-9.0	-1.049	0.01656	0.015	0.231	0.010	1.000	0.971	-63.343	0.266	0.264
-8.0	-0.946	0.01536	0.014	0.213	0.012	1.000	0.979	-61.560	0.265	0.264
-7.0	-0.837	0.01075	0.012	0.189	0.013	1.000	0.983	-77.784	0.265	0.264
-6.0	-0.723	0.00985	0.010	0.171	0.014	1.000	0.988	-73.426	0.265	0.264
-5.0	-0.607	0.01057	0.009	0.149	0.019	1.000	0.990	-57.404	0.264	0.264
-4.0	-0.487	0.01009	0.007	0.133	0.026	0.997	0.992	-48.293	0.264	0.264
-3.0	-0.367	0.00982	0.005	0.110	0.030	0.996	0.993	-37.362	0.264	0.264
-2.0	-0.245	0.00965	0.003	0.099	0.044	0.996	0.993	-25.395	0.264	0.264
-1.0	-0.123	0.00956	0.002	0.077	0.050	0.995	0.994	-12.830	0.264	0.264
0.0	0.000	0.00949	-0.000	0.068	0.068	0.995	0.995	0.000	0.264	0.250
1.0	0.123	0.00956	-0.002	0.050	0.077	0.994	0.995	12.830	0.264	0.264
2.0	0.245	0.00967	-0.003	0.044	0.099	0.993	0.996	25.345	0.264	0.264
3.0	0.367	0.00984	-0.005	0.030	0.110	0.993	0.996	37.274	0.264	0.264
4.0	0.487	0.01011	-0.007	0.026	0.133	0.992	0.997	48.201	0.264	0.264
5.0	0.607	0.01057	-0.009	0.019	0.149	0.990	0.997	57.415	0.264	0.264
6.0	0.723	0.01043	-0.010	0.014	0.171	0.988	0.997	69.372	0.265	0.264
7.0	0.837	0.01075	-0.012	0.013	0.189	0.983	0.997	77.825	0.265	0.264
8.0	0.946	0.01536	-0.014	0.012	0.213	0.979	0.998	61.570	0.265	0.264
9.0	1.049	0.01656	-0.015	0.010	0.231	0.971	0.998	63.355	0.266	0.264
10.0	1.144	0.01821	-0.017	0.006	0.256	0.956	0.998	62.829	0.267	0.265
11.0	1.225	0.02004	-0.018	0.005	0.276	0.932	0.998	61.116	0.270	0.265
12.0	1.290	0.02242	-0.020	0.004	0.303	0.894	0.998	57.551	0.273	0.265
13.0	1.339	0.02573	-0.021	0.004	0.323	0.840	0.998	52.023	0.280	0.266
14.0	1.367	0.03082	-0.022	0.004	0.352	0.764	0.998	44.371	0.299	0.266
15.0	1.378	0.03855	-0.023	0.004	0.374	0.675	0.998	35.743	0.432	0.267
16.0	1.376	0.04850	-0.023	0.004	0.404	0.590	0.998	28.373	0.179	0.267
17.0	1.360	0.06211	-0.024	0.004	0.428	0.502	0.998	21.905	0.237	0.268
18.0	1.329	0.08259	-0.024	0.003	0.458	0.398	0.998	16.092	0.240	0.268
19.0	1.304	0.09778	-0.025	0.003	0.489	0.349	0.998	13.340	0.238	0.269
20.0	1.270	0.11692	-0.025	0.003	0.514	0.296	0.998	10.863	0.243	0.270

Name = NACA 0015
Mach = 0; Re = 6430000; T.U. = 1.0; T.L. = 1.0
Surface Finish = 2; Stall model = 0; Transition model = 1; Aspect Ratio = 0; ground effect = 0
?	Cl	Cd	Cm 0.25	T.U.	T.L.	S.U.	S.L.	L/D	A.C.	C.P.
[°]	[-]	[-]	[-]	[-]	[-]	[-]	[-]	[-]	[-]	[-]
-20.0	-1.272	0.11501	0.025	0.506	0.003	1.000	0.303	-11.060	0.243	0.270
-19.0	-1.307	0.09602	0.025	0.470	0.003	1.000	0.357	-13.609	0.237	0.269
-18.0	-1.332	0.08095	0.024	0.452	0.003	1.000	0.407	-16.449	0.239	0.268
-17.0	-1.363	0.06078	0.024	0.414	0.004	1.000	0.511	-22.429	0.237	0.268
-16.0	-1.379	0.04746	0.024	0.399	0.004	1.000	0.598	-29.044	0.167	0.267
-15.0	-1.379	0.03819	0.023	0.362	0.003	1.000	0.678	-36.096	0.423	0.267
-14.0	-1.369	0.03029	0.022	0.348	0.004	1.000	0.771	-45.209	0.299	0.266
-13.0	-1.340	0.02538	0.021	0.313	0.004	1.000	0.845	-52.796	0.280	0.266
-12.0	-1.291	0.02220	0.020	0.300	0.004	1.000	0.896	-58.154	0.273	0.265
-11.0	-1.225	0.01984	0.018	0.266	0.005	1.000	0.934	-61.745	0.270	0.265
-10.0	-1.144	0.01807	0.017	0.253	0.006	1.000	0.957	-63.334	0.267	0.265
-9.0	-1.049	0.01650	0.015	0.222	0.009	1.000	0.971	-63.594	0.266	0.264
-8.0	-0.946	0.01522	0.014	0.210	0.012	1.000	0.979	-62.154	0.265	0.264
-7.0	-0.837	0.01068	0.012	0.181	0.013	1.000	0.984	-78.366	0.265	0.264
-6.0	-0.724	0.01028	0.010	0.169	0.014	1.000	0.989	-70.360	0.265	0.264
-5.0	-0.607	0.01046	0.009	0.142	0.018	1.000	0.990	-58.024	0.264	0.264
-4.0	-0.487	0.01001	0.007	0.131	0.025	0.997	0.992	-48.716	0.264	0.264
-3.0	-0.367	0.00980	0.005	0.106	0.029	0.996	0.993	-37.427	0.264	0.264
-2.0	-0.245	0.00955	0.003	0.097	0.042	0.996	0.993	-25.656	0.264	0.264
-1.0	-0.123	0.00946	0.002	0.075	0.049	0.996	0.994	-12.958	0.264	0.264
0.0	0.000	0.00931	-0.000	0.068	0.068	0.995	0.995	0.000	0.264	0.250
1.0	0.123	0.00946	-0.002	0.049	0.075	0.994	0.996	12.958	0.264	0.264
2.0	0.245	0.00957	-0.003	0.042	0.097	0.993	0.996	25.609	0.264	0.264
3.0	0.367	0.00982	-0.005	0.029	0.106	0.993	0.996	37.345	0.264	0.264
4.0	0.487	0.01003	-0.007	0.025	0.131	0.992	0.997	48.611	0.264	0.264
5.0	0.607	0.01046	-0.009	0.018	0.142	0.990	0.997	58.032	0.264	0.264
6.0	0.724	0.01028	-0.010	0.014	0.169	0.989	0.997	70.374	0.265	0.264
7.0	0.837	0.01067	-0.012	0.013	0.181	0.984	0.997	78.403	0.265	0.264
8.0	0.946	0.01521	-0.014	0.012	0.210	0.979	0.998	62.163	0.265	0.264
9.0	1.049	0.01649	-0.015	0.009	0.222	0.971	0.998	63.606	0.266	0.264
10.0	1.144	0.01806	-0.017	0.006	0.253	0.957	0.998	63.348	0.267	0.265
11.0	1.225	0.01984	-0.018	0.005	0.266	0.934	0.998	61.761	0.270	0.265
12.0	1.291	0.02219	-0.020	0.004	0.300	0.896	0.998	58.178	0.273	0.265
13.0	1.340	0.02538	-0.021	0.004	0.313	0.845	0.998	52.800	0.280	0.266
14.0	1.369	0.03028	-0.022	0.004	0.348	0.771	0.998	45.213	0.299	0.266
15.0	1.379	0.03819	-0.023	0.003	0.362	0.678	0.998	36.100	0.423	0.267
16.0	1.379	0.04748	-0.024	0.004	0.399	0.598	0.998	29.033	0.167	0.267
17.0	1.363	0.06077	-0.024	0.004	0.414	0.511	0.998	22.432	0.237	0.268
18.0	1.332	0.08096	-0.024	0.003	0.452	0.407	0.998	16.447	0.239	0.268
19.0	1.307	0.09603	-0.025	0.003	0.470	0.357	0.998	13.608	0.237	0.269
20.0	1.272	0.11502	-0.025	0.003	0.506	0.303	0.998	11.059	0.243	0.270


