Name = NACA 0018
Mach = 0; Re = 30000; T.U. = 1.0; T.L. = 1.0
Surface Finish = 2; Stall model = 0; Transition model = 1; Aspect Ratio = 0; ground effect = 0
?	Cl	Cd	Cm 0.25	T.U.	T.L.	S.U.	S.L.	L/D	A.C.	C.P.
[°]	[-]	[-]	[-]	[-]	[-]	[-]	[-]	[-]	[-]	[-]
-20.0	-1.424	0.30616	0.019	0.949	0.014	0.974	0.022	-4.650	0.396	0.263
-19.0	-1.420	0.27652	0.018	0.945	0.015	0.971	0.024	-5.135	0.311	0.263
-18.0	-1.408	0.24901	0.018	0.940	0.016	0.968	0.027	-5.653	0.277	0.263
-17.0	-1.386	0.22179	0.017	0.935	0.017	0.966	0.030	-6.249	0.268	0.262
-16.0	-1.355	0.19679	0.017	0.928	0.018	0.964	0.035	-6.885	0.264	0.262
-15.0	-1.314	0.17587	0.016	0.919	0.020	0.962	0.039	-7.472	0.262	0.262
-14.0	-1.261	0.15586	0.016	0.911	0.023	0.960	0.045	-8.089	0.259	0.262
-13.0	-1.199	0.13745	0.015	0.903	0.027	0.956	0.055	-8.725	0.257	0.263
-12.0	-1.132	0.12119	0.015	0.889	0.032	0.952	0.068	-9.341	0.254	0.263
-11.0	-1.063	0.10590	0.015	0.877	0.037	0.948	0.099	-10.041	0.248	0.264
-10.0	-1.000	0.08965	0.015	0.859	0.044	0.945	0.179	-11.151	0.246	0.265
-9.0	-0.939	0.07336	0.015	0.840	0.058	0.941	0.311	-12.804	0.252	0.266
-8.0	-0.876	0.05906	0.015	0.816	0.078	0.939	0.479	-14.836	0.261	0.267
-7.0	-0.794	0.05026	0.013	0.789	0.108	0.935	0.606	-15.798	0.265	0.267
-6.0	-0.698	0.04468	0.012	0.754	0.147	0.934	0.697	-15.621	0.267	0.267
-5.0	-0.593	0.04089	0.010	0.712	0.192	0.933	0.764	-14.497	0.267	0.267
-4.0	-0.481	0.03825	0.008	0.665	0.239	0.932	0.816	-12.573	0.267	0.267
-3.0	-0.364	0.03640	0.006	0.611	0.288	0.931	0.853	-10.010	0.267	0.267
-2.0	-0.245	0.03519	0.004	0.555	0.338	0.928	0.881	-6.955	0.267	0.267
-1.0	-0.123	0.03446	0.002	0.498	0.389	0.922	0.901	-3.570	0.267	0.267
0.0	-0.000	0.03420	-0.000	0.443	0.443	0.914	0.914	-0.000	0.267	0.250
1.0	0.123	0.03446	-0.002	0.389	0.498	0.901	0.922	3.570	0.267	0.267
2.0	0.245	0.03519	-0.004	0.338	0.555	0.881	0.928	6.955	0.267	0.267
3.0	0.364	0.03640	-0.006	0.288	0.611	0.853	0.931	10.010	0.267	0.267
4.0	0.481	0.03825	-0.008	0.239	0.665	0.816	0.932	12.573	0.267	0.267
5.0	0.593	0.04089	-0.010	0.192	0.712	0.764	0.933	14.497	0.267	0.267
6.0	0.698	0.04468	-0.012	0.147	0.754	0.697	0.934	15.621	0.267	0.267
7.0	0.794	0.05026	-0.013	0.108	0.789	0.606	0.935	15.798	0.265	0.267
8.0	0.876	0.05906	-0.015	0.078	0.816	0.479	0.939	14.836	0.261	0.267
9.0	0.939	0.07336	-0.015	0.058	0.840	0.311	0.941	12.804	0.252	0.266
10.0	1.000	0.08965	-0.015	0.044	0.859	0.179	0.945	11.151	0.246	0.265
11.0	1.063	0.10590	-0.015	0.037	0.877	0.099	0.948	10.041	0.248	0.264
12.0	1.132	0.12119	-0.015	0.032	0.889	0.068	0.952	9.341	0.254	0.263
13.0	1.199	0.13745	-0.015	0.027	0.903	0.055	0.956	8.725	0.257	0.263
14.0	1.261	0.15586	-0.016	0.023	0.911	0.045	0.960	8.089	0.259	0.262
15.0	1.314	0.17587	-0.016	0.020	0.919	0.039	0.962	7.472	0.262	0.262
16.0	1.355	0.19679	-0.017	0.018	0.928	0.035	0.964	6.885	0.264	0.262
17.0	1.386	0.22179	-0.017	0.017	0.935	0.030	0.966	6.249	0.268	0.262
18.0	1.408	0.24901	-0.018	0.016	0.940	0.027	0.968	5.653	0.277	0.263
19.0	1.420	0.27652	-0.018	0.015	0.945	0.024	0.971	5.135	0.311	0.263
20.0	1.424	0.30616	-0.019	0.014	0.949	0.022	0.974	4.650	0.396	0.263

Name = NACA 0018
Mach = 0; Re = 430000; T.U. = 1.0; T.L. = 1.0
Surface Finish = 2; Stall model = 0; Transition model = 1; Aspect Ratio = 0; ground effect = 0
?	Cl	Cd	Cm 0.25	T.U.	T.L.	S.U.	S.L.	L/D	A.C.	C.P.
[°]	[-]	[-]	[-]	[-]	[-]	[-]	[-]	[-]	[-]	[-]
-20.0	-1.497	0.15552	0.030	0.908	0.012	0.992	0.228	-9.623	0.213	0.270
-19.0	-1.506	0.13473	0.029	0.894	0.012	0.993	0.267	-11.176	0.179	0.270
-18.0	-1.507	0.11543	0.029	0.881	0.013	0.993	0.312	-13.060	0.544	0.269
-17.0	-1.503	0.09677	0.029	0.866	0.014	0.993	0.370	-15.528	0.308	0.269
-16.0	-1.489	0.08022	0.028	0.845	0.015	0.993	0.434	-18.559	0.287	0.269
-15.0	-1.465	0.06618	0.027	0.822	0.016	0.993	0.503	-22.136	0.278	0.269
-14.0	-1.427	0.05427	0.026	0.798	0.018	0.993	0.578	-26.291	0.273	0.268
-13.0	-1.377	0.04473	0.025	0.763	0.021	0.993	0.655	-30.778	0.272	0.268
-12.0	-1.316	0.03725	0.024	0.727	0.025	0.993	0.729	-35.332	0.271	0.268
-11.0	-1.243	0.03210	0.022	0.687	0.029	0.993	0.792	-38.717	0.270	0.268
-10.0	-1.158	0.02829	0.021	0.644	0.034	0.993	0.842	-40.935	0.270	0.268
-9.0	-1.064	0.02544	0.019	0.600	0.039	0.993	0.881	-41.814	0.269	0.268
-8.0	-0.961	0.02306	0.017	0.556	0.049	0.992	0.912	-41.667	0.268	0.268
-7.0	-0.851	0.02117	0.015	0.510	0.061	0.992	0.934	-40.178	0.268	0.267
-6.0	-0.736	0.01951	0.013	0.467	0.078	0.991	0.950	-37.699	0.268	0.267
-5.0	-0.617	0.01819	0.011	0.426	0.098	0.991	0.961	-33.936	0.268	0.267
-4.0	-0.496	0.01707	0.009	0.389	0.123	0.991	0.969	-29.071	0.267	0.267
-3.0	-0.374	0.01619	0.006	0.352	0.151	0.990	0.976	-23.075	0.267	0.267
-2.0	-0.250	0.01549	0.004	0.315	0.182	0.989	0.979	-16.116	0.267	0.267
-1.0	-0.125	0.01081	0.002	0.280	0.215	0.987	0.982	-11.566	0.267	0.267
0.0	-0.000	0.01072	-0.000	0.248	0.248	0.985	0.985	-0.000	0.267	0.250
1.0	0.125	0.01081	-0.002	0.215	0.280	0.982	0.987	11.566	0.267	0.267
2.0	0.250	0.01549	-0.004	0.182	0.315	0.979	0.989	16.116	0.267	0.267
3.0	0.374	0.01619	-0.006	0.151	0.352	0.976	0.990	23.075	0.267	0.267
4.0	0.496	0.01707	-0.009	0.123	0.389	0.969	0.991	29.071	0.267	0.267
5.0	0.617	0.01819	-0.011	0.098	0.426	0.961	0.991	33.936	0.268	0.267
6.0	0.736	0.01951	-0.013	0.078	0.467	0.950	0.991	37.699	0.268	0.267
7.0	0.851	0.02117	-0.015	0.061	0.510	0.934	0.992	40.178	0.268	0.267
8.0	0.961	0.02306	-0.017	0.049	0.556	0.912	0.992	41.667	0.268	0.268
9.0	1.064	0.02544	-0.019	0.039	0.600	0.881	0.993	41.814	0.269	0.268
10.0	1.158	0.02829	-0.021	0.034	0.644	0.842	0.993	40.935	0.270	0.268
11.0	1.243	0.03210	-0.022	0.029	0.687	0.792	0.993	38.717	0.270	0.268
12.0	1.316	0.03725	-0.024	0.025	0.727	0.729	0.993	35.332	0.271	0.268
13.0	1.377	0.04473	-0.025	0.021	0.763	0.655	0.993	30.778	0.272	0.268
14.0	1.427	0.05427	-0.026	0.018	0.798	0.578	0.993	26.291	0.273	0.268
15.0	1.465	0.06618	-0.027	0.016	0.822	0.503	0.993	22.136	0.278	0.269
16.0	1.489	0.08022	-0.028	0.015	0.845	0.434	0.993	18.559	0.287	0.269
17.0	1.503	0.09677	-0.029	0.014	0.866	0.370	0.993	15.528	0.308	0.269
18.0	1.507	0.11543	-0.029	0.013	0.881	0.312	0.993	13.060	0.544	0.269
19.0	1.506	0.13473	-0.029	0.012	0.894	0.267	0.993	11.176	0.179	0.270
20.0	1.497	0.15552	-0.030	0.012	0.908	0.228	0.992	9.623	0.213	0.270

Name = NACA 0018
Mach = 0; Re = 830000; T.U. = 1.0; T.L. = 1.0
Surface Finish = 2; Stall model = 0; Transition model = 1; Aspect Ratio = 0; ground effect = 0
?	Cl	Cd	Cm 0.25	T.U.	T.L.	S.U.	S.L.	L/D	A.C.	C.P.
[°]	[-]	[-]	[-]	[-]	[-]	[-]	[-]	[-]	[-]	[-]
-20.0	-1.517	0.13552	0.031	0.871	0.009	0.995	0.285	-11.192	0.226	0.271
-19.0	-1.530	0.11433	0.031	0.848	0.010	0.996	0.336	-13.384	0.202	0.270
-18.0	-1.534	0.09600	0.030	0.827	0.011	0.995	0.389	-15.983	1.776	0.270
-17.0	-1.529	0.08002	0.030	0.801	0.012	0.995	0.447	-19.112	0.324	0.269
-16.0	-1.515	0.06633	0.029	0.768	0.013	0.995	0.510	-22.831	0.294	0.269
-15.0	-1.489	0.05461	0.028	0.734	0.014	0.995	0.578	-27.271	0.281	0.269
-14.0	-1.448	0.04539	0.027	0.698	0.015	0.995	0.646	-31.905	0.275	0.268
-13.0	-1.394	0.03798	0.026	0.657	0.017	0.994	0.714	-36.716	0.273	0.268
-12.0	-1.330	0.03232	0.024	0.613	0.019	0.994	0.778	-41.136	0.272	0.268
-11.0	-1.254	0.02809	0.022	0.569	0.023	0.994	0.832	-44.630	0.270	0.268
-10.0	-1.166	0.02505	0.021	0.528	0.027	0.993	0.874	-46.541	0.270	0.268
-9.0	-1.069	0.02272	0.019	0.489	0.032	0.993	0.906	-47.046	0.269	0.268
-8.0	-0.964	0.02075	0.017	0.452	0.038	0.993	0.929	-46.457	0.268	0.268
-7.0	-0.853	0.01911	0.015	0.413	0.047	0.993	0.946	-44.619	0.268	0.267
-6.0	-0.737	0.01780	0.013	0.378	0.058	0.992	0.959	-41.405	0.268	0.267
-5.0	-0.618	0.01659	0.011	0.348	0.073	0.992	0.967	-37.250	0.268	0.267
-4.0	-0.497	0.01571	0.009	0.311	0.092	0.991	0.975	-31.627	0.267	0.267
-3.0	-0.374	0.01497	0.006	0.280	0.113	0.991	0.979	-24.978	0.267	0.267
-2.0	-0.250	0.01086	0.004	0.253	0.137	0.990	0.982	-23.007	0.267	0.267
-1.0	-0.125	0.01079	0.002	0.220	0.167	0.990	0.985	-11.597	0.267	0.267
0.0	-0.000	0.00992	-0.000	0.191	0.191	0.988	0.988	-0.000	0.267	0.250
1.0	0.125	0.01079	-0.002	0.167	0.220	0.985	0.990	11.597	0.267	0.267
2.0	0.250	0.01086	-0.004	0.137	0.253	0.982	0.990	23.007	0.267	0.267
3.0	0.374	0.01497	-0.006	0.113	0.280	0.979	0.991	24.978	0.267	0.267
4.0	0.497	0.01571	-0.009	0.092	0.311	0.975	0.991	31.627	0.267	0.267
5.0	0.618	0.01659	-0.011	0.073	0.348	0.967	0.992	37.250	0.268	0.267
6.0	0.737	0.01780	-0.013	0.058	0.378	0.959	0.992	41.405	0.268	0.267
7.0	0.853	0.01911	-0.015	0.047	0.413	0.946	0.993	44.619	0.268	0.267
8.0	0.964	0.02075	-0.017	0.038	0.452	0.929	0.993	46.457	0.268	0.268
9.0	1.069	0.02272	-0.019	0.032	0.489	0.906	0.993	47.046	0.269	0.268
10.0	1.166	0.02505	-0.021	0.027	0.528	0.874	0.993	46.541	0.270	0.268
11.0	1.254	0.02809	-0.022	0.023	0.569	0.832	0.994	44.630	0.270	0.268
12.0	1.330	0.03232	-0.024	0.019	0.613	0.778	0.994	41.136	0.272	0.268
13.0	1.394	0.03798	-0.026	0.017	0.657	0.714	0.994	36.716	0.273	0.268
14.0	1.448	0.04539	-0.027	0.015	0.698	0.646	0.995	31.905	0.275	0.268
15.0	1.489	0.05461	-0.028	0.014	0.734	0.578	0.995	27.271	0.281	0.269
16.0	1.515	0.06633	-0.029	0.013	0.768	0.510	0.995	22.831	0.294	0.269
17.0	1.529	0.08002	-0.030	0.012	0.801	0.447	0.995	19.112	0.324	0.269
18.0	1.534	0.09600	-0.030	0.011	0.827	0.389	0.995	15.983	1.776	0.270
19.0	1.530	0.11433	-0.031	0.010	0.848	0.336	0.996	13.384	0.202	0.270
20.0	1.517	0.13552	-0.031	0.009	0.871	0.285	0.995	11.192	0.226	0.271

Name = NACA 0018
Mach = 0; Re = 1230000; T.U. = 1.0; T.L. = 1.0
Surface Finish = 2; Stall model = 0; Transition model = 1; Aspect Ratio = 0; ground effect = 0
?	Cl	Cd	Cm 0.25	T.U.	T.L.	S.U.	S.L.	L/D	A.C.	C.P.
[°]	[-]	[-]	[-]	[-]	[-]	[-]	[-]	[-]	[-]	[-]
-20.0	-1.525	0.12737	0.032	0.827	0.007	0.996	0.309	-11.975	0.215	0.271
-19.0	-1.538	0.10774	0.031	0.801	0.008	0.996	0.357	-14.272	0.200	0.270
-18.0	-1.544	0.08929	0.031	0.767	0.009	0.996	0.416	-17.289	0.071	0.270
-17.0	-1.543	0.07195	0.030	0.733	0.011	0.996	0.488	-21.452	0.338	0.270
-16.0	-1.527	0.05989	0.029	0.699	0.012	0.996	0.548	-25.503	0.296	0.269
-15.0	-1.502	0.04933	0.028	0.659	0.013	0.995	0.616	-30.444	0.282	0.269
-14.0	-1.459	0.04131	0.027	0.616	0.013	0.995	0.681	-35.316	0.276	0.269
-13.0	-1.403	0.03487	0.026	0.574	0.015	0.995	0.744	-40.242	0.273	0.268
-12.0	-1.337	0.02990	0.024	0.535	0.017	0.995	0.803	-44.702	0.272	0.268
-11.0	-1.258	0.02631	0.023	0.502	0.019	0.995	0.850	-47.814	0.271	0.268
-10.0	-1.169	0.02342	0.021	0.461	0.024	0.994	0.889	-49.933	0.270	0.268
-9.0	-1.071	0.02133	0.019	0.424	0.028	0.994	0.916	-50.232	0.269	0.268
-8.0	-0.966	0.01961	0.017	0.397	0.032	0.993	0.937	-49.240	0.268	0.268
-7.0	-0.854	0.01815	0.015	0.359	0.039	0.993	0.952	-47.037	0.268	0.267
-6.0	-0.738	0.01687	0.013	0.328	0.048	0.993	0.963	-43.732	0.268	0.267
-5.0	-0.619	0.01584	0.011	0.301	0.060	0.992	0.971	-39.058	0.268	0.267
-4.0	-0.497	0.01497	0.009	0.268	0.075	0.992	0.977	-33.198	0.267	0.267
-3.0	-0.374	0.01425	0.006	0.243	0.094	0.991	0.981	-26.240	0.267	0.267
-2.0	-0.250	0.01048	0.004	0.215	0.113	0.991	0.984	-23.842	0.267	0.267
-1.0	-0.125	0.01043	0.002	0.186	0.137	0.990	0.987	-12.005	0.267	0.267
0.0	-0.000	0.00960	-0.000	0.164	0.164	0.989	0.989	-0.000	0.267	0.250
1.0	0.125	0.01043	-0.002	0.137	0.186	0.987	0.990	12.005	0.267	0.267
2.0	0.250	0.01048	-0.004	0.113	0.215	0.984	0.991	23.842	0.267	0.267
3.0	0.374	0.01425	-0.006	0.094	0.243	0.981	0.991	26.240	0.267	0.267
4.0	0.497	0.01497	-0.009	0.075	0.268	0.977	0.992	33.198	0.267	0.267
5.0	0.619	0.01584	-0.011	0.060	0.301	0.971	0.992	39.058	0.268	0.267
6.0	0.738	0.01687	-0.013	0.048	0.328	0.963	0.993	43.732	0.268	0.267
7.0	0.854	0.01815	-0.015	0.039	0.359	0.952	0.993	47.037	0.268	0.267
8.0	0.966	0.01961	-0.017	0.032	0.397	0.937	0.993	49.240	0.268	0.268
9.0	1.071	0.02133	-0.019	0.028	0.424	0.916	0.994	50.232	0.269	0.268
10.0	1.169	0.02342	-0.021	0.024	0.461	0.889	0.994	49.933	0.270	0.268
11.0	1.258	0.02631	-0.023	0.019	0.502	0.850	0.995	47.814	0.271	0.268
12.0	1.337	0.02990	-0.024	0.017	0.535	0.803	0.995	44.702	0.272	0.268
13.0	1.403	0.03487	-0.026	0.015	0.574	0.744	0.995	40.242	0.273	0.268
14.0	1.459	0.04131	-0.027	0.013	0.616	0.681	0.995	35.316	0.276	0.269
15.0	1.502	0.04933	-0.028	0.013	0.659	0.616	0.995	30.444	0.282	0.269
16.0	1.527	0.05989	-0.029	0.012	0.699	0.548	0.996	25.503	0.296	0.269
17.0	1.543	0.07195	-0.030	0.011	0.733	0.488	0.996	21.452	0.338	0.270
18.0	1.544	0.08929	-0.031	0.009	0.767	0.416	0.996	17.289	0.071	0.270
19.0	1.538	0.10774	-0.031	0.008	0.801	0.357	0.996	14.272	0.200	0.270
20.0	1.525	0.12737	-0.032	0.007	0.827	0.309	0.996	11.975	0.215	0.271

Name = NACA 0018
Mach = 0; Re = 1630000; T.U. = 1.0; T.L. = 1.0
Surface Finish = 2; Stall model = 0; Transition model = 1; Aspect Ratio = 0; ground effect = 0
?	Cl	Cd	Cm 0.25	T.U.	T.L.	S.U.	S.L.	L/D	A.C.	C.P.
[°]	[-]	[-]	[-]	[-]	[-]	[-]	[-]	[-]	[-]	[-]
-20.0	-1.531	0.12128	0.032	0.780	0.006	0.997	0.326	-12.626	0.210	0.271
-19.0	-1.544	0.10287	0.032	0.752	0.006	0.997	0.375	-15.008	0.190	0.270
-18.0	-1.549	0.08556	0.031	0.712	0.007	0.996	0.431	-18.105	-0.197	0.270
-17.0	-1.547	0.06979	0.030	0.672	0.009	0.996	0.497	-22.160	0.363	0.270
-16.0	-1.537	0.05548	0.030	0.632	0.011	0.996	0.577	-27.704	0.299	0.269
-15.0	-1.510	0.04597	0.028	0.597	0.012	0.996	0.642	-32.848	0.283	0.269
-14.0	-1.466	0.03861	0.027	0.558	0.013	0.995	0.704	-37.976	0.276	0.269
-13.0	-1.409	0.03287	0.026	0.517	0.013	0.995	0.764	-42.871	0.273	0.268
-12.0	-1.341	0.02838	0.024	0.483	0.015	0.995	0.818	-47.248	0.272	0.268
-11.0	-1.261	0.02517	0.023	0.452	0.017	0.995	0.862	-50.115	0.271	0.268
-10.0	-1.171	0.02255	0.021	0.414	0.020	0.994	0.897	-51.962	0.270	0.268
-9.0	-1.073	0.02039	0.019	0.385	0.026	0.994	0.924	-52.622	0.269	0.268
-8.0	-0.967	0.01884	0.017	0.354	0.029	0.993	0.942	-51.322	0.268	0.268
-7.0	-0.855	0.01752	0.015	0.322	0.034	0.993	0.957	-48.784	0.268	0.267
-6.0	-0.738	0.01622	0.013	0.299	0.044	0.993	0.966	-45.511	0.268	0.267
-5.0	-0.619	0.01533	0.011	0.266	0.052	0.992	0.974	-40.365	0.268	0.267
-4.0	-0.497	0.01449	0.009	0.243	0.066	0.992	0.978	-34.311	0.267	0.267
-3.0	-0.374	0.01387	0.006	0.215	0.079	0.991	0.982	-26.957	0.267	0.267
-2.0	-0.250	0.01021	0.004	0.188	0.099	0.991	0.985	-24.475	0.267	0.267
-1.0	-0.125	0.01014	0.002	0.168	0.120	0.991	0.988	-12.350	0.267	0.267
0.0	-0.000	0.01105	-0.000	0.140	0.140	0.990	0.990	-0.000	0.267	0.250
1.0	0.125	0.01014	-0.002	0.120	0.168	0.988	0.991	12.350	0.267	0.267
2.0	0.250	0.01021	-0.004	0.099	0.188	0.985	0.991	24.475	0.267	0.267
3.0	0.374	0.01387	-0.006	0.079	0.215	0.982	0.991	26.957	0.267	0.267
4.0	0.497	0.01449	-0.009	0.066	0.243	0.978	0.992	34.311	0.267	0.267
5.0	0.619	0.01533	-0.011	0.052	0.266	0.974	0.992	40.365	0.268	0.267
6.0	0.738	0.01622	-0.013	0.044	0.299	0.966	0.993	45.511	0.268	0.267
7.0	0.855	0.01752	-0.015	0.034	0.322	0.957	0.993	48.784	0.268	0.267
8.0	0.967	0.01884	-0.017	0.029	0.354	0.942	0.993	51.322	0.268	0.268
9.0	1.073	0.02039	-0.019	0.026	0.385	0.924	0.994	52.622	0.269	0.268
10.0	1.171	0.02255	-0.021	0.020	0.414	0.897	0.994	51.962	0.270	0.268
11.0	1.261	0.02517	-0.023	0.017	0.452	0.862	0.995	50.115	0.271	0.268
12.0	1.341	0.02838	-0.024	0.015	0.483	0.818	0.995	47.248	0.272	0.268
13.0	1.409	0.03287	-0.026	0.013	0.517	0.764	0.995	42.871	0.273	0.268
14.0	1.466	0.03861	-0.027	0.013	0.558	0.704	0.995	37.976	0.276	0.269
15.0	1.510	0.04597	-0.028	0.012	0.597	0.642	0.996	32.848	0.283	0.269
16.0	1.537	0.05548	-0.030	0.011	0.632	0.577	0.996	27.704	0.299	0.269
17.0	1.547	0.06979	-0.030	0.009	0.672	0.497	0.996	22.160	0.363	0.270
18.0	1.549	0.08556	-0.031	0.007	0.712	0.431	0.996	18.105	-0.197	0.270
19.0	1.544	0.10287	-0.032	0.006	0.752	0.375	0.997	15.008	0.190	0.270
20.0	1.531	0.12128	-0.032	0.006	0.780	0.326	0.997	12.626	0.210	0.271

Name = NACA 0018
Mach = 0; Re = 2030000; T.U. = 1.0; T.L. = 1.0
Surface Finish = 2; Stall model = 0; Transition model = 1; Aspect Ratio = 0; ground effect = 0
?	Cl	Cd	Cm 0.25	T.U.	T.L.	S.U.	S.L.	L/D	A.C.	C.P.
[°]	[-]	[-]	[-]	[-]	[-]	[-]	[-]	[-]	[-]	[-]
-20.0	-1.536	0.11699	0.032	0.734	0.005	0.997	0.340	-13.130	0.210	0.271
-19.0	-1.549	0.09878	0.032	0.704	0.006	0.997	0.389	-15.681	0.185	0.271
-18.0	-1.554	0.08238	0.031	0.662	0.006	0.996	0.444	-18.860	-0.664	0.270
-17.0	-1.550	0.06760	0.030	0.621	0.007	0.996	0.508	-22.936	0.353	0.270
-16.0	-1.539	0.05426	0.030	0.584	0.009	0.996	0.583	-28.364	0.302	0.269
-15.0	-1.517	0.04346	0.029	0.553	0.012	0.996	0.662	-34.897	0.283	0.269
-14.0	-1.472	0.03669	0.027	0.512	0.012	0.996	0.722	-40.115	0.276	0.269
-13.0	-1.414	0.03132	0.026	0.476	0.013	0.995	0.780	-45.136	0.273	0.268
-12.0	-1.345	0.02724	0.024	0.451	0.014	0.995	0.831	-49.369	0.272	0.268
-11.0	-1.264	0.02426	0.023	0.412	0.016	0.995	0.872	-52.095	0.271	0.268
-10.0	-1.173	0.02191	0.021	0.383	0.018	0.994	0.905	-53.542	0.270	0.268
-9.0	-1.074	0.01983	0.019	0.354	0.022	0.995	0.929	-54.154	0.269	0.268
-8.0	-0.968	0.01825	0.017	0.322	0.027	0.994	0.946	-53.018	0.268	0.268
-7.0	-0.855	0.01697	0.015	0.301	0.031	0.993	0.960	-50.383	0.268	0.267
-6.0	-0.738	0.01591	0.013	0.269	0.038	0.993	0.968	-46.394	0.268	0.267
-5.0	-0.619	0.01488	0.011	0.251	0.047	0.993	0.976	-41.607	0.268	0.267
-4.0	-0.497	0.01423	0.009	0.218	0.057	0.992	0.979	-34.932	0.267	0.267
-3.0	-0.374	0.01012	0.006	0.196	0.072	0.992	0.983	-36.968	0.267	0.267
-2.0	-0.250	0.00996	0.004	0.172	0.088	0.991	0.986	-25.096	0.267	0.267
-1.0	-0.125	0.00993	0.002	0.147	0.106	0.991	0.989	-12.615	0.267	0.267
0.0	-0.000	0.01075	-0.000	0.130	0.130	0.990	0.990	-0.000	0.267	0.250
1.0	0.125	0.00993	-0.002	0.106	0.147	0.989	0.991	12.615	0.267	0.267
2.0	0.250	0.00996	-0.004	0.088	0.172	0.986	0.991	25.096	0.267	0.267
3.0	0.374	0.01012	-0.006	0.072	0.196	0.983	0.992	36.968	0.267	0.267
4.0	0.497	0.01423	-0.009	0.057	0.218	0.979	0.992	34.932	0.267	0.267
5.0	0.619	0.01488	-0.011	0.047	0.251	0.976	0.993	41.607	0.268	0.267
6.0	0.738	0.01591	-0.013	0.038	0.269	0.968	0.993	46.394	0.268	0.267
7.0	0.855	0.01697	-0.015	0.031	0.301	0.960	0.993	50.383	0.268	0.267
8.0	0.968	0.01825	-0.017	0.027	0.322	0.946	0.994	53.018	0.268	0.268
9.0	1.074	0.01983	-0.019	0.022	0.354	0.929	0.995	54.154	0.269	0.268
10.0	1.173	0.02191	-0.021	0.018	0.383	0.905	0.994	53.542	0.270	0.268
11.0	1.264	0.02426	-0.023	0.016	0.412	0.872	0.995	52.095	0.271	0.268
12.0	1.345	0.02724	-0.024	0.014	0.451	0.831	0.995	49.369	0.272	0.268
13.0	1.414	0.03132	-0.026	0.013	0.476	0.780	0.995	45.136	0.273	0.268
14.0	1.472	0.03669	-0.027	0.012	0.512	0.722	0.996	40.115	0.276	0.269
15.0	1.517	0.04346	-0.029	0.012	0.553	0.662	0.996	34.897	0.283	0.269
16.0	1.539	0.05426	-0.030	0.009	0.584	0.583	0.996	28.364	0.302	0.269
17.0	1.550	0.06760	-0.030	0.007	0.621	0.508	0.996	22.936	0.353	0.270
18.0	1.554	0.08238	-0.031	0.006	0.662	0.444	0.996	18.860	-0.664	0.270
19.0	1.549	0.09878	-0.032	0.006	0.704	0.389	0.997	15.681	0.185	0.271
20.0	1.536	0.11699	-0.032	0.005	0.734	0.340	0.997	13.130	0.210	0.271

Name = NACA 0018
Mach = 0; Re = 2430000; T.U. = 1.0; T.L. = 1.0
Surface Finish = 2; Stall model = 0; Transition model = 1; Aspect Ratio = 0; ground effect = 0
?	Cl	Cd	Cm 0.25	T.U.	T.L.	S.U.	S.L.	L/D	A.C.	C.P.
[°]	[-]	[-]	[-]	[-]	[-]	[-]	[-]	[-]	[-]	[-]
-20.0	-1.540	0.11302	0.032	0.694	0.005	0.997	0.352	-13.630	0.205	0.271
-19.0	-1.553	0.09585	0.032	0.659	0.005	1.000	0.400	-16.200	0.181	0.271
-18.0	-1.558	0.07962	0.031	0.617	0.006	0.997	0.457	-19.568	-0.774	0.270
-17.0	-1.554	0.06559	0.031	0.580	0.006	0.996	0.519	-23.695	0.346	0.270
-16.0	-1.541	0.05312	0.030	0.553	0.008	0.996	0.590	-29.013	0.301	0.269
-15.0	-1.519	0.04244	0.029	0.512	0.010	0.996	0.668	-35.787	0.284	0.269
-14.0	-1.476	0.03517	0.027	0.476	0.012	0.996	0.736	-41.974	0.276	0.269
-13.0	-1.417	0.03021	0.026	0.452	0.012	0.996	0.791	-46.916	0.274	0.268
-12.0	-1.347	0.02637	0.024	0.413	0.013	0.995	0.841	-51.095	0.272	0.268
-11.0	-1.266	0.02356	0.023	0.389	0.015	0.995	0.879	-53.710	0.271	0.268
-10.0	-1.174	0.02135	0.021	0.356	0.016	0.995	0.909	-55.005	0.270	0.268
-9.0	-1.075	0.01944	0.019	0.328	0.020	0.995	0.933	-55.286	0.269	0.268
-8.0	-0.968	0.01775	0.017	0.303	0.026	0.994	0.950	-54.553	0.268	0.268
-7.0	-0.855	0.01661	0.015	0.274	0.029	0.993	0.962	-51.488	0.268	0.267
-6.0	-0.739	0.01553	0.013	0.254	0.034	0.993	0.970	-47.558	0.268	0.267
-5.0	-0.619	0.01459	0.011	0.224	0.044	0.993	0.977	-42.453	0.268	0.267
-4.0	-0.497	0.01388	0.009	0.208	0.052	0.992	0.981	-35.842	0.267	0.267
-3.0	-0.374	0.00996	0.006	0.178	0.068	0.992	0.984	-37.563	0.267	0.267
-2.0	-0.250	0.00979	0.004	0.160	0.079	0.991	0.987	-25.539	0.267	0.267
-1.0	-0.125	0.00973	0.002	0.136	0.099	0.991	0.990	-12.867	0.267	0.267
0.0	-0.000	0.01054	-0.000	0.115	0.115	0.991	0.991	-0.000	0.267	0.250
1.0	0.125	0.00973	-0.002	0.099	0.136	0.990	0.991	12.867	0.267	0.267
2.0	0.250	0.00979	-0.004	0.079	0.160	0.987	0.991	25.539	0.267	0.267
3.0	0.374	0.00996	-0.006	0.068	0.178	0.984	0.992	37.563	0.267	0.267
4.0	0.497	0.01388	-0.009	0.052	0.208	0.981	0.992	35.842	0.267	0.267
5.0	0.619	0.01459	-0.011	0.044	0.224	0.977	0.993	42.453	0.268	0.267
6.0	0.739	0.01553	-0.013	0.034	0.254	0.970	0.993	47.558	0.268	0.267
7.0	0.855	0.01661	-0.015	0.029	0.274	0.962	0.993	51.488	0.268	0.267
8.0	0.968	0.01775	-0.017	0.026	0.303	0.950	0.994	54.553	0.268	0.268
9.0	1.075	0.01944	-0.019	0.020	0.328	0.933	0.995	55.286	0.269	0.268
10.0	1.174	0.02135	-0.021	0.016	0.356	0.909	0.995	55.005	0.270	0.268
11.0	1.266	0.02356	-0.023	0.015	0.389	0.879	0.995	53.710	0.271	0.268
12.0	1.347	0.02637	-0.024	0.013	0.413	0.841	0.995	51.095	0.272	0.268
13.0	1.417	0.03021	-0.026	0.012	0.452	0.791	0.996	46.916	0.274	0.268
14.0	1.476	0.03517	-0.027	0.012	0.476	0.736	0.996	41.974	0.276	0.269
15.0	1.519	0.04244	-0.029	0.010	0.512	0.668	0.996	35.787	0.284	0.269
16.0	1.541	0.05312	-0.030	0.008	0.553	0.590	0.996	29.013	0.301	0.269
17.0	1.554	0.06559	-0.031	0.006	0.580	0.519	0.996	23.695	0.346	0.270
18.0	1.558	0.07962	-0.031	0.006	0.617	0.457	0.997	19.568	-0.761	0.270
19.0	1.553	0.09585	-0.032	0.005	0.659	0.400	0.997	16.200	0.181	0.271
20.0	1.540	0.11302	-0.032	0.005	0.694	0.352	0.997	13.630	0.204	0.271

Name = NACA 0018
Mach = 0; Re = 2830000; T.U. = 1.0; T.L. = 1.0
Surface Finish = 2; Stall model = 0; Transition model = 1; Aspect Ratio = 0; ground effect = 0
?	Cl	Cd	Cm 0.25	T.U.	T.L.	S.U.	S.L.	L/D	A.C.	C.P.
[°]	[-]	[-]	[-]	[-]	[-]	[-]	[-]	[-]	[-]	[-]
-20.0	-1.544	0.10981	0.033	0.659	0.005	0.997	0.363	-14.063	0.204	0.271
-19.0	-1.557	0.09291	0.032	0.618	0.005	1.000	0.411	-16.755	0.176	0.271
-18.0	-1.561	0.07760	0.031	0.581	0.005	0.997	0.466	-20.120	-1.881	0.270
-17.0	-1.557	0.06373	0.031	0.555	0.006	0.997	0.529	-24.438	0.345	0.270
-16.0	-1.544	0.05186	0.030	0.513	0.007	0.996	0.597	-29.769	0.300	0.269
-15.0	-1.519	0.04203	0.029	0.482	0.008	0.996	0.671	-36.153	0.284	0.269
-14.0	-1.480	0.03399	0.028	0.454	0.011	0.996	0.748	-43.530	0.277	0.269
-13.0	-1.420	0.02931	0.026	0.418	0.012	0.996	0.801	-48.447	0.274	0.268
-12.0	-1.349	0.02559	0.025	0.398	0.013	0.996	0.848	-52.739	0.272	0.268
-11.0	-1.267	0.02298	0.023	0.361	0.014	0.996	0.885	-55.151	0.271	0.268
-10.0	-1.175	0.02082	0.021	0.341	0.015	0.995	0.913	-56.442	0.270	0.268
-9.0	-1.076	0.01906	0.019	0.308	0.018	0.995	0.936	-56.415	0.269	0.268
-8.0	-0.969	0.01742	0.017	0.286	0.024	0.994	0.953	-55.630	0.268	0.268
-7.0	-0.856	0.01623	0.015	0.260	0.028	0.994	0.963	-52.720	0.268	0.267
-6.0	-0.739	0.01523	0.013	0.234	0.031	0.993	0.972	-48.510	0.268	0.267
-5.0	-0.619	0.01433	0.011	0.213	0.041	0.993	0.978	-43.221	0.268	0.267
-4.0	-0.497	0.01364	0.009	0.187	0.048	0.993	0.981	-36.455	0.267	0.267
-3.0	-0.374	0.00980	0.006	0.170	0.060	0.992	0.985	-38.205	0.267	0.267
-2.0	-0.250	0.00973	0.004	0.144	0.073	0.991	0.987	-25.713	0.267	0.267
-1.0	-0.125	0.01051	0.002	0.130	0.092	0.991	0.990	-11.921	0.267	0.267
0.0	-0.000	0.01052	-0.000	0.106	0.106	0.991	0.991	-0.000	0.267	0.250
1.0	0.125	0.01051	-0.002	0.092	0.130	0.990	0.991	11.921	0.267	0.267
2.0	0.250	0.00973	-0.004	0.073	0.144	0.987	0.991	25.713	0.267	0.267
3.0	0.374	0.00980	-0.006	0.060	0.170	0.985	0.992	38.205	0.267	0.267
4.0	0.497	0.01364	-0.009	0.048	0.187	0.981	0.993	36.455	0.267	0.267
5.0	0.619	0.01433	-0.011	0.041	0.213	0.978	0.993	43.221	0.268	0.267
6.0	0.739	0.01523	-0.013	0.031	0.234	0.972	0.993	48.510	0.268	0.267
7.0	0.856	0.01623	-0.015	0.028	0.260	0.963	0.994	52.720	0.268	0.267
8.0	0.969	0.01742	-0.017	0.024	0.286	0.953	0.994	55.630	0.268	0.268
9.0	1.076	0.01906	-0.019	0.018	0.308	0.936	0.995	56.415	0.269	0.268
10.0	1.175	0.02082	-0.021	0.015	0.341	0.913	0.995	56.442	0.270	0.268
11.0	1.267	0.02298	-0.023	0.014	0.361	0.885	0.996	55.151	0.271	0.268
12.0	1.349	0.02559	-0.025	0.013	0.398	0.848	0.996	52.739	0.272	0.268
13.0	1.420	0.02931	-0.026	0.012	0.418	0.801	0.996	48.447	0.274	0.268
14.0	1.480	0.03399	-0.028	0.011	0.454	0.748	0.996	43.530	0.277	0.269
15.0	1.519	0.04203	-0.029	0.008	0.482	0.671	0.996	36.153	0.284	0.269
16.0	1.544	0.05186	-0.030	0.007	0.513	0.597	0.996	29.769	0.300	0.269
17.0	1.557	0.06373	-0.031	0.006	0.555	0.529	0.997	24.438	0.345	0.270
18.0	1.561	0.07760	-0.031	0.005	0.581	0.466	0.997	20.120	-1.856	0.270
19.0	1.557	0.09291	-0.032	0.005	0.618	0.411	0.997	16.755	0.176	0.271
20.0	1.544	0.10981	-0.033	0.005	0.659	0.363	0.997	14.063	0.203	0.271

Name = NACA 0018
Mach = 0; Re = 3230000; T.U. = 1.0; T.L. = 1.0
Surface Finish = 2; Stall model = 0; Transition model = 1; Aspect Ratio = 0; ground effect = 0
?	Cl	Cd	Cm 0.25	T.U.	T.L.	S.U.	S.L.	L/D	A.C.	C.P.
[°]	[-]	[-]	[-]	[-]	[-]	[-]	[-]	[-]	[-]	[-]
-20.0	-1.547	0.10737	0.033	0.621	0.004	0.997	0.372	-14.411	0.204	0.271
-19.0	-1.560	0.09077	0.032	0.589	0.005	1.000	0.421	-17.187	0.175	0.271
-18.0	-1.565	0.07547	0.032	0.558	0.005	0.997	0.476	-20.732	-1.631	0.270
-17.0	-1.561	0.06194	0.031	0.519	0.005	0.997	0.539	-25.197	0.344	0.270
-16.0	-1.546	0.05061	0.030	0.493	0.006	0.997	0.605	-30.552	0.300	0.269
-15.0	-1.521	0.04139	0.029	0.458	0.007	0.996	0.674	-36.737	0.284	0.269
-14.0	-1.481	0.03343	0.028	0.427	0.010	0.996	0.752	-44.308	0.277	0.269
-13.0	-1.423	0.02842	0.026	0.403	0.012	0.996	0.810	-50.059	0.274	0.268
-12.0	-1.351	0.02502	0.025	0.369	0.013	0.996	0.855	-54.012	0.272	0.268
-11.0	-1.268	0.02246	0.023	0.350	0.013	0.996	0.890	-56.477	0.271	0.268
-10.0	-1.176	0.02046	0.021	0.316	0.014	0.995	0.917	-57.484	0.270	0.268
-9.0	-1.076	0.01874	0.019	0.299	0.016	0.995	0.938	-57.408	0.269	0.268
-8.0	-0.969	0.01720	0.017	0.266	0.022	0.994	0.955	-56.361	0.268	0.268
-7.0	-0.856	0.01588	0.015	0.252	0.027	0.994	0.965	-53.895	0.268	0.267
-6.0	-0.739	0.01503	0.013	0.220	0.030	0.993	0.973	-49.158	0.268	0.267
-5.0	-0.619	0.01410	0.011	0.207	0.036	0.993	0.978	-43.936	0.268	0.267
-4.0	-0.497	0.01347	0.009	0.177	0.046	0.993	0.982	-36.926	0.267	0.267
-3.0	-0.374	0.00964	0.006	0.160	0.055	0.992	0.985	-38.820	0.267	0.267
-2.0	-0.250	0.00950	0.004	0.136	0.070	0.992	0.989	-26.330	0.267	0.267
-1.0	-0.125	0.01042	0.002	0.118	0.082	0.991	0.990	-12.016	0.267	0.267
0.0	-0.000	0.01028	-0.000	0.101	0.101	0.991	0.991	-0.000	0.267	0.250
1.0	0.125	0.01042	-0.002	0.082	0.118	0.990	0.991	12.016	0.267	0.267
2.0	0.250	0.00950	-0.004	0.070	0.136	0.989	0.992	26.330	0.267	0.267
3.0	0.374	0.00964	-0.006	0.055	0.160	0.985	0.992	38.820	0.267	0.267
4.0	0.497	0.01347	-0.009	0.046	0.177	0.982	0.993	36.926	0.267	0.267
5.0	0.619	0.01410	-0.011	0.036	0.207	0.978	0.993	43.936	0.268	0.267
6.0	0.739	0.01503	-0.013	0.030	0.220	0.973	0.993	49.158	0.268	0.267
7.0	0.856	0.01588	-0.015	0.027	0.252	0.965	0.994	53.895	0.268	0.267
8.0	0.969	0.01720	-0.017	0.022	0.266	0.955	0.994	56.361	0.268	0.268
9.0	1.076	0.01874	-0.019	0.016	0.299	0.938	0.995	57.408	0.269	0.268
10.0	1.176	0.02046	-0.021	0.014	0.316	0.917	0.995	57.484	0.270	0.268
11.0	1.268	0.02246	-0.023	0.013	0.350	0.890	0.996	56.477	0.271	0.268
12.0	1.351	0.02502	-0.025	0.013	0.369	0.855	0.996	54.012	0.272	0.268
13.0	1.423	0.02842	-0.026	0.012	0.403	0.810	0.996	50.059	0.274	0.268
14.0	1.481	0.03343	-0.028	0.010	0.427	0.752	0.996	44.308	0.277	0.269
15.0	1.521	0.04139	-0.029	0.007	0.458	0.674	0.996	36.737	0.284	0.269
16.0	1.546	0.05061	-0.030	0.006	0.493	0.605	0.997	30.552	0.300	0.269
17.0	1.561	0.06194	-0.031	0.005	0.519	0.539	0.997	25.197	0.344	0.270
18.0	1.565	0.07547	-0.032	0.005	0.558	0.476	0.997	20.732	-1.609	0.270
19.0	1.560	0.09077	-0.032	0.005	0.589	0.421	0.997	17.187	0.175	0.271
20.0	1.547	0.10737	-0.033	0.004	0.621	0.372	0.997	14.411	0.202	0.271

Name = NACA 0018
Mach = 0; Re = 3630000; T.U. = 1.0; T.L. = 1.0
Surface Finish = 2; Stall model = 0; Transition model = 1; Aspect Ratio = 0; ground effect = 0
?	Cl	Cd	Cm 0.25	T.U.	T.L.	S.U.	S.L.	L/D	A.C.	C.P.
[°]	[-]	[-]	[-]	[-]	[-]	[-]	[-]	[-]	[-]	[-]
-20.0	-1.551	0.10445	0.033	0.603	0.004	1.000	0.381	-14.847	0.203	0.271
-19.0	-1.564	0.08823	0.032	0.562	0.005	1.000	0.431	-17.725	0.168	0.271
-18.0	-1.568	0.07380	0.032	0.528	0.005	0.997	0.484	-21.242	21.377	0.270
-17.0	-1.564	0.06042	0.031	0.504	0.005	0.997	0.547	-25.880	0.343	0.270
-16.0	-1.549	0.04965	0.030	0.465	0.005	0.997	0.612	-31.193	0.300	0.269
-15.0	-1.522	0.04078	0.029	0.445	0.006	0.996	0.679	-37.332	0.284	0.269
-14.0	-1.481	0.03334	0.028	0.408	0.008	0.996	0.752	-44.433	0.277	0.269
-13.0	-1.425	0.02776	0.026	0.383	0.011	0.996	0.817	-51.317	0.274	0.268
-12.0	-1.353	0.02440	0.025	0.355	0.013	0.996	0.862	-55.445	0.272	0.268
-11.0	-1.270	0.02202	0.023	0.328	0.013	0.996	0.895	-57.673	0.271	0.268
-10.0	-1.177	0.02005	0.021	0.304	0.014	0.995	0.921	-58.700	0.270	0.268
-9.0	-1.076	0.01843	0.019	0.279	0.015	0.995	0.940	-58.394	0.269	0.268
-8.0	-0.970	0.01700	0.017	0.257	0.019	0.994	0.956	-57.035	0.268	0.268
-7.0	-0.856	0.01569	0.015	0.231	0.026	0.994	0.966	-54.566	0.268	0.267
-6.0	-0.739	0.01475	0.013	0.212	0.028	0.994	0.974	-50.127	0.268	0.267
-5.0	-0.620	0.01398	0.011	0.187	0.034	0.993	0.979	-44.321	0.268	0.267
-4.0	-0.498	0.00974	0.009	0.171	0.045	0.993	0.982	-51.075	0.267	0.267
-3.0	-0.374	0.00959	0.006	0.146	0.051	0.992	0.986	-39.040	0.267	0.267
-2.0	-0.250	0.00941	0.004	0.132	0.068	0.992	0.989	-26.587	0.267	0.267
-1.0	-0.125	0.01031	0.002	0.109	0.077	0.991	0.990	-12.152	0.267	0.267
0.0	-0.000	0.01023	-0.000	0.098	0.098	0.991	0.991	-0.000	0.267	0.250
1.0	0.125	0.01031	-0.002	0.077	0.109	0.990	0.991	12.152	0.267	0.267
2.0	0.250	0.00941	-0.004	0.068	0.132	0.989	0.992	26.587	0.267	0.267
3.0	0.374	0.00959	-0.006	0.051	0.146	0.986	0.992	39.040	0.267	0.267
4.0	0.498	0.00974	-0.009	0.045	0.171	0.982	0.993	51.075	0.267	0.267
5.0	0.620	0.01398	-0.011	0.034	0.187	0.979	0.993	44.321	0.268	0.267
6.0	0.739	0.01475	-0.013	0.028	0.212	0.974	0.994	50.127	0.268	0.267
7.0	0.856	0.01569	-0.015	0.026	0.231	0.966	0.994	54.566	0.268	0.267
8.0	0.970	0.01700	-0.017	0.019	0.257	0.956	0.994	57.035	0.268	0.268
9.0	1.076	0.01843	-0.019	0.015	0.279	0.940	0.995	58.394	0.269	0.268
10.0	1.177	0.02005	-0.021	0.014	0.304	0.921	0.995	58.700	0.270	0.268
11.0	1.270	0.02202	-0.023	0.013	0.328	0.895	0.996	57.673	0.271	0.268
12.0	1.353	0.02440	-0.025	0.013	0.355	0.862	0.996	55.445	0.272	0.268
13.0	1.425	0.02776	-0.026	0.011	0.383	0.817	0.996	51.317	0.274	0.268
14.0	1.481	0.03334	-0.028	0.008	0.408	0.752	0.996	44.433	0.277	0.269
15.0	1.522	0.04078	-0.029	0.006	0.445	0.679	0.996	37.332	0.284	0.269
16.0	1.549	0.04965	-0.030	0.005	0.465	0.612	0.997	31.193	0.300	0.269
17.0	1.564	0.06042	-0.031	0.005	0.504	0.547	0.997	25.880	0.343	0.270
18.0	1.568	0.07380	-0.032	0.005	0.528	0.484	0.997	21.242	21.140	0.270
19.0	1.564	0.08823	-0.032	0.005	0.562	0.431	0.997	17.725	0.169	0.271
20.0	1.551	0.10445	-0.033	0.004	0.603	0.381	0.998	14.847	0.203	0.271

Name = NACA 0018
Mach = 0; Re = 4030000; T.U. = 1.0; T.L. = 1.0
Surface Finish = 2; Stall model = 0; Transition model = 1; Aspect Ratio = 0; ground effect = 0
?	Cl	Cd	Cm 0.25	T.U.	T.L.	S.U.	S.L.	L/D	A.C.	C.P.
[°]	[-]	[-]	[-]	[-]	[-]	[-]	[-]	[-]	[-]	[-]
-20.0	-1.553	0.10286	0.033	0.570	0.004	1.000	0.388	-15.098	0.202	0.271
-19.0	-1.566	0.08662	0.033	0.543	0.004	1.000	0.438	-18.078	0.173	0.271
-18.0	-1.571	0.07186	0.032	0.509	0.005	0.997	0.493	-21.858	-3.222	0.270
-17.0	-1.566	0.05915	0.031	0.476	0.005	0.997	0.555	-26.484	0.343	0.270
-16.0	-1.551	0.04853	0.030	0.453	0.005	0.997	0.620	-31.970	0.299	0.269
-15.0	-1.524	0.04007	0.029	0.417	0.005	0.997	0.684	-38.030	0.284	0.269
-14.0	-1.482	0.03294	0.028	0.399	0.007	0.996	0.755	-44.996	0.277	0.269
-13.0	-1.427	0.02715	0.026	0.363	0.011	0.996	0.824	-52.548	0.274	0.268
-12.0	-1.354	0.02397	0.025	0.348	0.012	0.996	0.867	-56.509	0.272	0.268
-11.0	-1.271	0.02162	0.023	0.312	0.013	0.996	0.899	-58.785	0.271	0.268
-10.0	-1.178	0.01974	0.021	0.298	0.013	0.995	0.924	-59.668	0.270	0.268
-9.0	-1.077	0.01817	0.019	0.265	0.015	0.995	0.942	-59.255	0.269	0.268
-8.0	-0.970	0.01671	0.017	0.252	0.018	0.995	0.958	-58.062	0.268	0.268
-7.0	-0.857	0.01541	0.015	0.220	0.025	0.994	0.968	-55.586	0.268	0.267
-6.0	-0.739	0.01455	0.013	0.208	0.027	0.994	0.976	-50.809	0.268	0.267
-5.0	-0.620	0.01377	0.011	0.178	0.032	0.993	0.979	-45.008	0.268	0.267
-4.0	-0.498	0.00958	0.009	0.167	0.044	0.993	0.983	-51.943	0.267	0.267
-3.0	-0.374	0.00943	0.006	0.139	0.049	0.993	0.986	-39.697	0.267	0.267
-2.0	-0.250	0.00931	0.004	0.129	0.062	0.992	0.989	-26.879	0.267	0.267
-1.0	-0.125	0.01008	0.002	0.104	0.073	0.992	0.991	-12.421	0.267	0.267
0.0	-0.000	0.01003	-0.000	0.092	0.092	0.991	0.991	-0.000	0.267	0.250
1.0	0.125	0.01008	-0.002	0.073	0.104	0.991	0.992	12.421	0.267	0.267
2.0	0.250	0.00931	-0.004	0.062	0.129	0.989	0.992	26.879	0.267	0.267
3.0	0.374	0.00943	-0.006	0.049	0.139	0.986	0.993	39.697	0.267	0.267
4.0	0.498	0.00958	-0.009	0.044	0.167	0.983	0.993	51.943	0.267	0.267
5.0	0.620	0.01377	-0.011	0.032	0.178	0.979	0.993	45.008	0.268	0.267
6.0	0.739	0.01455	-0.013	0.027	0.208	0.976	0.994	50.809	0.268	0.267
7.0	0.857	0.01541	-0.015	0.025	0.220	0.968	0.994	55.586	0.268	0.267
8.0	0.970	0.01671	-0.017	0.018	0.252	0.958	0.995	58.062	0.268	0.268
9.0	1.077	0.01817	-0.019	0.015	0.265	0.942	0.995	59.255	0.269	0.268
10.0	1.178	0.01974	-0.021	0.013	0.298	0.924	0.995	59.668	0.270	0.268
11.0	1.271	0.02162	-0.023	0.013	0.312	0.899	0.996	58.785	0.271	0.268
12.0	1.354	0.02397	-0.025	0.012	0.348	0.867	0.996	56.509	0.272	0.268
13.0	1.427	0.02715	-0.026	0.011	0.363	0.824	0.996	52.548	0.274	0.268
14.0	1.482	0.03294	-0.028	0.007	0.399	0.755	0.996	44.996	0.277	0.269
15.0	1.524	0.04007	-0.029	0.005	0.417	0.684	0.997	38.030	0.284	0.269
16.0	1.551	0.04853	-0.030	0.005	0.453	0.620	0.997	31.970	0.299	0.269
17.0	1.566	0.05915	-0.031	0.005	0.476	0.555	0.997	26.484	0.343	0.270
18.0	1.571	0.07186	-0.032	0.005	0.509	0.493	0.997	21.858	-3.184	0.270
19.0	1.566	0.08662	-0.033	0.004	0.543	0.438	0.997	18.078	0.174	0.271
20.0	1.553	0.10286	-0.033	0.004	0.570	0.388	0.998	15.098	0.202	0.271

Name = NACA 0018
Mach = 0; Re = 4430000; T.U. = 1.0; T.L. = 1.0
Surface Finish = 2; Stall model = 0; Transition model = 1; Aspect Ratio = 0; ground effect = 0
?	Cl	Cd	Cm 0.25	T.U.	T.L.	S.U.	S.L.	L/D	A.C.	C.P.
[°]	[-]	[-]	[-]	[-]	[-]	[-]	[-]	[-]	[-]	[-]
-20.0	-1.556	0.10075	0.033	0.556	0.004	1.000	0.395	-15.439	0.204	0.271
-19.0	-1.569	0.08470	0.033	0.518	0.004	1.000	0.446	-18.524	0.169	0.271
-18.0	-1.573	0.07068	0.032	0.499	0.004	0.997	0.499	-22.252	8.103	0.270
-17.0	-1.569	0.05802	0.031	0.460	0.005	0.997	0.562	-27.039	0.344	0.270
-16.0	-1.554	0.04757	0.030	0.434	0.005	0.997	0.627	-32.661	0.300	0.269
-15.0	-1.526	0.03934	0.029	0.406	0.005	0.997	0.691	-38.794	0.284	0.269
-14.0	-1.483	0.03252	0.028	0.378	0.006	0.996	0.759	-45.613	0.277	0.269
-13.0	-1.427	0.02714	0.026	0.354	0.009	0.996	0.823	-52.577	0.274	0.268
-12.0	-1.356	0.02357	0.025	0.326	0.012	0.996	0.871	-57.521	0.272	0.268
-11.0	-1.272	0.02125	0.023	0.304	0.013	0.996	0.903	-59.838	0.271	0.268
-10.0	-1.178	0.01943	0.021	0.279	0.013	0.996	0.926	-60.642	0.270	0.268
-9.0	-1.077	0.01792	0.019	0.258	0.014	0.996	0.944	-60.113	0.269	0.268
-8.0	-0.970	0.01655	0.017	0.235	0.016	0.995	0.959	-58.603	0.268	0.268
-7.0	-0.857	0.01526	0.015	0.213	0.024	0.994	0.969	-56.131	0.268	0.267
-6.0	-0.740	0.01436	0.013	0.194	0.027	0.994	0.976	-51.507	0.268	0.267
-5.0	-0.620	0.01360	0.011	0.172	0.030	0.993	0.980	-45.577	0.268	0.267
-4.0	-0.498	0.00953	0.009	0.153	0.039	0.993	0.983	-52.234	0.267	0.267
-3.0	-0.374	0.00935	0.006	0.135	0.047	0.993	0.987	-40.044	0.267	0.267
-2.0	-0.250	0.00928	0.004	0.116	0.057	0.992	0.990	-26.958	0.267	0.267
-1.0	-0.125	0.01005	0.002	0.101	0.071	0.992	0.991	-12.461	0.267	0.267
0.0	-0.000	0.01005	-0.000	0.083	0.083	0.991	0.991	-0.000	0.267	0.250
1.0	0.125	0.01005	-0.002	0.071	0.101	0.991	0.992	12.461	0.267	0.267
2.0	0.250	0.00928	-0.004	0.057	0.116	0.990	0.992	26.958	0.267	0.267
3.0	0.374	0.00935	-0.006	0.047	0.135	0.987	0.993	40.044	0.267	0.267
4.0	0.498	0.00953	-0.009	0.039	0.153	0.983	0.993	52.234	0.267	0.267
5.0	0.620	0.01360	-0.011	0.030	0.172	0.980	0.993	45.577	0.268	0.267
6.0	0.740	0.01436	-0.013	0.027	0.194	0.976	0.994	51.507	0.268	0.267
7.0	0.857	0.01526	-0.015	0.024	0.213	0.969	0.994	56.131	0.268	0.267
8.0	0.970	0.01655	-0.017	0.016	0.235	0.959	0.995	58.603	0.268	0.268
9.0	1.077	0.01792	-0.019	0.014	0.258	0.944	0.996	60.113	0.269	0.268
10.0	1.178	0.01943	-0.021	0.013	0.279	0.926	0.996	60.642	0.270	0.268
11.0	1.272	0.02125	-0.023	0.013	0.304	0.903	0.996	59.838	0.271	0.268
12.0	1.356	0.02357	-0.025	0.012	0.326	0.871	0.996	57.521	0.272	0.268
13.0	1.427	0.02714	-0.026	0.009	0.354	0.823	0.996	52.577	0.274	0.268
14.0	1.483	0.03252	-0.028	0.006	0.378	0.759	0.996	45.613	0.277	0.269
15.0	1.526	0.03934	-0.029	0.005	0.406	0.691	0.997	38.794	0.284	0.269
16.0	1.554	0.04757	-0.030	0.005	0.434	0.627	0.997	32.661	0.300	0.269
17.0	1.569	0.05802	-0.031	0.005	0.460	0.562	0.997	27.039	0.344	0.270
18.0	1.573	0.07068	-0.032	0.004	0.499	0.499	0.997	22.252	8.019	0.270
19.0	1.569	0.08470	-0.033	0.004	0.518	0.446	0.997	18.524	0.170	0.271
20.0	1.556	0.10075	-0.033	0.004	0.556	0.395	0.998	15.439	0.204	0.271

Name = NACA 0018
Mach = 0; Re = 4830000; T.U. = 1.0; T.L. = 1.0
Surface Finish = 2; Stall model = 0; Transition model = 1; Aspect Ratio = 0; ground effect = 0
?	Cl	Cd	Cm 0.25	T.U.	T.L.	S.U.	S.L.	L/D	A.C.	C.P.
[°]	[-]	[-]	[-]	[-]	[-]	[-]	[-]	[-]	[-]	[-]
-20.0	-1.558	0.09870	0.033	0.533	0.004	1.000	0.403	-15.789	0.194	0.271
-19.0	-1.571	0.08350	0.033	0.506	0.004	1.000	0.451	-18.809	0.169	0.271
-18.0	-1.576	0.06905	0.032	0.471	0.004	1.000	0.508	-22.822	-1.181	0.270
-17.0	-1.572	0.05666	0.031	0.452	0.005	0.997	0.570	-27.740	0.346	0.270
-16.0	-1.556	0.04648	0.030	0.415	0.005	0.997	0.635	-33.484	0.299	0.269
-15.0	-1.528	0.03866	0.029	0.399	0.005	0.997	0.697	-39.518	0.284	0.269
-14.0	-1.484	0.03207	0.028	0.362	0.006	0.997	0.763	-46.282	0.277	0.269
-13.0	-1.427	0.02690	0.026	0.348	0.008	0.996	0.825	-53.058	0.274	0.268
-12.0	-1.357	0.02319	0.025	0.313	0.012	0.996	0.875	-58.503	0.272	0.268
-11.0	-1.273	0.02097	0.023	0.299	0.012	0.996	0.906	-60.694	0.271	0.268
-10.0	-1.179	0.01920	0.021	0.267	0.013	0.996	0.929	-61.399	0.270	0.268
-9.0	-1.078	0.01771	0.019	0.254	0.013	0.996	0.946	-60.859	0.269	0.268
-8.0	-0.970	0.01643	0.017	0.223	0.016	0.995	0.960	-59.053	0.268	0.268
-7.0	-0.857	0.01517	0.015	0.209	0.021	0.994	0.969	-56.474	0.268	0.267
-6.0	-0.740	0.01423	0.013	0.182	0.026	0.994	0.977	-51.988	0.268	0.267
-5.0	-0.620	0.01339	0.011	0.169	0.029	0.994	0.981	-46.277	0.268	0.267
-4.0	-0.498	0.00948	0.009	0.144	0.036	0.993	0.984	-52.524	0.267	0.267
-3.0	-0.374	0.00919	0.006	0.132	0.046	0.993	0.987	-40.744	0.267	0.267
-2.0	-0.250	0.01006	0.004	0.109	0.053	0.992	0.990	-24.876	0.267	0.267
-1.0	-0.125	0.00993	0.002	0.099	0.069	0.992	0.991	-12.614	0.267	0.267
0.0	-0.000	0.00985	-0.000	0.078	0.078	0.991	0.991	-0.000	0.267	0.250
1.0	0.125	0.00993	-0.002	0.069	0.099	0.991	0.992	12.614	0.267	0.267
2.0	0.250	0.01006	-0.004	0.053	0.109	0.990	0.992	24.876	0.267	0.267
3.0	0.374	0.00919	-0.006	0.046	0.132	0.987	0.993	40.744	0.267	0.267
4.0	0.498	0.00948	-0.009	0.036	0.144	0.984	0.993	52.524	0.267	0.267
5.0	0.620	0.01339	-0.011	0.029	0.169	0.981	0.994	46.277	0.268	0.267
6.0	0.740	0.01423	-0.013	0.026	0.182	0.977	0.994	51.988	0.268	0.267
7.0	0.857	0.01517	-0.015	0.021	0.209	0.969	0.994	56.474	0.268	0.267
8.0	0.970	0.01643	-0.017	0.016	0.223	0.960	0.995	59.053	0.268	0.268
9.0	1.078	0.01771	-0.019	0.013	0.254	0.946	0.996	60.859	0.269	0.268
10.0	1.179	0.01920	-0.021	0.013	0.267	0.929	0.996	61.399	0.270	0.268
11.0	1.273	0.02097	-0.023	0.012	0.299	0.906	0.996	60.694	0.271	0.268
12.0	1.357	0.02319	-0.025	0.012	0.313	0.875	0.996	58.503	0.272	0.268
13.0	1.427	0.02690	-0.026	0.008	0.348	0.825	0.996	53.058	0.274	0.268
14.0	1.484	0.03207	-0.028	0.006	0.362	0.763	0.997	46.282	0.277	0.269
15.0	1.528	0.03866	-0.029	0.005	0.399	0.697	0.997	39.518	0.284	0.269
16.0	1.556	0.04648	-0.030	0.005	0.415	0.635	0.997	33.484	0.299	0.269
17.0	1.572	0.05666	-0.031	0.005	0.452	0.570	0.997	27.740	0.345	0.270
18.0	1.576	0.06905	-0.032	0.004	0.471	0.508	0.998	22.822	-1.166	0.270
19.0	1.571	0.08350	-0.033	0.004	0.506	0.451	0.997	18.809	0.169	0.271
20.0	1.558	0.09870	-0.033	0.004	0.533	0.403	0.998	15.789	0.194	0.271

Name = NACA 0018
Mach = 0; Re = 5230000; T.U. = 1.0; T.L. = 1.0
Surface Finish = 2; Stall model = 0; Transition model = 1; Aspect Ratio = 0; ground effect = 0
?	Cl	Cd	Cm 0.25	T.U.	T.L.	S.U.	S.L.	L/D	A.C.	C.P.
[°]	[-]	[-]	[-]	[-]	[-]	[-]	[-]	[-]	[-]	[-]
-20.0	-1.560	0.09764	0.033	0.515	0.004	1.000	0.407	-15.975	0.203	0.271
-19.0	-1.573	0.08181	0.033	0.495	0.004	1.000	0.458	-19.232	0.170	0.271
-18.0	-1.577	0.06815	0.032	0.460	0.004	1.000	0.512	-23.146	-23.445	0.270
-17.0	-1.573	0.05585	0.031	0.434	0.004	0.997	0.575	-28.169	0.346	0.270
-16.0	-1.558	0.04575	0.030	0.406	0.005	0.997	0.640	-34.060	0.300	0.269
-15.0	-1.530	0.03805	0.029	0.381	0.005	0.997	0.702	-40.196	0.284	0.269
-14.0	-1.486	0.03167	0.028	0.354	0.005	0.997	0.767	-46.909	0.277	0.269
-13.0	-1.428	0.02676	0.026	0.332	0.007	0.996	0.827	-53.355	0.274	0.268
-12.0	-1.358	0.02285	0.025	0.306	0.012	0.996	0.879	-59.420	0.272	0.268
-11.0	-1.273	0.02064	0.023	0.288	0.012	0.996	0.909	-61.687	0.271	0.268
-10.0	-1.180	0.01896	0.021	0.260	0.013	0.996	0.931	-62.223	0.270	0.268
-9.0	-1.078	0.01749	0.019	0.248	0.013	0.996	0.948	-61.647	0.269	0.268
-8.0	-0.970	0.01622	0.017	0.216	0.015	0.995	0.961	-59.844	0.268	0.268
-7.0	-0.857	0.01502	0.015	0.207	0.019	0.995	0.970	-57.051	0.268	0.267
-6.0	-0.740	0.01408	0.013	0.176	0.025	0.994	0.977	-52.521	0.268	0.267
-5.0	-0.620	0.01325	0.011	0.167	0.028	0.994	0.981	-46.773	0.268	0.267
-4.0	-0.498	0.00934	0.009	0.139	0.034	0.993	0.985	-53.278	0.267	0.267
-3.0	-0.374	0.00911	0.006	0.130	0.045	0.993	0.988	-41.091	0.267	0.267
-2.0	-0.250	0.01005	0.004	0.105	0.050	0.992	0.990	-24.907	0.267	0.267
-1.0	-0.125	0.00980	0.002	0.097	0.068	0.992	0.991	-12.784	0.267	0.267
0.0	-0.000	0.00984	-0.000	0.075	0.075	0.991	0.991	-0.000	0.267	0.250
1.0	0.125	0.00980	-0.002	0.068	0.097	0.991	0.992	12.784	0.267	0.267
2.0	0.250	0.01005	-0.004	0.050	0.105	0.990	0.992	24.907	0.267	0.267
3.0	0.374	0.00911	-0.006	0.045	0.130	0.988	0.993	41.091	0.267	0.267
4.0	0.498	0.00934	-0.009	0.034	0.139	0.985	0.993	53.278	0.267	0.267
5.0	0.620	0.01325	-0.011	0.028	0.167	0.981	0.994	46.773	0.268	0.267
6.0	0.740	0.01408	-0.013	0.025	0.176	0.977	0.994	52.521	0.268	0.267
7.0	0.857	0.01502	-0.015	0.019	0.207	0.970	0.995	57.051	0.268	0.267
8.0	0.970	0.01622	-0.017	0.015	0.216	0.961	0.995	59.844	0.268	0.268
9.0	1.078	0.01749	-0.019	0.013	0.248	0.948	0.996	61.647	0.269	0.268
10.0	1.180	0.01896	-0.021	0.013	0.260	0.931	0.996	62.223	0.270	0.268
11.0	1.273	0.02064	-0.023	0.012	0.288	0.909	0.996	61.687	0.271	0.268
12.0	1.358	0.02285	-0.025	0.012	0.306	0.879	0.996	59.420	0.272	0.268
13.0	1.428	0.02676	-0.026	0.007	0.332	0.827	0.996	53.355	0.274	0.268
14.0	1.486	0.03167	-0.028	0.005	0.354	0.767	0.997	46.909	0.277	0.269
15.0	1.530	0.03805	-0.029	0.005	0.381	0.702	0.997	40.196	0.284	0.269
16.0	1.558	0.04575	-0.030	0.005	0.406	0.640	0.997	34.060	0.300	0.269
17.0	1.573	0.05585	-0.031	0.004	0.434	0.575	0.997	28.169	0.346	0.270
18.0	1.577	0.06815	-0.032	0.004	0.460	0.512	0.998	23.146	-23.197	0.270
19.0	1.573	0.08181	-0.033	0.004	0.495	0.458	0.997	19.232	0.170	0.271
20.0	1.560	0.09764	-0.033	0.004	0.515	0.407	0.998	15.975	0.203	0.271

Name = NACA 0018
Mach = 0; Re = 5630000; T.U. = 1.0; T.L. = 1.0
Surface Finish = 2; Stall model = 0; Transition model = 1; Aspect Ratio = 0; ground effect = 0
?	Cl	Cd	Cm 0.25	T.U.	T.L.	S.U.	S.L.	L/D	A.C.	C.P.
[°]	[-]	[-]	[-]	[-]	[-]	[-]	[-]	[-]	[-]	[-]
-20.0	-1.562	0.09588	0.034	0.506	0.004	1.000	0.413	-16.293	0.203	0.271
-19.0	-1.576	0.08031	0.033	0.471	0.004	1.000	0.466	-19.624	0.169	0.271
-18.0	-1.580	0.06682	0.032	0.452	0.004	1.000	0.520	-23.646	8.963	0.270
-17.0	-1.576	0.05471	0.031	0.417	0.004	1.000	0.582	-28.801	0.346	0.270
-16.0	-1.560	0.04484	0.030	0.401	0.005	0.997	0.647	-34.797	0.300	0.269
-15.0	-1.532	0.03735	0.029	0.365	0.005	0.997	0.708	-41.013	0.284	0.269
-14.0	-1.487	0.03126	0.028	0.349	0.005	0.997	0.771	-47.571	0.277	0.269
-13.0	-1.428	0.02658	0.026	0.317	0.006	0.996	0.828	-53.735	0.274	0.268
-12.0	-1.358	0.02275	0.025	0.301	0.010	0.996	0.879	-59.693	0.272	0.268
-11.0	-1.274	0.02040	0.023	0.272	0.012	0.996	0.911	-62.456	0.271	0.268
-10.0	-1.180	0.01871	0.021	0.256	0.012	0.996	0.934	-63.070	0.270	0.268
-9.0	-1.078	0.01729	0.019	0.230	0.013	0.996	0.949	-62.371	0.269	0.268
-8.0	-0.971	0.01606	0.017	0.212	0.014	0.995	0.962	-60.453	0.268	0.268
-7.0	-0.857	0.01492	0.015	0.192	0.018	0.995	0.971	-57.449	0.268	0.267
-6.0	-0.740	0.01387	0.013	0.173	0.025	0.994	0.978	-53.330	0.268	0.267
-5.0	-0.620	0.01323	0.011	0.156	0.027	0.994	0.981	-46.847	0.268	0.267
-4.0	-0.498	0.00927	0.009	0.135	0.032	0.993	0.985	-53.684	0.267	0.267
-3.0	-0.374	0.00911	0.006	0.122	0.044	0.993	0.988	-41.130	0.267	0.267
-2.0	-0.250	0.00991	0.004	0.102	0.049	0.992	0.990	-25.240	0.267	0.267
-1.0	-0.125	0.00971	0.002	0.091	0.065	0.992	0.991	-12.903	0.267	0.267
0.0	-0.000	0.00981	-0.000	0.073	0.073	0.991	0.991	-0.000	0.267	0.250
1.0	0.125	0.00971	-0.002	0.065	0.091	0.991	0.992	12.903	0.267	0.267
2.0	0.250	0.00991	-0.004	0.049	0.102	0.990	0.992	25.240	0.267	0.267
3.0	0.374	0.00911	-0.006	0.044	0.122	0.988	0.993	41.130	0.267	0.267
4.0	0.498	0.00927	-0.009	0.032	0.135	0.985	0.993	53.684	0.267	0.267
5.0	0.620	0.01323	-0.011	0.027	0.156	0.981	0.994	46.847	0.268	0.267
6.0	0.740	0.01387	-0.013	0.025	0.173	0.978	0.994	53.330	0.268	0.267
7.0	0.857	0.01492	-0.015	0.018	0.192	0.971	0.995	57.449	0.268	0.267
8.0	0.971	0.01606	-0.017	0.014	0.212	0.962	0.995	60.453	0.268	0.268
9.0	1.078	0.01729	-0.019	0.013	0.230	0.949	0.996	62.371	0.269	0.268
10.0	1.180	0.01871	-0.021	0.012	0.256	0.934	0.996	63.070	0.270	0.268
11.0	1.274	0.02040	-0.023	0.012	0.272	0.911	0.996	62.456	0.271	0.268
12.0	1.358	0.02275	-0.025	0.010	0.301	0.879	0.996	59.693	0.272	0.268
13.0	1.428	0.02658	-0.026	0.006	0.317	0.828	0.996	53.735	0.274	0.268
14.0	1.487	0.03126	-0.028	0.005	0.349	0.771	0.997	47.571	0.277	0.269
15.0	1.532	0.03735	-0.029	0.005	0.365	0.708	0.997	41.013	0.284	0.269
16.0	1.560	0.04484	-0.030	0.005	0.401	0.647	0.997	34.797	0.300	0.269
17.0	1.576	0.05471	-0.031	0.004	0.417	0.582	0.998	28.801	0.346	0.270
18.0	1.580	0.06682	-0.032	0.004	0.452	0.520	0.998	23.646	8.953	0.270
19.0	1.576	0.08031	-0.033	0.004	0.471	0.466	0.997	19.624	0.169	0.271
20.0	1.562	0.09588	-0.034	0.004	0.506	0.413	0.998	16.293	0.203	0.271

Name = NACA 0018
Mach = 0; Re = 6030000; T.U. = 1.0; T.L. = 1.0
Surface Finish = 2; Stall model = 0; Transition model = 1; Aspect Ratio = 0; ground effect = 0
?	Cl	Cd	Cm 0.25	T.U.	T.L.	S.U.	S.L.	L/D	A.C.	C.P.
[°]	[-]	[-]	[-]	[-]	[-]	[-]	[-]	[-]	[-]	[-]
-20.0	-1.564	0.09430	0.034	0.501	0.004	1.000	0.420	-16.589	0.194	0.272
-19.0	-1.577	0.07952	0.033	0.461	0.004	1.000	0.469	-19.830	0.168	0.271
-18.0	-1.582	0.06575	0.032	0.443	0.004	1.000	0.526	-24.062	-9.432	0.270
-17.0	-1.577	0.05410	0.031	0.408	0.004	1.000	0.586	-29.152	0.344	0.270
-16.0	-1.562	0.04431	0.030	0.392	0.004	0.997	0.651	-35.248	0.300	0.269
-15.0	-1.533	0.03689	0.029	0.357	0.004	0.997	0.712	-41.557	0.284	0.269
-14.0	-1.488	0.03084	0.028	0.346	0.005	0.997	0.775	-48.252	0.277	0.269
-13.0	-1.429	0.02624	0.026	0.310	0.006	0.997	0.832	-54.465	0.274	0.268
-12.0	-1.358	0.02272	0.025	0.298	0.009	0.996	0.879	-59.770	0.272	0.268
-11.0	-1.275	0.02021	0.023	0.264	0.012	0.996	0.913	-63.051	0.271	0.268
-10.0	-1.181	0.01851	0.021	0.253	0.012	0.996	0.935	-63.789	0.270	0.268
-9.0	-1.079	0.01714	0.019	0.222	0.013	0.996	0.951	-62.950	0.269	0.268
-8.0	-0.971	0.01592	0.017	0.209	0.014	0.995	0.962	-60.968	0.268	0.268
-7.0	-0.857	0.01484	0.015	0.183	0.016	0.995	0.972	-57.771	0.268	0.267
-6.0	-0.740	0.01374	0.013	0.170	0.025	0.994	0.978	-53.842	0.268	0.267
-5.0	-0.620	0.00949	0.011	0.146	0.027	0.994	0.982	-65.285	0.268	0.267
-4.0	-0.498	0.00926	0.009	0.133	0.031	0.993	0.985	-53.786	0.267	0.267
-3.0	-0.375	0.00897	0.006	0.114	0.044	0.993	0.989	-41.739	0.267	0.267
-2.0	-0.250	0.00981	0.004	0.100	0.048	0.993	0.990	-25.504	0.267	0.267
-1.0	-0.125	0.00973	0.002	0.084	0.060	0.992	0.991	-12.875	0.267	0.267
0.0	-0.000	0.00961	-0.000	0.071	0.071	0.992	0.992	-0.000	0.267	0.250
1.0	0.125	0.00973	-0.002	0.060	0.084	0.991	0.992	12.875	0.267	0.267
2.0	0.250	0.00981	-0.004	0.048	0.100	0.990	0.993	25.504	0.267	0.267
3.0	0.375	0.00897	-0.006	0.044	0.114	0.989	0.993	41.739	0.267	0.267
4.0	0.498	0.00926	-0.009	0.031	0.133	0.985	0.993	53.786	0.267	0.267
5.0	0.620	0.00949	-0.011	0.027	0.146	0.982	0.994	65.285	0.268	0.267
6.0	0.740	0.01374	-0.013	0.025	0.170	0.978	0.994	53.842	0.268	0.267
7.0	0.857	0.01484	-0.015	0.016	0.183	0.972	0.995	57.771	0.268	0.267
8.0	0.971	0.01592	-0.017	0.014	0.209	0.962	0.995	60.968	0.268	0.268
9.0	1.079	0.01714	-0.019	0.013	0.222	0.951	0.996	62.950	0.269	0.268
10.0	1.181	0.01851	-0.021	0.012	0.253	0.935	0.996	63.789	0.270	0.268
11.0	1.275	0.02021	-0.023	0.012	0.264	0.913	0.996	63.051	0.271	0.268
12.0	1.358	0.02272	-0.025	0.009	0.298	0.879	0.996	59.770	0.272	0.268
13.0	1.429	0.02624	-0.026	0.006	0.310	0.832	0.997	54.465	0.274	0.268
14.0	1.488	0.03084	-0.028	0.005	0.346	0.775	0.997	48.252	0.277	0.269
15.0	1.533	0.03689	-0.029	0.004	0.357	0.712	0.997	41.557	0.284	0.269
16.0	1.562	0.04431	-0.030	0.004	0.392	0.651	0.997	35.248	0.300	0.269
17.0	1.577	0.05410	-0.031	0.004	0.408	0.586	0.998	29.152	0.343	0.270
18.0	1.582	0.06575	-0.032	0.004	0.443	0.526	0.998	24.062	-9.422	0.270
19.0	1.577	0.07952	-0.033	0.004	0.461	0.469	0.997	19.830	0.168	0.271
20.0	1.564	0.09430	-0.034	0.004	0.501	0.420	0.998	16.589	0.194	0.272

Name = NACA 0018
Mach = 0; Re = 6430000; T.U. = 1.0; T.L. = 1.0
Surface Finish = 2; Stall model = 0; Transition model = 1; Aspect Ratio = 0; ground effect = 0
?	Cl	Cd	Cm 0.25	T.U.	T.L.	S.U.	S.L.	L/D	A.C.	C.P.
[°]	[-]	[-]	[-]	[-]	[-]	[-]	[-]	[-]	[-]	[-]
-20.0	-1.566	0.09286	0.034	0.476	0.004	1.000	0.425	-16.868	0.195	0.272
-19.0	-1.579	0.07823	0.033	0.454	0.004	1.000	0.475	-20.184	0.168	0.271
-18.0	-1.584	0.06465	0.032	0.422	0.004	1.000	0.532	-24.505	-14.340	0.270
-17.0	-1.579	0.05316	0.031	0.403	0.004	1.000	0.592	-29.706	0.344	0.270
-16.0	-1.564	0.04354	0.030	0.371	0.004	1.000	0.657	-35.918	0.301	0.269
-15.0	-1.535	0.03625	0.029	0.353	0.004	0.997	0.718	-42.343	0.284	0.269
-14.0	-1.490	0.03046	0.028	0.325	0.005	0.997	0.779	-48.895	0.277	0.269
-13.0	-1.430	0.02608	0.026	0.305	0.005	0.997	0.833	-54.826	0.274	0.268
-12.0	-1.358	0.02269	0.025	0.284	0.008	0.996	0.879	-59.861	0.272	0.268
-11.0	-1.275	0.01999	0.023	0.260	0.012	0.996	0.916	-63.778	0.271	0.268
-10.0	-1.181	0.01835	0.021	0.250	0.012	0.996	0.936	-64.354	0.270	0.268
-9.0	-1.079	0.01698	0.019	0.217	0.013	0.996	0.952	-63.561	0.269	0.268
-8.0	-0.971	0.01573	0.017	0.207	0.013	0.995	0.963	-61.745	0.268	0.268
-7.0	-0.857	0.01470	0.015	0.177	0.016	0.995	0.972	-58.319	0.268	0.267
-6.0	-0.740	0.01367	0.013	0.168	0.024	0.994	0.978	-54.122	0.268	0.267
-5.0	-0.620	0.00942	0.011	0.141	0.026	0.994	0.982	-65.796	0.268	0.267
-4.0	-0.498	0.00911	0.009	0.131	0.030	0.994	0.986	-54.660	0.267	0.267
-3.0	-0.375	0.00893	0.006	0.108	0.041	0.993	0.989	-41.953	0.267	0.267
-2.0	-0.250	0.00979	0.004	0.099	0.047	0.993	0.990	-25.557	0.267	0.267
-1.0	-0.125	0.00964	0.002	0.079	0.056	0.992	0.991	-12.999	0.267	0.267
0.0	-0.000	0.00959	-0.000	0.070	0.070	0.992	0.992	-0.000	0.267	0.250
1.0	0.125	0.00964	-0.002	0.056	0.079	0.991	0.992	12.999	0.267	0.267
2.0	0.250	0.00979	-0.004	0.047	0.099	0.990	0.993	25.557	0.267	0.267
3.0	0.375	0.00893	-0.006	0.041	0.108	0.989	0.993	41.953	0.267	0.267
4.0	0.498	0.00911	-0.009	0.030	0.131	0.986	0.994	54.660	0.267	0.267
5.0	0.620	0.00942	-0.011	0.026	0.141	0.982	0.994	65.796	0.268	0.267
6.0	0.740	0.01367	-0.013	0.024	0.168	0.978	0.994	54.122	0.268	0.267
7.0	0.857	0.01470	-0.015	0.016	0.177	0.972	0.995	58.319	0.268	0.267
8.0	0.971	0.01573	-0.017	0.013	0.207	0.963	0.995	61.745	0.268	0.268
9.0	1.079	0.01698	-0.019	0.013	0.217	0.952	0.996	63.561	0.269	0.268
10.0	1.181	0.01835	-0.021	0.012	0.250	0.936	0.996	64.354	0.270	0.268
11.0	1.275	0.01999	-0.023	0.012	0.260	0.916	0.996	63.778	0.271	0.268
12.0	1.358	0.02269	-0.025	0.008	0.284	0.879	0.996	59.861	0.272	0.268
13.0	1.430	0.02608	-0.026	0.005	0.305	0.833	0.997	54.826	0.274	0.268
14.0	1.490	0.03046	-0.028	0.005	0.325	0.779	0.997	48.895	0.277	0.269
15.0	1.535	0.03625	-0.029	0.004	0.353	0.718	0.997	42.343	0.284	0.269
16.0	1.564	0.04354	-0.030	0.004	0.371	0.657	0.997	35.918	0.300	0.269
17.0	1.579	0.05316	-0.031	0.004	0.403	0.592	0.998	29.706	0.344	0.270
18.0	1.584	0.06465	-0.032	0.004	0.422	0.532	0.998	24.505	-14.324	0.270
19.0	1.579	0.07823	-0.033	0.004	0.454	0.475	0.997	20.184	0.168	0.271
20.0	1.566	0.09286	-0.034	0.004	0.476	0.425	0.998	16.868	0.195	0.272


