Name = NACA 1412
Mach = 0; Re = 30000; T.U. = 1.0; T.L. = 1.0
Surface Finish = 2; Stall model = 0; Transition model = 1; Aspect Ratio = 0; ground effect = 0
?	Cl	Cd	Cm 0.25	T.U.	T.L.	S.U.	S.L.	L/D	A.C.	C.P.
[°]	[-]	[-]	[-]	[-]	[-]	[-]	[-]	[-]	[-]	[-]
-20.0	-0.849	0.43057	-0.001	0.969	0.005	0.982	0.007	-1.972	0.239	0.249
-19.0	-0.880	0.38308	-0.001	0.966	0.005	0.982	0.007	-2.296	0.238	0.249
-18.0	-0.904	0.33557	-0.001	0.964	0.005	0.981	0.007	-2.693	0.233	0.248
-17.0	-0.922	0.29029	-0.002	0.961	0.005	0.979	0.007	-3.175	0.223	0.248
-16.0	-0.932	0.26043	-0.002	0.959	0.006	0.978	0.008	-3.577	0.174	0.248
-15.0	-0.932	0.21671	-0.003	0.953	0.006	0.977	0.009	-4.303	0.353	0.247
-14.0	-0.923	0.19066	-0.003	0.947	0.006	0.977	0.009	-4.841	0.280	0.247
-13.0	-0.902	0.16355	-0.004	0.941	0.006	0.975	0.010	-5.515	0.268	0.246
-12.0	-0.870	0.14131	-0.004	0.936	0.008	0.971	0.011	-6.154	0.265	0.245
-11.0	-0.826	0.12103	-0.005	0.926	0.009	0.969	0.013	-6.823	0.263	0.244
-10.0	-0.771	0.10452	-0.005	0.915	0.010	0.966	0.016	-7.379	0.263	0.243
-9.0	-0.707	0.09068	-0.006	0.905	0.013	0.964	0.020	-7.793	0.261	0.241
-8.0	-0.633	0.07906	-0.007	0.888	0.016	0.961	0.024	-8.010	0.262	0.239
-7.0	-0.553	0.06896	-0.008	0.873	0.020	0.959	0.032	-8.023	0.267	0.236
-6.0	-0.470	0.06022	-0.010	0.849	0.025	0.957	0.060	-7.798	0.357	0.229
-5.0	-0.459	0.03329	-0.018	0.821	0.043	0.955	0.941	-13.796	0.329	0.211
-4.0	-0.346	0.03177	-0.019	0.789	0.098	0.953	0.971	-10.903	0.262	0.194
-3.0	-0.229	0.03036	-0.021	0.747	0.228	0.952	0.978	-7.545	0.261	0.160
-2.0	-0.110	0.02933	-0.022	0.696	0.372	0.953	0.979	-3.759	0.261	0.051
-1.0	0.009	0.02892	-0.023	0.634	0.525	0.954	0.976	0.318	0.261	2.772
0.0	0.128	0.02898	-0.025	0.558	0.625	0.957	0.974	4.426	0.261	0.441
1.0	0.247	0.02940	-0.026	0.474	0.711	0.958	0.970	8.408	0.261	0.354
2.0	0.365	0.03026	-0.027	0.411	0.780	0.949	0.967	12.068	0.261	0.324
3.0	0.481	0.03150	-0.028	0.358	0.832	0.936	0.966	15.287	0.261	0.309
4.0	0.596	0.03324	-0.030	0.288	0.868	0.920	0.967	17.917	0.261	0.300
5.0	0.707	0.03561	-0.031	0.188	0.893	0.909	0.969	19.863	0.261	0.294
6.0	0.816	0.03816	-0.032	0.041	0.913	0.901	0.971	21.387	0.232	0.289
7.0	0.830	0.05198	-0.029	0.023	0.927	0.415	0.975	15.957	-0.446	0.284
8.0	0.837	0.07620	-0.018	0.018	0.938	0.032	0.977	10.979	0.100	0.271
9.0	0.906	0.08817	-0.017	0.014	0.946	0.022	0.979	10.270	0.245	0.269
10.0	0.966	0.10170	-0.017	0.011	0.955	0.019	0.980	9.500	0.249	0.268
11.0	1.016	0.11823	-0.017	0.009	0.960	0.015	0.982	8.593	0.244	0.267
12.0	1.053	0.13583	-0.017	0.007	0.964	0.011	0.984	7.756	0.243	0.266
13.0	1.079	0.15838	-0.017	0.006	0.969	0.010	0.986	6.813	0.255	0.265
14.0	1.092	0.18658	-0.017	0.006	0.973	0.009	0.987	5.854	0.281	0.265
15.0	1.093	0.21708	-0.017	0.005	0.977	0.008	0.988	5.036	0.230	0.266
16.0	1.083	0.25455	-0.017	0.005	0.978	0.007	0.990	4.255	0.241	0.266
17.0	1.063	0.29336	-0.017	0.005	0.979	0.007	0.991	3.625	0.235	0.266
18.0	1.036	0.32666	-0.018	0.005	0.982	0.007	0.991	3.171	0.239	0.267
19.0	1.001	0.38745	-0.018	0.005	0.983	0.006	0.992	2.585	0.241	0.268
20.0	0.963	0.44108	-0.018	0.004	0.986	0.006	0.992	2.182	0.239	0.269

Name = NACA 1412
Mach = 0; Re = 430000; T.U. = 1.0; T.L. = 1.0
Surface Finish = 2; Stall model = 0; Transition model = 1; Aspect Ratio = 0; ground effect = 0
?	Cl	Cd	Cm 0.25	T.U.	T.L.	S.U.	S.L.	L/D	A.C.	C.P.
[°]	[-]	[-]	[-]	[-]	[-]	[-]	[-]	[-]	[-]	[-]
-20.0	-0.851	0.22682	-0.001	0.942	0.005	0.992	0.018	-3.754	0.236	0.249
-19.0	-0.883	0.20771	-0.001	0.937	0.004	0.992	0.021	-4.250	0.234	0.248
-18.0	-0.907	0.18184	-0.002	0.926	0.005	0.993	0.021	-4.987	0.228	0.248
-17.0	-0.926	0.16588	-0.002	0.915	0.005	0.993	0.025	-5.580	0.215	0.248
-16.0	-0.936	0.14748	-0.003	0.905	0.005	0.993	0.026	-6.346	0.159	0.247
-15.0	-0.938	0.12764	-0.003	0.886	0.006	0.994	0.033	-7.350	0.526	0.246
-14.0	-0.931	0.11228	-0.004	0.870	0.006	0.994	0.044	-8.290	0.319	0.246
-13.0	-0.914	0.09800	-0.005	0.845	0.006	0.995	0.062	-9.324	0.307	0.244
-12.0	-0.891	0.08127	-0.006	0.817	0.008	0.995	0.111	-10.967	0.433	0.243
-11.0	-0.893	0.05286	-0.009	0.786	0.009	0.995	0.338	-16.887	0.076	0.240
-10.0	-0.922	0.02646	-0.012	0.750	0.010	0.995	0.801	-34.842	0.422	0.237
-9.0	-0.868	0.02194	-0.013	0.706	0.013	0.995	0.936	-39.533	0.270	0.235
-8.0	-0.782	0.01984	-0.015	0.657	0.016	0.995	0.968	-39.403	0.264	0.231
-7.0	-0.683	0.01835	-0.016	0.606	0.019	0.996	0.980	-37.233	0.262	0.227
-6.0	-0.577	0.01324	-0.017	0.552	0.024	0.995	0.987	-43.552	0.261	0.220
-5.0	-0.464	0.01389	-0.018	0.495	0.037	0.995	0.990	-33.388	0.261	0.210
-4.0	-0.348	0.01322	-0.020	0.439	0.058	0.995	0.991	-26.297	0.261	0.194
-3.0	-0.230	0.01273	-0.021	0.403	0.090	0.995	0.993	-18.051	0.261	0.159
-2.0	-0.111	0.01230	-0.022	0.365	0.134	0.994	0.994	-8.989	0.261	0.049
-1.0	0.009	0.01210	-0.024	0.329	0.184	0.993	0.995	0.764	0.261	2.792
0.0	0.129	0.01206	-0.025	0.288	0.236	0.993	0.995	10.708	0.261	0.442
1.0	0.249	0.01216	-0.026	0.243	0.291	0.992	0.996	20.463	0.261	0.355
2.0	0.368	0.01252	-0.027	0.196	0.355	0.991	0.997	29.418	0.261	0.325
3.0	0.487	0.01350	-0.029	0.146	0.444	0.991	0.997	36.075	0.261	0.309
4.0	0.604	0.01301	-0.030	0.093	0.496	0.989	0.997	46.419	0.261	0.300
5.0	0.718	0.01371	-0.031	0.056	0.554	0.984	0.997	52.368	0.262	0.294
6.0	0.829	0.01930	-0.033	0.033	0.616	0.979	0.998	42.960	0.262	0.290
7.0	0.934	0.02087	-0.034	0.021	0.684	0.969	0.998	44.724	0.263	0.286
8.0	1.028	0.02267	-0.035	0.017	0.752	0.955	0.998	45.349	0.263	0.284
9.0	1.110	0.02485	-0.036	0.014	0.804	0.931	0.998	44.677	0.264	0.283
10.0	1.175	0.02776	-0.037	0.011	0.845	0.889	0.998	42.341	0.264	0.282
11.0	1.217	0.03240	-0.038	0.009	0.877	0.810	0.997	37.562	0.248	0.281
12.0	1.216	0.04311	-0.037	0.007	0.902	0.630	0.997	28.199	0.330	0.281
13.0	1.156	0.07403	-0.033	0.006	0.917	0.296	0.998	15.618	0.350	0.279
14.0	1.116	0.10660	-0.027	0.006	0.934	0.098	0.997	10.472	0.410	0.274
15.0	1.106	0.12559	-0.025	0.005	0.942	0.055	0.998	8.807	0.379	0.273
16.0	1.092	0.14389	-0.024	0.005	0.951	0.040	0.998	7.589	0.283	0.272
17.0	1.070	0.16212	-0.024	0.004	0.959	0.033	0.998	6.603	0.275	0.272
18.0	1.040	0.17865	-0.023	0.005	0.963	0.023	0.998	5.821	0.261	0.272
19.0	1.005	0.20024	-0.023	0.004	0.969	0.022	0.997	5.021	0.247	0.273
20.0	0.966	0.22720	-0.023	0.004	0.974	0.019	0.998	4.250	0.254	0.274

Name = NACA 1412
Mach = 0; Re = 830000; T.U. = 1.0; T.L. = 1.0
Surface Finish = 2; Stall model = 0; Transition model = 1; Aspect Ratio = 0; ground effect = 0
?	Cl	Cd	Cm 0.25	T.U.	T.L.	S.U.	S.L.	L/D	A.C.	C.P.
[°]	[-]	[-]	[-]	[-]	[-]	[-]	[-]	[-]	[-]	[-]
-20.0	-0.855	0.20737	-0.001	0.915	0.004	0.995	0.036	-4.125	0.234	0.249
-19.0	-0.887	0.18715	-0.002	0.906	0.004	0.995	0.041	-4.740	0.232	0.248
-18.0	-0.912	0.16741	-0.002	0.887	0.004	0.996	0.044	-5.448	0.225	0.248
-17.0	-0.931	0.14973	-0.003	0.871	0.004	0.996	0.050	-6.221	0.211	0.247
-16.0	-0.944	0.13227	-0.003	0.845	0.005	0.996	0.061	-7.136	0.170	0.247
-15.0	-0.950	0.11360	-0.004	0.817	0.005	0.997	0.086	-8.367	-0.083	0.246
-14.0	-0.950	0.09591	-0.005	0.787	0.006	0.997	0.125	-9.901	0.472	0.245
-13.0	-0.941	0.07951	-0.006	0.752	0.006	0.997	0.182	-11.831	-0.327	0.243
-12.0	-0.955	0.05051	-0.008	0.708	0.006	0.997	0.405	-18.907	0.131	0.241
-11.0	-0.976	0.02824	-0.010	0.662	0.007	0.997	0.741	-34.551	0.545	0.239
-10.0	-0.943	0.02211	-0.012	0.614	0.009	0.997	0.909	-42.634	0.278	0.237
-9.0	-0.872	0.01960	-0.013	0.565	0.011	0.996	0.961	-44.497	0.266	0.235
-8.0	-0.783	0.01787	-0.015	0.516	0.014	0.996	0.978	-43.851	0.263	0.231
-7.0	-0.684	0.01270	-0.016	0.464	0.016	0.996	0.986	-53.864	0.262	0.227
-6.0	-0.577	0.01336	-0.017	0.421	0.020	0.996	0.990	-43.192	0.261	0.220
-5.0	-0.464	0.01270	-0.018	0.391	0.027	0.996	0.991	-36.539	0.261	0.210
-4.0	-0.348	0.01217	-0.020	0.357	0.040	0.995	0.992	-28.575	0.261	0.194
-3.0	-0.230	0.01178	-0.021	0.323	0.062	0.995	0.993	-19.511	0.261	0.159
-2.0	-0.111	0.01144	-0.022	0.289	0.092	0.995	0.995	-9.668	0.261	0.049
-1.0	0.009	0.01133	-0.024	0.252	0.129	0.994	0.995	0.816	0.261	2.793
0.0	0.129	0.01134	-0.025	0.212	0.170	0.994	0.996	11.396	0.261	0.442
1.0	0.249	0.01147	-0.026	0.173	0.211	0.993	0.997	21.709	0.261	0.355
2.0	0.368	0.01251	-0.027	0.133	0.255	0.992	0.998	29.441	0.261	0.325
3.0	0.487	0.01291	-0.029	0.092	0.301	0.991	0.997	37.704	0.261	0.309
4.0	0.604	0.01346	-0.030	0.059	0.355	0.990	0.998	44.886	0.261	0.300
5.0	0.719	0.01272	-0.031	0.037	0.424	0.988	0.998	56.512	0.262	0.294
6.0	0.830	0.01339	-0.033	0.023	0.474	0.983	0.998	61.962	0.262	0.290
7.0	0.935	0.01895	-0.034	0.018	0.521	0.977	0.998	49.344	0.263	0.286
8.0	1.031	0.02045	-0.035	0.014	0.575	0.967	0.998	50.388	0.264	0.284
9.0	1.114	0.02230	-0.037	0.011	0.634	0.950	0.998	49.961	0.265	0.283
10.0	1.183	0.02469	-0.038	0.009	0.699	0.920	0.998	47.916	0.266	0.282
11.0	1.232	0.02788	-0.038	0.007	0.758	0.869	0.998	44.192	0.267	0.281
12.0	1.253	0.03344	-0.039	0.006	0.808	0.773	0.998	37.483	0.222	0.281
13.0	1.241	0.04481	-0.038	0.005	0.849	0.611	0.998	27.692	0.298	0.281
14.0	1.199	0.06696	-0.036	0.005	0.880	0.401	0.998	17.906	0.309	0.280
15.0	1.148	0.09798	-0.033	0.005	0.906	0.209	0.998	11.717	0.322	0.279
16.0	1.114	0.12333	-0.030	0.004	0.920	0.120	0.998	9.029	0.312	0.277
17.0	1.084	0.14402	-0.029	0.004	0.936	0.083	0.998	7.524	0.279	0.277
18.0	1.051	0.16182	-0.028	0.004	0.944	0.067	0.998	6.497	0.263	0.277
19.0	1.014	0.18162	-0.028	0.004	0.957	0.055	0.998	5.582	0.258	0.277
20.0	0.973	0.20456	-0.028	0.003	0.961	0.048	0.998	4.754	0.255	0.278

Name = NACA 1412
Mach = 0; Re = 1230000; T.U. = 1.0; T.L. = 1.0
Surface Finish = 2; Stall model = 0; Transition model = 1; Aspect Ratio = 0; ground effect = 0
?	Cl	Cd	Cm 0.25	T.U.	T.L.	S.U.	S.L.	L/D	A.C.	C.P.
[°]	[-]	[-]	[-]	[-]	[-]	[-]	[-]	[-]	[-]	[-]
-20.0	-0.858	0.19450	-0.001	0.885	0.004	0.997	0.050	-4.413	0.234	0.249
-19.0	-0.890	0.17604	-0.002	0.867	0.004	0.997	0.055	-5.057	0.231	0.248
-18.0	-0.916	0.15785	-0.002	0.842	0.004	0.997	0.064	-5.806	0.224	0.248
-17.0	-0.936	0.14076	-0.003	0.812	0.004	0.997	0.070	-6.649	0.210	0.247
-16.0	-0.950	0.12316	-0.004	0.779	0.004	0.997	0.088	-7.716	0.179	0.246
-15.0	-0.960	0.10441	-0.004	0.744	0.005	0.997	0.125	-9.191	0.098	0.245
-14.0	-0.964	0.08545	-0.006	0.705	0.005	0.997	0.187	-11.278	-0.172	0.244
-13.0	-0.965	0.06537	-0.007	0.660	0.005	0.997	0.292	-14.770	0.129	0.243
-12.0	-0.992	0.03751	-0.009	0.613	0.006	0.997	0.573	-26.434	0.114	0.241
-11.0	-0.993	0.02455	-0.011	0.567	0.006	0.997	0.826	-40.454	0.322	0.239
-10.0	-0.947	0.02062	-0.012	0.521	0.008	0.997	0.934	-45.944	0.272	0.237
-9.0	-0.873	0.01850	-0.013	0.474	0.009	0.997	0.968	-47.207	0.265	0.235
-8.0	-0.784	0.01695	-0.015	0.430	0.012	0.997	0.981	-46.261	0.263	0.231
-7.0	-0.684	0.01208	-0.016	0.401	0.015	0.997	0.988	-56.651	0.262	0.227
-6.0	-0.577	0.01264	-0.017	0.368	0.018	0.996	0.990	-45.662	0.261	0.220
-5.0	-0.464	0.01207	-0.018	0.345	0.023	0.996	0.992	-38.438	0.261	0.210
-4.0	-0.348	0.01158	-0.020	0.307	0.034	0.996	0.993	-30.041	0.261	0.194
-3.0	-0.230	0.01129	-0.021	0.273	0.050	0.996	0.994	-20.358	0.261	0.159
-2.0	-0.111	0.01100	-0.022	0.242	0.074	0.995	0.995	-10.052	0.261	0.049
-1.0	0.009	0.01092	-0.024	0.209	0.103	0.995	0.996	0.847	0.261	2.793
0.0	0.129	0.01096	-0.025	0.171	0.136	0.994	0.997	11.793	0.261	0.442
1.0	0.249	0.01182	-0.026	0.136	0.172	0.994	0.998	21.068	0.261	0.355
2.0	0.368	0.01207	-0.027	0.102	0.210	0.993	0.998	30.519	0.261	0.325
3.0	0.487	0.01242	-0.029	0.071	0.250	0.992	0.998	39.221	0.261	0.309
4.0	0.604	0.01294	-0.030	0.045	0.289	0.991	0.998	46.699	0.262	0.300
5.0	0.719	0.01358	-0.032	0.030	0.332	0.990	0.998	52.924	0.262	0.294
6.0	0.830	0.01278	-0.033	0.019	0.390	0.986	0.998	64.972	0.262	0.290
7.0	0.936	0.01791	-0.034	0.016	0.450	0.981	0.998	52.234	0.263	0.286
8.0	1.032	0.01936	-0.035	0.012	0.486	0.972	0.998	53.279	0.264	0.284
9.0	1.116	0.02104	-0.037	0.010	0.529	0.959	0.998	53.054	0.265	0.283
10.0	1.186	0.02328	-0.038	0.007	0.579	0.934	0.998	50.954	0.267	0.282
11.0	1.237	0.02611	-0.039	0.006	0.634	0.891	0.998	47.399	0.269	0.281
12.0	1.265	0.03036	-0.039	0.005	0.695	0.817	0.998	41.674	0.272	0.281
13.0	1.264	0.03807	-0.039	0.005	0.754	0.697	0.998	33.208	0.282	0.281
14.0	1.233	0.05330	-0.038	0.005	0.803	0.526	0.998	23.138	0.289	0.281
15.0	1.185	0.07778	-0.036	0.004	0.846	0.346	0.998	15.239	0.300	0.281
16.0	1.135	0.10685	-0.033	0.004	0.878	0.201	0.998	10.627	0.304	0.279
17.0	1.096	0.13124	-0.031	0.003	0.906	0.129	0.998	8.350	0.291	0.279
18.0	1.058	0.15136	-0.030	0.004	0.920	0.094	0.998	6.991	0.271	0.279
19.0	1.019	0.17160	-0.030	0.003	0.937	0.077	0.998	5.939	0.262	0.279
20.0	0.976	0.19193	-0.029	0.003	0.945	0.063	0.998	5.086	0.262	0.280

Name = NACA 1412
Mach = 0; Re = 1630000; T.U. = 1.0; T.L. = 1.0
Surface Finish = 2; Stall model = 0; Transition model = 1; Aspect Ratio = 0; ground effect = 0
?	Cl	Cd	Cm 0.25	T.U.	T.L.	S.U.	S.L.	L/D	A.C.	C.P.
[°]	[-]	[-]	[-]	[-]	[-]	[-]	[-]	[-]	[-]	[-]
-20.0	-0.860	0.18791	-0.001	0.848	0.004	0.997	0.060	-4.579	0.233	0.249
-19.0	-0.892	0.17028	-0.002	0.820	0.004	1.000	0.065	-5.240	0.231	0.248
-18.0	-0.919	0.15096	-0.002	0.792	0.004	1.000	0.075	-6.089	0.224	0.248
-17.0	-0.940	0.13511	-0.003	0.755	0.004	0.997	0.087	-6.956	0.211	0.247
-16.0	-0.955	0.11744	-0.004	0.714	0.004	0.997	0.109	-8.132	0.185	0.246
-15.0	-0.967	0.09825	-0.005	0.671	0.005	0.997	0.155	-9.838	0.146	0.245
-14.0	-0.976	0.07716	-0.006	0.627	0.005	0.997	0.240	-12.650	0.082	0.244
-13.0	-0.982	0.05698	-0.007	0.585	0.005	0.997	0.366	-17.236	0.153	0.243
-12.0	-1.010	0.03197	-0.009	0.547	0.006	0.997	0.660	-31.605	0.064	0.241
-11.0	-1.001	0.02280	-0.011	0.505	0.006	1.000	0.865	-43.912	0.298	0.239
-10.0	-0.949	0.01975	-0.012	0.457	0.007	0.997	0.945	-48.081	0.270	0.237
-9.0	-0.874	0.01776	-0.013	0.418	0.009	0.997	0.974	-49.230	0.265	0.235
-8.0	-0.784	0.01233	-0.015	0.395	0.011	0.997	0.983	-63.627	0.263	0.231
-7.0	-0.685	0.01287	-0.016	0.360	0.014	1.000	0.989	-53.190	0.262	0.227
-6.0	-0.577	0.01212	-0.017	0.334	0.016	0.997	0.991	-47.633	0.261	0.220
-5.0	-0.464	0.01168	-0.018	0.303	0.021	0.997	0.992	-39.746	0.261	0.210
-4.0	-0.348	0.01124	-0.020	0.270	0.030	0.996	0.993	-30.937	0.261	0.194
-3.0	-0.230	0.01095	-0.021	0.242	0.042	0.996	0.995	-20.995	0.261	0.159
-2.0	-0.111	0.01076	-0.022	0.210	0.062	0.995	0.995	-10.276	0.261	0.049
-1.0	0.009	0.01066	-0.024	0.176	0.087	0.995	0.996	0.868	0.261	2.793
0.0	0.129	0.01070	-0.025	0.144	0.115	0.995	0.997	12.083	0.261	0.442
1.0	0.249	0.01158	-0.026	0.113	0.147	0.994	0.998	21.508	0.261	0.355
2.0	0.368	0.01175	-0.028	0.084	0.179	0.993	0.998	31.359	0.261	0.325
3.0	0.487	0.01208	-0.029	0.057	0.215	0.992	0.998	40.331	0.261	0.309
4.0	0.604	0.01254	-0.030	0.037	0.254	0.991	0.998	48.195	0.262	0.300
5.0	0.719	0.01315	-0.032	0.026	0.289	0.990	0.998	54.681	0.262	0.294
6.0	0.831	0.01240	-0.033	0.018	0.327	0.988	0.998	66.998	0.262	0.290
7.0	0.936	0.01302	-0.034	0.014	0.377	0.983	0.998	71.896	0.263	0.286
8.0	1.033	0.01855	-0.035	0.011	0.431	0.977	0.998	55.659	0.264	0.284
9.0	1.117	0.02023	-0.037	0.009	0.469	0.963	0.998	55.239	0.265	0.283
10.0	1.188	0.02229	-0.038	0.007	0.510	0.942	0.998	53.290	0.267	0.282
11.0	1.241	0.02486	-0.039	0.006	0.557	0.906	0.998	49.931	0.270	0.281
12.0	1.272	0.02859	-0.040	0.005	0.607	0.842	0.998	44.475	0.277	0.281
13.0	1.275	0.03494	-0.040	0.005	0.660	0.739	0.999	36.501	0.270	0.281
14.0	1.249	0.04744	-0.039	0.004	0.713	0.586	0.998	26.335	0.279	0.281
15.0	1.207	0.06714	-0.038	0.004	0.767	0.424	0.999	17.971	0.290	0.281
16.0	1.151	0.09646	-0.035	0.003	0.815	0.258	0.999	11.931	0.295	0.280
17.0	1.107	0.12118	-0.033	0.003	0.856	0.170	0.999	9.134	0.288	0.280
18.0	1.066	0.14305	-0.032	0.003	0.886	0.123	0.999	7.451	0.276	0.280
19.0	1.024	0.16397	-0.031	0.003	0.911	0.095	0.998	6.243	0.266	0.280
20.0	0.980	0.18518	-0.031	0.003	0.929	0.078	0.999	5.292	0.261	0.281

Name = NACA 1412
Mach = 0; Re = 2030000; T.U. = 1.0; T.L. = 1.0
Surface Finish = 2; Stall model = 0; Transition model = 1; Aspect Ratio = 0; ground effect = 0
?	Cl	Cd	Cm 0.25	T.U.	T.L.	S.U.	S.L.	L/D	A.C.	C.P.
[°]	[-]	[-]	[-]	[-]	[-]	[-]	[-]	[-]	[-]	[-]
-20.0	-0.862	0.18253	-0.001	0.805	0.004	1.000	0.066	-4.721	0.233	0.249
-19.0	-0.894	0.16535	-0.002	0.771	0.004	1.000	0.072	-5.406	0.230	0.248
-18.0	-0.921	0.14726	-0.002	0.734	0.004	1.000	0.085	-6.256	0.224	0.247
-17.0	-0.942	0.13090	-0.003	0.698	0.004	1.000	0.097	-7.198	0.211	0.247
-16.0	-0.958	0.11362	-0.004	0.659	0.004	1.000	0.123	-8.434	0.191	0.246
-15.0	-0.973	0.09268	-0.005	0.614	0.005	1.000	0.184	-10.501	0.164	0.245
-14.0	-0.985	0.07185	-0.006	0.571	0.005	1.000	0.277	-13.703	0.144	0.244
-13.0	-0.999	0.04942	-0.008	0.531	0.005	1.000	0.441	-20.214	0.161	0.242
-12.0	-1.022	0.02898	-0.009	0.497	0.005	1.000	0.712	-35.251	-0.259	0.241
-11.0	-1.005	0.02177	-0.011	0.452	0.006	1.000	0.886	-46.197	0.290	0.239
-10.0	-0.951	0.01907	-0.012	0.414	0.006	0.997	0.953	-49.877	0.269	0.237
-9.0	-0.875	0.01720	-0.013	0.392	0.008	1.000	0.977	-50.854	0.265	0.235
-8.0	-0.785	0.01200	-0.015	0.358	0.010	1.000	0.985	-65.363	0.263	0.231
-7.0	-0.685	0.01296	-0.016	0.334	0.013	1.000	0.990	-52.833	0.262	0.227
-6.0	-0.577	0.01186	-0.017	0.304	0.015	0.997	0.991	-48.674	0.261	0.220
-5.0	-0.464	0.01140	-0.018	0.272	0.019	0.997	0.993	-40.707	0.261	0.210
-4.0	-0.348	0.01097	-0.020	0.250	0.027	0.997	0.994	-31.710	0.261	0.194
-3.0	-0.230	0.01073	-0.021	0.215	0.038	0.996	0.995	-21.423	0.261	0.159
-2.0	-0.111	0.01057	-0.022	0.184	0.055	0.996	0.996	-10.468	0.261	0.049
-1.0	0.009	0.01040	-0.024	0.158	0.076	0.995	0.997	0.890	0.261	2.794
0.0	0.129	0.01121	-0.025	0.129	0.102	0.995	0.998	11.533	0.261	0.442
1.0	0.249	0.01128	-0.026	0.099	0.133	0.994	0.998	22.072	0.261	0.355
2.0	0.368	0.01149	-0.028	0.071	0.163	0.994	0.998	32.060	0.261	0.325
3.0	0.487	0.01183	-0.029	0.050	0.191	0.993	0.998	41.169	0.261	0.309
4.0	0.604	0.01220	-0.030	0.033	0.223	0.992	0.998	49.521	0.262	0.300
5.0	0.719	0.01285	-0.032	0.022	0.259	0.991	0.998	55.940	0.262	0.294
6.0	0.831	0.01210	-0.033	0.016	0.298	0.989	0.998	68.697	0.262	0.290
7.0	0.936	0.01269	-0.034	0.013	0.330	0.984	0.998	73.791	0.263	0.286
8.0	1.033	0.01801	-0.035	0.011	0.376	0.978	0.998	57.364	0.264	0.284
9.0	1.118	0.01961	-0.037	0.008	0.425	0.967	0.998	57.034	0.265	0.283
10.0	1.189	0.02159	-0.038	0.006	0.463	0.947	0.998	55.101	0.268	0.282
11.0	1.243	0.02397	-0.039	0.005	0.504	0.915	0.998	51.883	0.271	0.281
12.0	1.276	0.02740	-0.040	0.005	0.545	0.858	0.998	46.564	0.279	0.281
13.0	1.282	0.03301	-0.040	0.004	0.588	0.765	0.999	38.842	0.249	0.281
14.0	1.262	0.04318	-0.040	0.004	0.637	0.633	0.998	29.227	0.275	0.281
15.0	1.218	0.06185	-0.038	0.004	0.690	0.465	0.999	19.691	0.284	0.282
16.0	1.165	0.08740	-0.036	0.003	0.747	0.311	0.999	13.333	0.291	0.281
17.0	1.114	0.11477	-0.034	0.003	0.797	0.199	0.999	9.709	0.286	0.281
18.0	1.072	0.13559	-0.033	0.003	0.841	0.149	0.999	7.910	0.275	0.281
19.0	1.028	0.15838	-0.032	0.003	0.877	0.111	0.998	6.489	0.269	0.281
20.0	0.983	0.17859	-0.031	0.003	0.905	0.089	0.999	5.502	0.264	0.282

Name = NACA 1412
Mach = 0; Re = 2430000; T.U. = 1.0; T.L. = 1.0
Surface Finish = 2; Stall model = 0; Transition model = 1; Aspect Ratio = 0; ground effect = 0
?	Cl	Cd	Cm 0.25	T.U.	T.L.	S.U.	S.L.	L/D	A.C.	C.P.
[°]	[-]	[-]	[-]	[-]	[-]	[-]	[-]	[-]	[-]	[-]
-20.0	-0.863	0.17805	-0.001	0.762	0.004	1.000	0.073	-4.847	0.233	0.249
-19.0	-0.896	0.16109	-0.002	0.724	0.004	1.000	0.080	-5.561	0.230	0.248
-18.0	-0.923	0.14379	-0.002	0.684	0.004	1.000	0.093	-6.420	0.223	0.247
-17.0	-0.945	0.12714	-0.003	0.650	0.004	1.000	0.110	-7.434	0.211	0.247
-16.0	-0.962	0.11014	-0.004	0.609	0.004	1.000	0.138	-8.732	0.192	0.246
-15.0	-0.977	0.08966	-0.005	0.567	0.004	1.000	0.201	-10.898	0.177	0.245
-14.0	-0.994	0.06665	-0.006	0.527	0.005	1.000	0.317	-14.910	0.161	0.244
-13.0	-1.008	0.04573	-0.008	0.494	0.004	1.000	0.483	-22.052	0.164	0.242
-12.0	-1.032	0.02696	-0.009	0.453	0.005	1.000	0.758	-38.263	-3.396	0.241
-11.0	-1.009	0.02126	-0.011	0.415	0.006	1.000	0.905	-47.482	0.284	0.239
-10.0	-0.952	0.01848	-0.012	0.396	0.006	1.000	0.958	-51.510	0.269	0.237
-9.0	-0.875	0.01681	-0.013	0.360	0.007	1.000	0.978	-52.048	0.265	0.235
-8.0	-0.785	0.01177	-0.015	0.341	0.009	0.997	0.986	-66.692	0.263	0.231
-7.0	-0.685	0.01273	-0.016	0.307	0.013	1.000	0.991	-53.798	0.262	0.227
-6.0	-0.577	0.01165	-0.017	0.279	0.015	0.997	0.992	-49.565	0.261	0.220
-5.0	-0.464	0.01116	-0.018	0.254	0.018	1.000	0.993	-41.610	0.261	0.210
-4.0	-0.348	0.01072	-0.020	0.221	0.025	0.997	0.994	-32.470	0.261	0.194
-3.0	-0.230	0.01052	-0.021	0.198	0.034	0.997	0.995	-21.858	0.261	0.159
-2.0	-0.111	0.01031	-0.022	0.169	0.049	0.996	0.996	-10.733	0.261	0.049
-1.0	0.009	0.01022	-0.024	0.139	0.070	0.996	0.997	0.905	0.261	2.794
0.0	0.129	0.01102	-0.025	0.113	0.093	0.995	0.998	11.729	0.261	0.442
1.0	0.249	0.01110	-0.026	0.087	0.117	0.995	0.998	22.442	0.261	0.355
2.0	0.368	0.01133	-0.028	0.064	0.144	0.994	0.998	32.520	0.261	0.325
3.0	0.487	0.01159	-0.029	0.044	0.175	0.993	0.998	42.012	0.261	0.309
4.0	0.604	0.01194	-0.030	0.030	0.209	0.992	0.998	50.613	0.262	0.300
5.0	0.719	0.01253	-0.032	0.020	0.235	0.991	0.998	57.404	0.262	0.294
6.0	0.831	0.01317	-0.033	0.015	0.266	0.990	0.998	63.123	0.262	0.290
7.0	0.937	0.01242	-0.034	0.012	0.304	0.985	0.998	75.441	0.263	0.286
8.0	1.033	0.01761	-0.035	0.010	0.343	0.980	0.998	58.675	0.264	0.284
9.0	1.119	0.01914	-0.037	0.007	0.384	0.970	0.998	58.460	0.265	0.283
10.0	1.191	0.02101	-0.038	0.006	0.427	0.952	0.998	56.654	0.268	0.282
11.0	1.245	0.02329	-0.039	0.005	0.463	0.922	0.998	53.479	0.271	0.281
12.0	1.279	0.02635	-0.040	0.005	0.503	0.872	0.998	48.552	0.280	0.281
13.0	1.288	0.03137	-0.040	0.004	0.540	0.788	0.999	41.076	0.231	0.281
14.0	1.269	0.04087	-0.040	0.004	0.581	0.658	0.998	31.047	0.270	0.282
15.0	1.229	0.05685	-0.039	0.004	0.627	0.506	0.999	21.620	0.280	0.282
16.0	1.173	0.08269	-0.037	0.003	0.678	0.339	0.999	14.183	0.286	0.282
17.0	1.123	0.10798	-0.035	0.003	0.729	0.231	0.999	10.399	0.282	0.281
18.0	1.078	0.12964	-0.034	0.003	0.782	0.171	0.999	8.316	0.277	0.282
19.0	1.031	0.15329	-0.033	0.003	0.831	0.125	0.998	6.726	0.271	0.282
20.0	0.985	0.17352	-0.032	0.003	0.871	0.101	0.999	5.678	0.263	0.283

Name = NACA 1412
Mach = 0; Re = 2830000; T.U. = 1.0; T.L. = 1.0
Surface Finish = 2; Stall model = 0; Transition model = 1; Aspect Ratio = 0; ground effect = 0
?	Cl	Cd	Cm 0.25	T.U.	T.L.	S.U.	S.L.	L/D	A.C.	C.P.
[°]	[-]	[-]	[-]	[-]	[-]	[-]	[-]	[-]	[-]	[-]
-20.0	-0.862	0.18280	-0.001	0.719	0.003	1.000	0.067	-4.715	0.233	0.249
-19.0	-0.897	0.15813	-0.002	0.680	0.004	1.000	0.087	-5.674	0.230	0.248
-18.0	-0.925	0.14119	-0.002	0.646	0.004	1.000	0.100	-6.549	0.223	0.247
-17.0	-0.947	0.12506	-0.003	0.609	0.004	1.000	0.117	-7.570	0.212	0.247
-16.0	-0.965	0.10664	-0.004	0.566	0.004	1.000	0.153	-9.052	0.196	0.246
-15.0	-0.982	0.08561	-0.005	0.529	0.004	1.000	0.223	-11.475	0.180	0.245
-14.0	-0.999	0.06381	-0.006	0.501	0.004	1.000	0.338	-15.650	0.174	0.244
-13.0	-1.019	0.04154	-0.008	0.456	0.004	1.000	0.531	-24.541	0.169	0.242
-12.0	-1.039	0.02540	-0.010	0.418	0.005	1.000	0.792	-40.904	0.620	0.241
-11.0	-1.011	0.02072	-0.011	0.399	0.005	1.000	0.913	-48.795	0.281	0.239
-10.0	-0.953	0.01848	-0.012	0.364	0.006	1.000	0.961	-51.553	0.268	0.237
-9.0	-0.875	0.01682	-0.013	0.347	0.006	1.000	0.979	-52.036	0.265	0.235
-8.0	-0.785	0.01156	-0.015	0.312	0.008	1.000	0.987	-67.869	0.263	0.231
-7.0	-0.685	0.01247	-0.016	0.294	0.011	1.000	0.991	-54.904	0.262	0.227
-6.0	-0.577	0.01141	-0.017	0.260	0.014	1.000	0.992	-50.586	0.261	0.220
-5.0	-0.464	0.01159	-0.018	0.233	0.017	1.000	0.994	-40.038	0.261	0.210
-4.0	-0.348	0.01063	-0.020	0.209	0.023	0.997	0.994	-32.740	0.261	0.194
-3.0	-0.230	0.01035	-0.021	0.178	0.032	0.997	0.995	-22.220	0.261	0.159
-2.0	-0.111	0.01019	-0.022	0.155	0.046	0.996	0.996	-10.856	0.261	0.049
-1.0	0.009	0.01010	-0.024	0.131	0.063	0.996	0.998	0.916	0.261	2.794
0.0	0.129	0.01091	-0.025	0.102	0.083	0.995	0.998	11.852	0.261	0.442
1.0	0.249	0.01094	-0.026	0.077	0.107	0.995	0.998	22.757	0.261	0.355
2.0	0.368	0.01113	-0.028	0.056	0.135	0.994	0.998	33.098	0.261	0.325
3.0	0.487	0.01143	-0.029	0.040	0.165	0.993	0.998	42.603	0.261	0.309
4.0	0.604	0.01179	-0.030	0.028	0.187	0.992	0.998	51.265	0.262	0.300
5.0	0.719	0.01229	-0.032	0.019	0.218	0.991	0.998	58.495	0.262	0.294
6.0	0.831	0.01293	-0.033	0.014	0.253	0.990	0.998	64.268	0.262	0.290
7.0	0.937	0.01214	-0.034	0.012	0.278	0.987	0.998	77.197	0.263	0.286
8.0	1.033	0.01728	-0.035	0.009	0.312	0.981	0.998	59.798	0.264	0.284
9.0	1.119	0.01880	-0.037	0.006	0.353	0.972	0.998	59.549	0.266	0.283
10.0	1.192	0.02055	-0.038	0.005	0.398	0.956	0.998	57.981	0.268	0.282
11.0	1.247	0.02272	-0.039	0.005	0.438	0.927	0.998	54.882	0.272	0.281
12.0	1.282	0.02566	-0.040	0.004	0.466	0.880	0.998	49.939	0.280	0.281
13.0	1.292	0.03035	-0.040	0.004	0.505	0.801	0.999	42.565	0.166	0.281
14.0	1.276	0.03856	-0.040	0.004	0.543	0.685	0.998	33.096	0.267	0.282
15.0	1.235	0.05431	-0.039	0.003	0.580	0.527	0.999	22.734	0.277	0.282
16.0	1.182	0.07731	-0.038	0.003	0.625	0.374	0.999	15.291	0.282	0.282
17.0	1.130	0.10234	-0.036	0.003	0.674	0.259	0.999	11.045	0.282	0.282
18.0	1.082	0.12630	-0.035	0.003	0.723	0.184	0.999	8.563	0.277	0.282
19.0	1.035	0.14839	-0.033	0.003	0.774	0.139	0.998	6.973	0.268	0.282
20.0	0.988	0.16930	-0.033	0.003	0.822	0.113	0.999	5.837	0.263	0.283

Name = NACA 1412
Mach = 0; Re = 3230000; T.U. = 1.0; T.L. = 1.0
Surface Finish = 2; Stall model = 0; Transition model = 1; Aspect Ratio = 0; ground effect = 0
?	Cl	Cd	Cm 0.25	T.U.	T.L.	S.U.	S.L.	L/D	A.C.	C.P.
[°]	[-]	[-]	[-]	[-]	[-]	[-]	[-]	[-]	[-]	[-]
-20.0	-0.862	0.18274	-0.001	0.681	0.002	1.000	0.066	-4.715	0.233	0.249
-19.0	-0.898	0.15527	-0.002	0.649	0.004	1.000	0.092	-5.785	0.230	0.248
-18.0	-0.926	0.13820	-0.002	0.611	0.004	1.000	0.108	-6.704	0.223	0.247
-17.0	-0.948	0.12237	-0.003	0.570	0.004	1.000	0.124	-7.751	0.212	0.247
-16.0	-0.967	0.10512	-0.004	0.535	0.004	1.000	0.159	-9.196	0.199	0.246
-15.0	-0.987	0.08210	-0.005	0.505	0.004	1.000	0.244	-12.023	0.189	0.245
-14.0	-1.006	0.05965	-0.006	0.461	0.004	1.000	0.372	-16.870	0.184	0.244
-13.0	-1.031	0.03750	-0.008	0.425	0.004	1.000	0.584	-27.495	0.157	0.242
-12.0	-1.040	0.02489	-0.010	0.403	0.005	1.000	0.798	-41.800	0.408	0.241
-11.0	-1.012	0.02026	-0.011	0.371	0.005	1.000	0.920	-49.983	0.280	0.239
-10.0	-0.953	0.01809	-0.012	0.351	0.006	1.000	0.964	-52.695	0.268	0.237
-9.0	-0.875	0.01654	-0.013	0.320	0.006	1.000	0.980	-52.922	0.264	0.235
-8.0	-0.785	0.01180	-0.015	0.300	0.008	1.000	0.988	-66.505	0.263	0.231
-7.0	-0.685	0.01232	-0.016	0.267	0.011	1.000	0.991	-55.599	0.262	0.227
-6.0	-0.577	0.01174	-0.017	0.251	0.014	1.000	0.992	-49.191	0.261	0.220
-5.0	-0.464	0.01144	-0.018	0.217	0.016	1.000	0.994	-40.591	0.261	0.210
-4.0	-0.348	0.01045	-0.020	0.194	0.021	0.997	0.995	-33.288	0.261	0.194
-3.0	-0.230	0.01020	-0.021	0.169	0.030	0.997	0.996	-22.542	0.261	0.159
-2.0	-0.111	0.01004	-0.022	0.141	0.042	0.997	0.997	-11.018	0.261	0.049
-1.0	0.009	0.01001	-0.024	0.119	0.057	0.996	0.998	0.925	0.261	2.794
0.0	0.129	0.01077	-0.025	0.096	0.077	0.995	0.998	12.006	0.261	0.442
1.0	0.249	0.01081	-0.026	0.071	0.102	0.995	0.998	23.048	0.261	0.355
2.0	0.368	0.01098	-0.028	0.051	0.128	0.994	0.998	33.554	0.261	0.325
3.0	0.487	0.01127	-0.029	0.036	0.148	0.994	0.998	43.240	0.261	0.309
4.0	0.604	0.01158	-0.030	0.026	0.176	0.993	0.998	52.195	0.262	0.300
5.0	0.719	0.01211	-0.032	0.018	0.209	0.992	0.998	59.407	0.262	0.294
6.0	0.831	0.01272	-0.033	0.013	0.230	0.990	0.998	65.329	0.262	0.290
7.0	0.937	0.01195	-0.034	0.011	0.261	0.988	0.998	78.397	0.263	0.286
8.0	1.034	0.01268	-0.035	0.008	0.299	0.982	0.998	81.516	0.264	0.284
9.0	1.120	0.01845	-0.037	0.006	0.324	0.974	0.998	60.708	0.266	0.283
10.0	1.192	0.02016	-0.038	0.005	0.362	0.959	0.998	59.130	0.268	0.282
11.0	1.248	0.02223	-0.039	0.005	0.405	0.933	0.998	56.141	0.272	0.281
12.0	1.284	0.02499	-0.040	0.004	0.449	0.889	0.998	51.381	0.281	0.281
13.0	1.296	0.02935	-0.041	0.004	0.472	0.815	0.999	44.154	-0.119	0.281
14.0	1.282	0.03682	-0.041	0.004	0.509	0.707	0.998	34.825	0.263	0.282
15.0	1.243	0.05086	-0.040	0.003	0.552	0.559	0.999	24.445	0.276	0.282
16.0	1.186	0.07492	-0.038	0.003	0.586	0.387	0.999	15.826	0.284	0.282
17.0	1.129	0.10257	-0.036	0.003	0.628	0.254	0.999	11.009	0.279	0.282
18.0	1.086	0.12185	-0.035	0.003	0.675	0.201	0.999	8.913	0.270	0.282
19.0	1.038	0.14405	-0.034	0.003	0.723	0.152	0.998	7.206	0.269	0.283
20.0	0.990	0.16524	-0.033	0.003	0.772	0.121	0.999	5.993	0.266	0.284

Name = NACA 1412
Mach = 0; Re = 3630000; T.U. = 1.0; T.L. = 1.0
Surface Finish = 2; Stall model = 0; Transition model = 1; Aspect Ratio = 0; ground effect = 0
?	Cl	Cd	Cm 0.25	T.U.	T.L.	S.U.	S.L.	L/D	A.C.	C.P.
[°]	[-]	[-]	[-]	[-]	[-]	[-]	[-]	[-]	[-]	[-]
-20.0	-0.861	0.18293	-0.001	0.656	0.002	1.000	0.064	-4.708	0.233	0.249
-19.0	-0.896	0.15977	-0.002	0.614	0.003	1.000	0.083	-5.609	0.230	0.248
-18.0	-0.927	0.13653	-0.002	0.575	0.004	1.000	0.111	-6.792	0.224	0.247
-17.0	-0.950	0.12100	-0.003	0.548	0.004	1.000	0.129	-7.847	0.212	0.247
-16.0	-0.968	0.10333	-0.004	0.510	0.004	1.000	0.165	-9.369	0.202	0.246
-15.0	-0.991	0.07908	-0.005	0.470	0.004	1.000	0.262	-12.536	0.195	0.245
-14.0	-1.013	0.05609	-0.007	0.440	0.004	1.000	0.402	-18.068	0.184	0.244
-13.0	-1.035	0.03622	-0.008	0.407	0.004	1.000	0.599	-28.563	0.152	0.242
-12.0	-1.045	0.02388	-0.010	0.385	0.005	1.000	0.819	-43.758	0.394	0.241
-11.0	-1.014	0.01977	-0.011	0.356	0.005	1.000	0.928	-51.300	0.278	0.239
-10.0	-0.953	0.01782	-0.012	0.337	0.005	1.000	0.966	-53.495	0.268	0.237
-9.0	-0.876	0.01628	-0.013	0.306	0.006	1.000	0.981	-53.766	0.264	0.235
-8.0	-0.785	0.01170	-0.015	0.282	0.007	1.000	0.989	-67.111	0.263	0.231
-7.0	-0.685	0.01214	-0.016	0.257	0.010	1.000	0.991	-56.397	0.262	0.227
-6.0	-0.578	0.01166	-0.017	0.229	0.013	1.000	0.993	-49.538	0.261	0.220
-5.0	-0.464	0.01130	-0.018	0.209	0.016	1.000	0.994	-41.080	0.261	0.210
-4.0	-0.348	0.01030	-0.020	0.179	0.020	1.000	0.995	-33.798	0.261	0.194
-3.0	-0.230	0.01002	-0.021	0.163	0.029	0.997	0.996	-22.947	0.261	0.159
-2.0	-0.111	0.00992	-0.022	0.134	0.039	0.997	0.997	-11.149	0.261	0.049
-1.0	0.009	0.01069	-0.024	0.108	0.053	0.996	0.998	0.866	0.261	2.794
0.0	0.129	0.01059	-0.025	0.089	0.073	0.996	0.998	12.204	0.261	0.442
1.0	0.249	0.01066	-0.026	0.067	0.098	0.995	0.998	23.369	0.261	0.355
2.0	0.369	0.01082	-0.028	0.048	0.115	0.995	0.998	34.056	0.261	0.325
3.0	0.487	0.01110	-0.029	0.033	0.140	0.994	0.998	43.890	0.261	0.309
4.0	0.604	0.01142	-0.030	0.025	0.170	0.993	0.998	52.933	0.262	0.300
5.0	0.719	0.01193	-0.032	0.016	0.191	0.992	0.998	60.291	0.262	0.294
6.0	0.831	0.01250	-0.033	0.013	0.218	0.991	0.998	66.496	0.262	0.290
7.0	0.937	0.01177	-0.034	0.011	0.253	0.989	0.998	79.657	0.263	0.286
8.0	1.034	0.01253	-0.035	0.007	0.274	0.983	0.998	82.517	0.264	0.284
9.0	1.120	0.01812	-0.037	0.006	0.308	0.976	0.998	61.803	0.266	0.283
10.0	1.193	0.01977	-0.038	0.005	0.347	0.961	0.999	60.326	0.268	0.282
11.0	1.249	0.02186	-0.039	0.004	0.377	0.936	0.998	57.143	0.272	0.281
12.0	1.285	0.02454	-0.040	0.004	0.415	0.894	0.998	52.378	0.281	0.281
13.0	1.299	0.02847	-0.041	0.004	0.455	0.827	0.999	45.621	-1.206	0.281
14.0	1.285	0.03591	-0.041	0.003	0.482	0.716	0.998	35.782	0.259	0.282
15.0	1.250	0.04834	-0.040	0.003	0.515	0.582	0.999	25.851	0.273	0.282
16.0	1.192	0.07118	-0.039	0.003	0.557	0.411	0.999	16.751	0.281	0.282
17.0	1.135	0.09807	-0.037	0.003	0.598	0.277	0.999	11.576	0.277	0.282
18.0	1.091	0.11733	-0.036	0.003	0.636	0.221	0.999	9.298	0.271	0.283
19.0	1.041	0.14045	-0.035	0.003	0.680	0.164	0.998	7.411	0.279	0.283
20.0	0.988	0.16940	-0.033	0.002	0.727	0.112	0.999	5.832	0.284	0.283

Name = NACA 1412
Mach = 0; Re = 4030000; T.U. = 1.0; T.L. = 1.0
Surface Finish = 2; Stall model = 0; Transition model = 1; Aspect Ratio = 0; ground effect = 0
?	Cl	Cd	Cm 0.25	T.U.	T.L.	S.U.	S.L.	L/D	A.C.	C.P.
[°]	[-]	[-]	[-]	[-]	[-]	[-]	[-]	[-]	[-]	[-]
-20.0	-0.861	0.18277	-0.001	0.620	0.002	1.000	0.065	-4.713	0.233	0.249
-19.0	-0.896	0.16030	-0.002	0.585	0.002	1.000	0.082	-5.590	0.230	0.248
-18.0	-0.929	0.13442	-0.002	0.556	0.004	1.000	0.118	-6.909	0.224	0.247
-17.0	-0.951	0.11869	-0.003	0.516	0.004	1.000	0.138	-8.017	0.212	0.247
-16.0	-0.971	0.10089	-0.004	0.485	0.004	1.000	0.177	-9.623	0.202	0.246
-15.0	-0.993	0.07805	-0.005	0.453	0.004	1.000	0.267	-12.718	0.199	0.245
-14.0	-1.020	0.05275	-0.007	0.415	0.004	1.000	0.432	-19.341	0.190	0.244
-13.0	-1.041	0.03408	-0.008	0.399	0.004	1.000	0.629	-30.551	0.143	0.242
-12.0	-1.049	0.02310	-0.010	0.364	0.005	1.000	0.836	-45.387	0.359	0.241
-11.0	-1.015	0.01948	-0.011	0.348	0.005	1.000	0.932	-52.104	0.277	0.239
-10.0	-0.954	0.01752	-0.012	0.314	0.005	1.000	0.968	-54.437	0.268	0.237
-9.0	-0.876	0.01217	-0.013	0.299	0.006	1.000	0.982	-71.959	0.264	0.235
-8.0	-0.785	0.01275	-0.015	0.265	0.007	1.000	0.989	-61.601	0.263	0.231
-7.0	-0.685	0.01202	-0.016	0.251	0.009	1.000	0.991	-56.958	0.262	0.227
-6.0	-0.578	0.01146	-0.017	0.217	0.013	1.000	0.993	-50.412	0.261	0.220
-5.0	-0.464	0.01111	-0.018	0.199	0.015	1.000	0.994	-41.798	0.261	0.210
-4.0	-0.348	0.01017	-0.020	0.171	0.019	1.000	0.995	-34.230	0.261	0.194
-3.0	-0.230	0.00995	-0.021	0.146	0.028	1.000	0.996	-23.112	0.261	0.159
-2.0	-0.111	0.01070	-0.022	0.129	0.037	0.997	0.997	-10.341	0.261	0.049
-1.0	0.009	0.01056	-0.024	0.102	0.050	0.996	0.998	0.876	0.261	2.794
0.0	0.129	0.01050	-0.025	0.080	0.070	0.996	0.998	12.313	0.261	0.442
1.0	0.249	0.01051	-0.026	0.064	0.088	0.995	0.998	23.708	0.261	0.355
2.0	0.369	0.01074	-0.028	0.045	0.109	0.995	0.998	34.301	0.261	0.325
3.0	0.487	0.01097	-0.029	0.031	0.135	0.994	0.998	44.395	0.261	0.309
4.0	0.604	0.01131	-0.030	0.023	0.159	0.993	0.998	53.439	0.262	0.300
5.0	0.719	0.01180	-0.032	0.016	0.180	0.992	0.998	60.967	0.262	0.294
6.0	0.831	0.01233	-0.033	0.012	0.211	0.991	0.998	67.395	0.262	0.290
7.0	0.937	0.01295	-0.034	0.011	0.233	0.989	0.998	72.379	0.263	0.286
8.0	1.034	0.01232	-0.035	0.007	0.262	0.984	0.998	83.948	0.264	0.284
9.0	1.120	0.01782	-0.037	0.005	0.299	0.977	0.998	62.875	0.266	0.283
10.0	1.193	0.01950	-0.038	0.005	0.320	0.962	0.999	61.177	0.268	0.282
11.0	1.250	0.02146	-0.039	0.004	0.357	0.940	0.998	58.246	0.272	0.281
12.0	1.287	0.02401	-0.040	0.004	0.399	0.901	0.998	53.593	0.281	0.281
13.0	1.302	0.02775	-0.041	0.004	0.432	0.837	0.999	46.913	0.633	0.281
14.0	1.289	0.03467	-0.041	0.003	0.461	0.732	0.998	37.181	0.256	0.282
15.0	1.255	0.04625	-0.040	0.003	0.500	0.602	0.999	27.142	0.273	0.282
16.0	1.194	0.07006	-0.039	0.003	0.525	0.418	0.999	17.045	0.279	0.282
17.0	1.140	0.09441	-0.037	0.003	0.564	0.296	0.999	12.078	0.273	0.282
18.0	1.095	0.11358	-0.036	0.003	0.608	0.237	0.999	9.642	0.270	0.283
19.0	1.044	0.13676	-0.035	0.003	0.651	0.177	0.998	7.636	0.292	0.284
20.0	0.983	0.17577	-0.032	0.001	0.690	0.093	0.999	5.595	0.308	0.282

Name = NACA 1412
Mach = 0; Re = 4430000; T.U. = 1.0; T.L. = 1.0
Surface Finish = 2; Stall model = 0; Transition model = 1; Aspect Ratio = 0; ground effect = 0
?	Cl	Cd	Cm 0.25	T.U.	T.L.	S.U.	S.L.	L/D	A.C.	C.P.
[°]	[-]	[-]	[-]	[-]	[-]	[-]	[-]	[-]	[-]	[-]
-20.0	-0.861	0.18181	-0.001	0.605	0.001	1.000	0.065	-4.738	0.233	0.249
-19.0	-0.895	0.16127	-0.002	0.563	0.002	1.000	0.078	-5.551	0.230	0.248
-18.0	-0.926	0.13749	-0.002	0.528	0.003	1.000	0.108	-6.738	0.224	0.247
-17.0	-0.953	0.11645	-0.003	0.504	0.004	1.000	0.145	-8.186	0.214	0.247
-16.0	-0.973	0.09853	-0.004	0.462	0.004	1.000	0.187	-9.878	0.203	0.246
-15.0	-0.997	0.07544	-0.005	0.428	0.004	1.000	0.284	-13.210	0.201	0.245
-14.0	-1.026	0.04994	-0.007	0.404	0.004	1.000	0.459	-20.552	0.192	0.243
-13.0	-1.047	0.03234	-0.008	0.377	0.004	1.000	0.654	-32.374	0.131	0.242
-12.0	-1.051	0.02244	-0.010	0.354	0.005	1.000	0.850	-46.863	0.341	0.241
-11.0	-1.016	0.01911	-0.011	0.332	0.005	1.000	0.937	-53.162	0.276	0.239
-10.0	-0.954	0.01726	-0.012	0.305	0.005	1.000	0.970	-55.278	0.267	0.237
-9.0	-0.876	0.01202	-0.013	0.282	0.006	1.000	0.983	-72.835	0.264	0.235
-8.0	-0.785	0.01253	-0.015	0.257	0.006	1.000	0.990	-62.678	0.263	0.231
-7.0	-0.685	0.01190	-0.016	0.231	0.009	1.000	0.991	-57.548	0.262	0.227
-6.0	-0.578	0.01131	-0.017	0.210	0.013	1.000	0.993	-51.088	0.261	0.220
-5.0	-0.464	0.01100	-0.018	0.183	0.015	1.000	0.995	-42.197	0.261	0.210
-4.0	-0.348	0.01073	-0.020	0.167	0.018	1.000	0.995	-32.419	0.261	0.194
-3.0	-0.230	0.00984	-0.021	0.138	0.027	1.000	0.997	-23.359	0.261	0.159
-2.0	-0.111	0.00968	-0.022	0.121	0.034	0.997	0.997	-11.426	0.261	0.049
-1.0	0.009	0.01045	-0.024	0.098	0.049	0.997	0.998	0.885	0.261	2.794
0.0	0.129	0.01039	-0.025	0.075	0.067	0.996	0.998	12.443	0.261	0.442
1.0	0.249	0.01048	-0.026	0.058	0.082	0.995	0.998	23.775	0.261	0.355
2.0	0.369	0.01057	-0.028	0.044	0.104	0.995	0.998	34.862	0.261	0.325
3.0	0.487	0.01085	-0.029	0.029	0.132	0.994	0.998	44.914	0.261	0.309
4.0	0.604	0.01120	-0.030	0.021	0.147	0.993	0.998	53.949	0.262	0.300
5.0	0.719	0.01166	-0.032	0.015	0.174	0.992	0.998	61.679	0.262	0.294
6.0	0.831	0.01213	-0.033	0.012	0.202	0.991	0.998	68.535	0.262	0.290
7.0	0.937	0.01280	-0.034	0.011	0.221	0.990	0.998	73.242	0.263	0.286
8.0	1.034	0.01219	-0.035	0.007	0.255	0.984	0.998	84.814	0.264	0.284
9.0	1.121	0.01758	-0.037	0.005	0.277	0.978	0.998	63.753	0.266	0.283
10.0	1.193	0.01919	-0.038	0.005	0.308	0.964	0.999	62.180	0.268	0.282
11.0	1.251	0.02111	-0.039	0.004	0.347	0.943	0.998	59.229	0.272	0.281
12.0	1.288	0.02360	-0.040	0.004	0.372	0.906	0.998	54.603	0.282	0.281
13.0	1.303	0.02735	-0.041	0.003	0.410	0.842	0.999	47.638	0.458	0.281
14.0	1.293	0.03358	-0.041	0.003	0.450	0.745	0.998	38.503	0.252	0.282
15.0	1.260	0.04448	-0.041	0.003	0.470	0.620	0.999	28.325	0.272	0.282
16.0	1.199	0.06730	-0.039	0.003	0.507	0.436	0.999	17.818	0.277	0.283
17.0	1.146	0.09079	-0.038	0.003	0.543	0.316	0.999	12.617	0.272	0.283
18.0	1.099	0.11029	-0.037	0.003	0.574	0.251	0.999	9.962	0.281	0.283
19.0	1.038	0.14278	-0.034	0.002	0.616	0.154	0.999	7.272	0.296	0.283
20.0	0.983	0.17644	-0.031	0.001	0.660	0.091	0.999	5.571	0.299	0.282

Name = NACA 1412
Mach = 0; Re = 4830000; T.U. = 1.0; T.L. = 1.0
Surface Finish = 2; Stall model = 0; Transition model = 1; Aspect Ratio = 0; ground effect = 0
?	Cl	Cd	Cm 0.25	T.U.	T.L.	S.U.	S.L.	L/D	A.C.	C.P.
[°]	[-]	[-]	[-]	[-]	[-]	[-]	[-]	[-]	[-]	[-]
-20.0	-0.861	0.18267	-0.001	0.572	0.001	1.000	0.064	-4.715	0.233	0.249
-19.0	-0.895	0.16103	-0.002	0.549	0.002	1.000	0.078	-5.560	0.230	0.248
-18.0	-0.924	0.14000	-0.002	0.511	0.002	1.000	0.098	-6.602	0.224	0.247
-17.0	-0.955	0.11452	-0.003	0.475	0.004	1.000	0.152	-8.339	0.216	0.247
-16.0	-0.976	0.09652	-0.004	0.451	0.004	1.000	0.197	-10.107	0.204	0.246
-15.0	-1.000	0.07321	-0.005	0.412	0.004	1.000	0.298	-13.656	0.204	0.245
-14.0	-1.032	0.04752	-0.007	0.398	0.004	1.000	0.482	-21.711	0.194	0.243
-13.0	-1.052	0.03087	-0.008	0.362	0.004	1.000	0.677	-34.079	0.108	0.242
-12.0	-1.052	0.02216	-0.010	0.348	0.004	1.000	0.854	-47.501	0.328	0.241
-11.0	-1.017	0.01884	-0.011	0.314	0.005	1.000	0.941	-53.972	0.276	0.239
-10.0	-0.955	0.01698	-0.012	0.299	0.005	1.000	0.973	-56.222	0.267	0.237
-9.0	-0.876	0.01188	-0.013	0.267	0.006	1.000	0.984	-73.746	0.264	0.235
-8.0	-0.785	0.01245	-0.015	0.252	0.006	1.000	0.990	-63.088	0.263	0.231
-7.0	-0.685	0.01182	-0.016	0.219	0.008	1.000	0.991	-57.952	0.262	0.227
-6.0	-0.578	0.01119	-0.017	0.206	0.013	1.000	0.993	-51.621	0.261	0.220
-5.0	-0.464	0.01092	-0.018	0.175	0.014	1.000	0.994	-42.505	0.261	0.210
-4.0	-0.348	0.01061	-0.020	0.161	0.017	1.000	0.995	-32.788	0.261	0.194
-3.0	-0.230	0.01049	-0.021	0.134	0.026	1.000	0.996	-21.914	0.261	0.159
-2.0	-0.111	0.00960	-0.022	0.110	0.033	0.997	0.998	-11.520	0.261	0.049
-1.0	0.009	0.01028	-0.024	0.095	0.047	0.997	0.998	0.900	0.261	2.794
0.0	0.129	0.01033	-0.025	0.071	0.061	0.996	0.998	12.511	0.261	0.442
1.0	0.249	0.01037	-0.026	0.053	0.078	0.996	0.998	24.013	0.261	0.355
2.0	0.369	0.01046	-0.028	0.042	0.101	0.995	0.998	35.229	0.261	0.325
3.0	0.487	0.01073	-0.029	0.028	0.122	0.994	0.998	45.389	0.261	0.309
4.0	0.604	0.01104	-0.030	0.020	0.141	0.994	0.998	54.757	0.262	0.300
5.0	0.719	0.01152	-0.032	0.014	0.170	0.992	0.998	62.419	0.262	0.294
6.0	0.831	0.01208	-0.033	0.012	0.187	0.991	0.998	68.832	0.262	0.290
7.0	0.937	0.01273	-0.034	0.010	0.215	0.990	0.998	73.656	0.263	0.286
8.0	1.034	0.01206	-0.035	0.006	0.244	0.985	0.998	85.751	0.264	0.284
9.0	1.121	0.01737	-0.037	0.005	0.265	0.978	0.998	64.525	0.266	0.283
10.0	1.194	0.01898	-0.038	0.004	0.301	0.966	0.999	62.901	0.268	0.282
11.0	1.251	0.02090	-0.039	0.004	0.322	0.944	0.998	59.842	0.272	0.281
12.0	1.290	0.02319	-0.040	0.004	0.357	0.910	0.998	55.599	0.282	0.281
13.0	1.305	0.02681	-0.041	0.003	0.399	0.849	0.999	48.674	0.404	0.281
14.0	1.296	0.03269	-0.041	0.003	0.426	0.757	0.998	39.648	0.249	0.282
15.0	1.264	0.04293	-0.041	0.003	0.457	0.635	0.999	29.452	0.270	0.282
16.0	1.204	0.06489	-0.039	0.003	0.489	0.453	0.999	18.549	0.276	0.283
17.0	1.150	0.08771	-0.038	0.003	0.517	0.333	0.999	13.110	0.271	0.283
18.0	1.103	0.10690	-0.037	0.003	0.557	0.266	0.999	10.314	0.291	0.284
19.0	1.033	0.14902	-0.033	0.002	0.593	0.131	0.999	6.929	0.298	0.282
20.0	0.983	0.17666	-0.031	0.001	0.628	0.091	0.999	5.564	0.282	0.282

Name = NACA 1412
Mach = 0; Re = 5230000; T.U. = 1.0; T.L. = 1.0
Surface Finish = 2; Stall model = 0; Transition model = 1; Aspect Ratio = 0; ground effect = 0
?	Cl	Cd	Cm 0.25	T.U.	T.L.	S.U.	S.L.	L/D	A.C.	C.P.
[°]	[-]	[-]	[-]	[-]	[-]	[-]	[-]	[-]	[-]	[-]
-20.0	-0.862	0.18256	-0.001	0.559	0.001	1.000	0.066	-4.720	0.233	0.249
-19.0	-0.895	0.16128	-0.002	0.521	0.001	1.000	0.078	-5.551	0.230	0.248
-18.0	-0.924	0.14012	-0.002	0.502	0.002	1.000	0.098	-6.597	0.224	0.247
-17.0	-0.954	0.11542	-0.003	0.459	0.003	1.000	0.148	-8.265	0.216	0.247
-16.0	-0.977	0.09475	-0.004	0.427	0.004	1.000	0.205	-10.317	0.207	0.246
-15.0	-1.004	0.07079	-0.005	0.404	0.004	1.000	0.314	-14.177	0.202	0.245
-14.0	-1.031	0.04758	-0.007	0.377	0.004	1.000	0.480	-21.675	0.195	0.243
-13.0	-1.057	0.02960	-0.008	0.354	0.004	1.000	0.697	-35.690	0.124	0.242
-12.0	-1.055	0.02165	-0.010	0.336	0.004	1.000	0.865	-48.722	0.320	0.241
-11.0	-1.018	0.01858	-0.011	0.306	0.005	1.000	0.945	-54.770	0.275	0.239
-10.0	-0.955	0.01684	-0.012	0.290	0.005	1.000	0.974	-56.726	0.267	0.237
-9.0	-0.876	0.01174	-0.013	0.259	0.005	1.000	0.984	-74.617	0.264	0.235
-8.0	-0.785	0.01230	-0.015	0.242	0.006	1.000	0.990	-63.820	0.263	0.231
-7.0	-0.685	0.01168	-0.016	0.213	0.007	1.000	0.992	-58.650	0.262	0.227
-6.0	-0.578	0.01112	-0.017	0.194	0.012	1.000	0.993	-51.936	0.261	0.220
-5.0	-0.464	0.01082	-0.018	0.170	0.014	1.000	0.994	-42.931	0.261	0.210
-4.0	-0.348	0.01054	-0.020	0.147	0.017	1.000	0.995	-33.003	0.261	0.194
-3.0	-0.230	0.01039	-0.021	0.131	0.024	1.000	0.997	-22.138	0.261	0.159
-2.0	-0.111	0.01047	-0.022	0.105	0.032	0.997	0.997	-10.564	0.261	0.049
-1.0	0.009	0.01024	-0.024	0.091	0.046	0.997	0.997	0.903	0.261	2.794
0.0	0.129	0.01023	-0.025	0.069	0.058	0.996	0.998	12.634	0.261	0.442
1.0	0.249	0.01027	-0.026	0.051	0.075	0.996	0.998	24.254	0.261	0.355
2.0	0.369	0.01040	-0.028	0.038	0.100	0.995	0.998	35.425	0.261	0.325
3.0	0.487	0.01063	-0.029	0.027	0.114	0.994	0.998	45.820	0.261	0.309
4.0	0.604	0.01099	-0.030	0.019	0.137	0.994	0.998	55.003	0.262	0.300
5.0	0.719	0.01141	-0.032	0.014	0.165	0.992	0.998	63.022	0.262	0.294
6.0	0.831	0.01194	-0.033	0.012	0.179	0.991	0.998	69.609	0.262	0.290
7.0	0.938	0.01255	-0.034	0.009	0.211	0.990	0.998	74.694	0.263	0.286
8.0	1.034	0.01193	-0.036	0.006	0.228	0.986	0.998	86.729	0.264	0.284
9.0	1.121	0.01720	-0.037	0.005	0.258	0.979	0.998	65.166	0.266	0.283
10.0	1.194	0.01873	-0.038	0.004	0.286	0.967	0.999	63.755	0.268	0.282
11.0	1.252	0.02060	-0.039	0.004	0.310	0.947	0.998	60.760	0.272	0.281
12.0	1.291	0.02285	-0.040	0.004	0.348	0.914	0.998	56.471	0.282	0.281
13.0	1.307	0.02633	-0.041	0.003	0.374	0.856	0.999	49.636	0.380	0.281
14.0	1.299	0.03188	-0.041	0.003	0.409	0.767	0.998	40.742	0.251	0.282
15.0	1.264	0.04283	-0.041	0.003	0.450	0.634	0.999	29.512	0.269	0.282
16.0	1.208	0.06260	-0.040	0.003	0.468	0.470	0.999	19.298	0.274	0.283
17.0	1.154	0.08503	-0.038	0.003	0.505	0.347	0.999	13.570	0.273	0.283
18.0	1.102	0.10689	-0.037	0.003	0.534	0.265	0.999	10.313	0.295	0.284
19.0	1.031	0.15049	-0.033	0.001	0.568	0.125	0.999	6.852	0.298	0.282
20.0	0.983	0.17563	-0.031	0.001	0.609	0.091	0.999	5.596	0.277	0.282

Name = NACA 1412
Mach = 0; Re = 5630000; T.U. = 1.0; T.L. = 1.0
Surface Finish = 2; Stall model = 0; Transition model = 1; Aspect Ratio = 0; ground effect = 0
?	Cl	Cd	Cm 0.25	T.U.	T.L.	S.U.	S.L.	L/D	A.C.	C.P.
[°]	[-]	[-]	[-]	[-]	[-]	[-]	[-]	[-]	[-]	[-]
-20.0	-0.862	0.18023	-0.001	0.542	0.001	1.000	0.066	-4.782	0.233	0.249
-19.0	-0.895	0.16118	-0.002	0.509	0.001	1.000	0.079	-5.555	0.230	0.248
-18.0	-0.924	0.14024	-0.002	0.474	0.002	1.000	0.097	-6.589	0.224	0.247
-17.0	-0.950	0.11935	-0.003	0.451	0.002	1.000	0.131	-7.960	0.217	0.247
-16.0	-0.980	0.09292	-0.004	0.413	0.004	1.000	0.214	-10.542	0.211	0.246
-15.0	-1.007	0.06869	-0.005	0.399	0.004	1.000	0.328	-14.659	0.204	0.245
-14.0	-1.036	0.04568	-0.007	0.364	0.004	1.000	0.499	-22.674	0.196	0.243
-13.0	-1.061	0.02854	-0.008	0.349	0.004	1.000	0.715	-37.167	0.111	0.242
-12.0	-1.057	0.02126	-0.010	0.318	0.004	1.000	0.874	-49.711	0.314	0.241
-11.0	-1.018	0.01830	-0.011	0.301	0.005	1.000	0.948	-55.643	0.275	0.239
-10.0	-0.955	0.01663	-0.012	0.272	0.005	1.000	0.975	-57.457	0.267	0.237
-9.0	-0.876	0.01164	-0.013	0.254	0.005	1.000	0.985	-75.294	0.264	0.235
-8.0	-0.785	0.01213	-0.015	0.226	0.006	1.000	0.990	-64.766	0.263	0.231
-7.0	-0.685	0.01158	-0.016	0.209	0.007	1.000	0.992	-59.144	0.262	0.227
-6.0	-0.578	0.01098	-0.017	0.182	0.011	1.000	0.993	-52.614	0.261	0.220
-5.0	-0.464	0.01069	-0.018	0.167	0.014	1.000	0.995	-43.418	0.261	0.210
-4.0	-0.348	0.01044	-0.020	0.140	0.016	1.000	0.996	-33.324	0.261	0.194
-3.0	-0.230	0.01029	-0.021	0.128	0.023	1.000	0.997	-22.346	0.261	0.159
-2.0	-0.111	0.01038	-0.022	0.101	0.031	1.000	0.997	-10.654	0.261	0.049
-1.0	0.009	0.01017	-0.024	0.083	0.044	0.997	0.997	0.910	0.261	2.794
0.0	0.129	0.01010	-0.025	0.067	0.055	0.997	0.998	12.799	0.261	0.442
1.0	0.249	0.01018	-0.026	0.049	0.073	0.996	0.998	24.482	0.261	0.355
2.0	0.369	0.01026	-0.028	0.036	0.096	0.995	0.998	35.918	0.261	0.325
3.0	0.487	0.01054	-0.029	0.026	0.109	0.995	0.998	46.240	0.261	0.309
4.0	0.605	0.01083	-0.030	0.018	0.134	0.994	0.998	55.829	0.262	0.300
5.0	0.719	0.01132	-0.032	0.013	0.152	0.993	0.998	63.552	0.262	0.294
6.0	0.831	0.01177	-0.033	0.011	0.175	0.992	0.998	70.627	0.262	0.290
7.0	0.938	0.01250	-0.034	0.008	0.207	0.990	0.998	75.030	0.263	0.286
8.0	1.035	0.01184	-0.036	0.006	0.221	0.986	0.998	87.406	0.264	0.284
9.0	1.121	0.01695	-0.037	0.005	0.255	0.980	0.998	66.133	0.266	0.283
10.0	1.195	0.01851	-0.038	0.004	0.271	0.969	0.999	64.539	0.268	0.282
11.0	1.252	0.02035	-0.039	0.004	0.304	0.949	0.998	61.548	0.272	0.281
12.0	1.291	0.02266	-0.040	0.003	0.330	0.916	0.998	56.961	0.282	0.281
13.0	1.308	0.02587	-0.041	0.003	0.359	0.862	0.999	50.563	0.362	0.281
14.0	1.301	0.03118	-0.041	0.003	0.400	0.777	0.998	41.739	0.248	0.282
15.0	1.267	0.04161	-0.041	0.003	0.427	0.647	0.999	30.463	0.267	0.282
16.0	1.212	0.06059	-0.040	0.003	0.458	0.485	0.999	20.006	0.272	0.283
17.0	1.158	0.08246	-0.039	0.003	0.487	0.362	0.999	14.039	0.282	0.283
18.0	1.092	0.11495	-0.036	0.002	0.515	0.225	0.999	9.502	0.297	0.283
19.0	1.030	0.15193	-0.033	0.001	0.556	0.120	0.999	6.779	0.292	0.282
20.0	0.983	0.17650	-0.031	0.001	0.584	0.090	0.999	5.568	0.273	0.282

Name = NACA 1412
Mach = 0; Re = 6030000; T.U. = 1.0; T.L. = 1.0
Surface Finish = 2; Stall model = 0; Transition model = 1; Aspect Ratio = 0; ground effect = 0
?	Cl	Cd	Cm 0.25	T.U.	T.L.	S.U.	S.L.	L/D	A.C.	C.P.
[°]	[-]	[-]	[-]	[-]	[-]	[-]	[-]	[-]	[-]	[-]
-20.0	-0.862	0.17930	-0.001	0.520	0.001	1.000	0.068	-4.808	0.233	0.249
-19.0	-0.896	0.15955	-0.002	0.502	0.001	1.000	0.080	-5.614	0.230	0.248
-18.0	-0.924	0.14033	-0.002	0.460	0.001	1.000	0.097	-6.584	0.224	0.247
-17.0	-0.949	0.12071	-0.003	0.431	0.002	1.000	0.126	-7.861	0.218	0.247
-16.0	-0.982	0.09106	-0.004	0.405	0.004	1.000	0.224	-10.782	0.212	0.246
-15.0	-1.010	0.06680	-0.005	0.385	0.004	1.000	0.341	-15.118	0.205	0.245
-14.0	-1.040	0.04384	-0.007	0.356	0.004	1.000	0.518	-23.721	0.197	0.243
-13.0	-1.064	0.02758	-0.008	0.346	0.004	1.000	0.730	-38.584	0.092	0.242
-12.0	-1.058	0.02091	-0.010	0.309	0.004	1.000	0.881	-50.618	0.308	0.241
-11.0	-1.018	0.01817	-0.011	0.297	0.004	1.000	0.949	-56.060	0.274	0.239
-10.0	-0.956	0.01640	-0.012	0.263	0.005	1.000	0.977	-58.268	0.267	0.237
-9.0	-0.876	0.01149	-0.013	0.252	0.005	1.000	0.986	-76.254	0.264	0.235
-8.0	-0.785	0.01209	-0.015	0.218	0.006	1.000	0.990	-64.954	0.263	0.231
-7.0	-0.685	0.01145	-0.016	0.206	0.006	1.000	0.992	-59.839	0.262	0.227
-6.0	-0.578	0.01095	-0.017	0.175	0.011	1.000	0.993	-52.738	0.261	0.220
-5.0	-0.464	0.01059	-0.018	0.165	0.014	1.000	0.995	-43.839	0.261	0.210
-4.0	-0.348	0.01041	-0.020	0.135	0.016	1.000	0.996	-33.441	0.261	0.194
-3.0	-0.230	0.01021	-0.021	0.120	0.022	1.000	0.997	-22.520	0.261	0.159
-2.0	-0.111	0.01027	-0.022	0.099	0.029	1.000	0.997	-10.776	0.261	0.049
-1.0	0.009	0.01008	-0.024	0.078	0.041	0.997	0.998	0.917	0.261	2.794
0.0	0.129	0.01008	-0.025	0.066	0.053	0.997	0.998	12.825	0.261	0.442
1.0	0.249	0.01012	-0.026	0.047	0.071	0.996	0.998	24.628	0.261	0.355
2.0	0.369	0.01025	-0.028	0.033	0.088	0.995	0.998	35.967	0.261	0.325
3.0	0.487	0.01049	-0.029	0.026	0.106	0.995	0.998	46.454	0.261	0.309
4.0	0.605	0.01078	-0.030	0.017	0.132	0.994	0.998	56.073	0.262	0.300
5.0	0.719	0.01117	-0.032	0.013	0.145	0.993	0.998	64.435	0.262	0.294
6.0	0.831	0.01171	-0.033	0.011	0.172	0.992	0.998	71.007	0.262	0.290
7.0	0.938	0.01235	-0.034	0.008	0.191	0.990	0.998	75.931	0.263	0.286
8.0	1.035	0.01171	-0.036	0.005	0.216	0.987	0.998	88.396	0.264	0.284
9.0	1.121	0.01679	-0.037	0.005	0.246	0.981	0.998	66.781	0.266	0.283
10.0	1.195	0.01831	-0.038	0.004	0.264	0.970	0.999	65.258	0.268	0.282
11.0	1.253	0.02007	-0.039	0.004	0.300	0.951	0.998	62.407	0.272	0.281
12.0	1.292	0.02235	-0.040	0.003	0.316	0.919	0.998	57.790	0.282	0.281
13.0	1.310	0.02548	-0.041	0.003	0.352	0.868	0.999	51.400	0.353	0.281
14.0	1.304	0.03053	-0.041	0.003	0.383	0.785	0.998	42.700	0.246	0.282
15.0	1.271	0.04049	-0.041	0.003	0.411	0.659	0.999	31.382	0.266	0.282
16.0	1.216	0.05884	-0.040	0.003	0.451	0.498	0.999	20.664	0.271	0.283
17.0	1.161	0.08022	-0.039	0.003	0.468	0.375	0.999	14.475	0.290	0.283
18.0	1.083	0.12262	-0.035	0.001	0.505	0.189	0.999	8.831	0.298	0.282
19.0	1.030	0.15218	-0.032	0.001	0.533	0.120	0.999	6.767	0.284	0.282
20.0	0.983	0.17638	-0.031	0.001	0.565	0.089	0.999	5.571	0.273	0.282

Name = NACA 1412
Mach = 0; Re = 6430000; T.U. = 1.0; T.L. = 1.0
Surface Finish = 2; Stall model = 0; Transition model = 1; Aspect Ratio = 0; ground effect = 0
?	Cl	Cd	Cm 0.25	T.U.	T.L.	S.U.	S.L.	L/D	A.C.	C.P.
[°]	[-]	[-]	[-]	[-]	[-]	[-]	[-]	[-]	[-]	[-]
-20.0	-0.862	0.17870	-0.001	0.510	0.001	1.000	0.069	-4.825	0.233	0.249
-19.0	-0.896	0.16008	-0.002	0.478	0.001	1.000	0.080	-5.595	0.230	0.248
-18.0	-0.925	0.13947	-0.002	0.453	0.001	1.000	0.100	-6.629	0.224	0.247
-17.0	-0.950	0.11999	-0.003	0.416	0.002	1.000	0.129	-7.914	0.218	0.247
-16.0	-0.984	0.08941	-0.004	0.400	0.004	1.000	0.232	-11.003	0.213	0.246
-15.0	-1.013	0.06497	-0.006	0.368	0.004	1.000	0.354	-15.591	0.207	0.245
-14.0	-1.044	0.04225	-0.007	0.352	0.004	1.000	0.535	-24.706	0.194	0.243
-13.0	-1.064	0.02757	-0.008	0.326	0.004	1.000	0.729	-38.578	0.069	0.242
-12.0	-1.060	0.02055	-0.010	0.304	0.004	1.000	0.888	-51.570	0.310	0.241
-11.0	-1.019	0.01794	-0.011	0.284	0.004	1.000	0.952	-56.794	0.274	0.239
-10.0	-0.956	0.01624	-0.012	0.258	0.005	1.000	0.977	-58.830	0.267	0.237
-9.0	-0.876	0.01141	-0.013	0.242	0.005	1.000	0.986	-76.800	0.264	0.235
-8.0	-0.785	0.01199	-0.015	0.213	0.006	1.000	0.990	-65.490	0.263	0.231
-7.0	-0.685	0.01141	-0.016	0.199	0.006	1.000	0.992	-60.049	0.262	0.227
-6.0	-0.578	0.01087	-0.017	0.171	0.010	1.000	0.993	-53.125	0.261	0.220
-5.0	-0.464	0.01054	-0.018	0.155	0.013	1.000	0.995	-44.075	0.261	0.210
-4.0	-0.348	0.01027	-0.020	0.133	0.015	1.000	0.996	-33.900	0.261	0.194
-3.0	-0.230	0.01020	-0.021	0.112	0.020	1.000	0.997	-22.537	0.261	0.159
-2.0	-0.111	0.01095	-0.022	0.097	0.029	1.000	0.997	-10.104	0.261	0.049
-1.0	0.009	0.01006	-0.024	0.074	0.039	0.997	0.998	0.920	0.261	2.794
0.0	0.129	0.00994	-0.025	0.063	0.051	0.997	0.998	13.000	0.261	0.442
1.0	0.249	0.00997	-0.026	0.045	0.070	0.996	0.998	24.993	0.261	0.355
2.0	0.369	0.01013	-0.028	0.032	0.083	0.996	0.998	36.388	0.261	0.325
3.0	0.487	0.01034	-0.029	0.025	0.103	0.995	0.998	47.147	0.261	0.309
4.0	0.605	0.01068	-0.030	0.016	0.128	0.994	0.998	56.578	0.262	0.300
5.0	0.719	0.01112	-0.032	0.013	0.141	0.993	0.998	64.715	0.262	0.294
6.0	0.831	0.01158	-0.033	0.011	0.169	0.992	0.998	71.771	0.262	0.290
7.0	0.938	0.01224	-0.034	0.007	0.183	0.991	0.998	76.625	0.263	0.286
8.0	1.035	0.01161	-0.036	0.005	0.213	0.988	0.998	89.144	0.264	0.284
9.0	1.121	0.01668	-0.037	0.004	0.231	0.981	0.998	67.231	0.266	0.283
10.0	1.195	0.01815	-0.038	0.004	0.258	0.971	0.999	65.826	0.268	0.282
11.0	1.253	0.01988	-0.039	0.004	0.285	0.954	0.998	63.056	0.273	0.281
12.0	1.293	0.02210	-0.040	0.003	0.309	0.922	0.998	58.498	0.282	0.281
13.0	1.311	0.02510	-0.041	0.003	0.346	0.873	0.999	52.245	0.357	0.281
14.0	1.304	0.03038	-0.041	0.003	0.366	0.786	0.998	42.919	0.243	0.282
15.0	1.274	0.03949	-0.041	0.003	0.403	0.670	0.999	32.251	0.264	0.282
16.0	1.219	0.05716	-0.040	0.003	0.436	0.511	0.999	21.333	0.270	0.283
17.0	1.164	0.07819	-0.039	0.003	0.459	0.387	0.999	14.890	0.292	0.284
18.0	1.080	0.12519	-0.034	0.001	0.493	0.178	0.999	8.627	0.300	0.282
19.0	1.029	0.15291	-0.032	0.001	0.516	0.117	0.999	6.730	0.279	0.281
20.0	0.983	0.17557	-0.032	0.001	0.556	0.092	0.999	5.600	0.268	0.282


