Name = NACA 2408
Mach = 0; Re = 30000; T.U. = 1.0; T.L. = 1.0
Surface Finish = 2; Stall model = 0; Transition model = 1; Aspect Ratio = 0; ground effect = 0
?	Cl	Cd	Cm 0.25	T.U.	T.L.	S.U.	S.L.	L/D	A.C.	C.P.
[°]	[-]	[-]	[-]	[-]	[-]	[-]	[-]	[-]	[-]	[-]
-20.0	-0.292	0.98818	-0.011	0.976	0.002	0.984	0.003	-0.296	0.253	0.213
-19.0	-0.324	0.80550	-0.011	0.974	0.002	0.983	0.003	-0.402	0.251	0.217
-18.0	-0.359	0.69723	-0.011	0.971	0.002	0.983	0.003	-0.515	0.247	0.220
-17.0	-0.396	0.57059	-0.011	0.969	0.002	0.982	0.003	-0.694	0.242	0.222
-16.0	-0.435	0.49057	-0.011	0.966	0.002	0.981	0.003	-0.887	0.239	0.224
-15.0	-0.474	0.38609	-0.012	0.964	0.002	0.981	0.003	-1.229	0.236	0.225
-14.0	-0.511	0.32647	-0.012	0.961	0.002	0.980	0.004	-1.566	0.231	0.226
-13.0	-0.543	0.27500	-0.013	0.959	0.003	0.980	0.005	-1.973	0.233	0.226
-12.0	-0.565	0.21510	-0.013	0.953	0.004	0.978	0.005	-2.624	0.225	0.226
-11.0	-0.573	0.17618	-0.014	0.946	0.004	0.978	0.005	-3.251	1.770	0.226
-10.0	-0.564	0.14591	-0.014	0.940	0.005	0.977	0.006	-3.864	0.273	0.224
-9.0	-0.534	0.11702	-0.015	0.932	0.005	0.975	0.006	-4.563	0.264	0.222
-8.0	-0.480	0.09575	-0.016	0.920	0.005	0.973	0.007	-5.018	0.262	0.218
-7.0	-0.415	0.08011	-0.016	0.908	0.006	0.970	0.008	-5.186	0.259	0.211
-6.0	-0.341	0.06630	-0.017	0.889	0.007	0.969	0.008	-5.142	0.260	0.201
-5.0	-0.259	0.05756	-0.018	0.870	0.007	0.967	0.010	-4.497	0.272	0.182
-4.0	-0.172	0.05060	-0.020	0.843	0.011	0.966	0.019	-3.395	0.314	0.131
-3.0	-0.082	0.04412	-0.029	0.810	0.024	0.965	0.097	-1.866	0.392	-0.101
-2.0	0.015	0.02520	-0.047	0.771	0.251	0.965	0.997	0.596	0.338	3.373
-1.0	0.131	0.02403	-0.048	0.722	0.813	0.966	0.987	5.456	0.257	0.614
0.0	0.246	0.02461	-0.049	0.661	0.891	0.967	0.984	10.007	0.258	0.447
1.0	0.362	0.02549	-0.050	0.582	0.929	0.970	0.984	14.198	0.258	0.387
2.0	0.478	0.02676	-0.051	0.463	0.949	0.977	0.987	17.847	0.258	0.356
3.0	0.590	0.02867	-0.051	0.406	0.962	0.968	0.990	20.594	0.257	0.337
4.0	0.698	0.03059	-0.052	0.357	0.971	0.952	0.990	22.818	-0.183	0.325
5.0	0.651	0.05061	-0.025	0.010	0.978	0.022	0.991	12.865	-0.852	0.289
6.0	0.726	0.05865	-0.021	0.007	0.982	0.009	0.994	12.379	0.219	0.279
7.0	0.793	0.06966	-0.021	0.005	0.987	0.007	0.996	11.385	0.243	0.276
8.0	0.848	0.08482	-0.020	0.005	0.990	0.006	0.998	10.002	0.246	0.274
9.0	0.890	0.10371	-0.020	0.004	0.994	0.006	0.997	8.578	0.249	0.273
10.0	0.915	0.12696	-0.020	0.004	0.997	0.005	0.997	7.210	0.237	0.272
11.0	0.919	0.16184	-0.020	0.003	0.997	0.004	0.998	5.678	0.268	0.272
12.0	0.888	0.19432	-0.020	0.003	0.998	0.004	0.998	4.568	0.250	0.272
13.0	0.839	0.23697	-0.020	0.003	0.997	0.004	0.998	3.540	0.251	0.274
14.0	0.778	0.29038	-0.020	0.002	0.998	0.003	0.998	2.681	0.249	0.275
15.0	0.712	0.34805	-0.020	0.002	0.998	0.003	0.998	2.045	0.254	0.278
16.0	0.643	0.42375	-0.019	0.001	0.998	0.002	0.998	1.518	0.260	0.280
17.0	0.577	0.52799	-0.019	0.001	0.998	0.002	0.998	1.093	0.251	0.283
18.0	0.516	0.62924	-0.019	0.001	0.998	0.002	0.998	0.819	0.254	0.287
19.0	0.459	0.75725	-0.018	0.001	0.998	0.002	0.998	0.606	0.248	0.290
20.0	0.409	0.87947	-0.019	0.001	0.998	0.002	0.999	0.465	0.233	0.297

Name = NACA 2408
Mach = 0; Re = 430000; T.U. = 1.0; T.L. = 1.0
Surface Finish = 2; Stall model = 0; Transition model = 1; Aspect Ratio = 0; ground effect = 0
?	Cl	Cd	Cm 0.25	T.U.	T.L.	S.U.	S.L.	L/D	A.C.	C.P.
[°]	[-]	[-]	[-]	[-]	[-]	[-]	[-]	[-]	[-]	[-]
-20.0	-0.293	0.36615	-0.014	0.957	0.002	0.991	0.012	-0.800	0.254	0.201
-19.0	-0.325	0.32546	-0.014	0.950	0.002	0.991	0.010	-0.998	0.251	0.207
-18.0	-0.359	0.28519	-0.014	0.943	0.001	0.992	0.010	-1.260	0.252	0.211
-17.0	-0.397	0.23866	-0.014	0.937	0.001	0.992	0.008	-1.662	0.250	0.215
-16.0	-0.436	0.20531	-0.014	0.927	0.002	0.993	0.008	-2.123	0.247	0.217
-15.0	-0.475	0.17425	-0.014	0.914	0.002	0.993	0.008	-2.726	0.246	0.220
-14.0	-0.512	0.15368	-0.014	0.901	0.002	0.994	0.008	-3.330	0.244	0.222
-13.0	-0.543	0.12666	-0.015	0.881	0.003	0.994	0.008	-4.288	0.255	0.223
-12.0	-0.565	0.10890	-0.014	0.859	0.004	0.995	0.006	-5.186	0.245	0.225
-11.0	-0.573	0.09179	-0.015	0.836	0.004	0.995	0.007	-6.243	1.632	0.224
-10.0	-0.564	0.07974	-0.015	0.802	0.005	0.996	0.007	-7.074	0.278	0.223
-9.0	-0.534	0.06769	-0.016	0.763	0.005	0.997	0.008	-7.892	0.269	0.220
-8.0	-0.481	0.05826	-0.017	0.720	0.005	0.997	0.010	-8.253	0.264	0.215
-7.0	-0.416	0.05063	-0.018	0.671	0.006	1.000	0.011	-8.214	0.281	0.208
-6.0	-0.342	0.04411	-0.021	0.618	0.007	1.000	0.026	-7.761	0.541	0.188
-5.0	-0.323	0.01314	-0.045	0.559	0.007	1.000	0.997	-24.546	0.440	0.111
-4.0	-0.214	0.01389	-0.046	0.490	0.011	1.000	0.998	-15.382	0.258	0.037
-3.0	-0.100	0.01343	-0.046	0.427	0.024	1.000	0.998	-7.480	0.258	-0.212
-2.0	0.015	0.01291	-0.047	0.399	0.066	1.000	0.998	1.165	0.258	3.395
-1.0	0.131	0.01253	-0.048	0.364	0.135	1.000	0.998	10.489	0.258	0.617
0.0	0.248	0.01232	-0.049	0.333	0.211	1.000	0.998	20.116	0.258	0.448
1.0	0.364	0.01229	-0.050	0.290	0.307	1.000	0.998	29.623	0.258	0.387
2.0	0.480	0.01219	-0.051	0.236	0.501	1.000	0.998	39.346	0.258	0.356
3.0	0.594	0.01289	-0.052	0.166	0.579	0.997	0.999	46.059	0.258	0.337
4.0	0.704	0.01435	-0.053	0.041	0.695	0.995	0.999	49.053	0.259	0.325
5.0	0.808	0.01534	-0.054	0.010	0.825	0.994	0.999	52.686	0.259	0.316
6.0	0.904	0.01653	-0.055	0.007	0.897	0.992	0.998	54.671	0.260	0.310
7.0	0.987	0.01617	-0.056	0.005	0.934	0.988	0.998	61.029	0.810	0.306
8.0	0.850	0.05505	-0.025	0.005	0.955	0.016	0.998	15.447	0.595	0.279
9.0	0.890	0.06374	-0.022	0.004	0.967	0.008	0.998	13.965	0.209	0.275
10.0	0.916	0.07414	-0.022	0.004	0.977	0.007	0.998	12.355	0.226	0.274
11.0	0.919	0.08794	-0.021	0.003	0.984	0.006	0.998	10.454	0.254	0.273
12.0	0.888	0.10339	-0.022	0.003	0.998	0.006	0.998	8.590	0.247	0.275
13.0	0.839	0.12064	-0.022	0.003	0.997	0.005	0.998	6.957	0.250	0.276
14.0	0.779	0.14025	-0.022	0.002	0.997	0.005	0.998	5.553	0.236	0.278
15.0	0.712	0.16228	-0.023	0.002	0.997	0.007	0.998	4.389	0.233	0.283
16.0	0.644	0.19403	-0.024	0.001	0.998	0.007	0.998	3.320	0.239	0.288
17.0	0.578	0.23534	-0.025	0.001	0.998	0.008	0.998	2.457	0.242	0.293
18.0	0.516	0.26610	-0.025	0.001	0.998	0.008	0.998	1.940	0.244	0.299
19.0	0.460	0.31934	-0.026	0.001	0.998	0.008	0.998	1.440	0.237	0.306
20.0	0.409	0.33200	-0.027	0.001	0.998	0.009	0.999	1.233	0.230	0.315

Name = NACA 2408
Mach = 0; Re = 830000; T.U. = 1.0; T.L. = 1.0
Surface Finish = 2; Stall model = 0; Transition model = 1; Aspect Ratio = 0; ground effect = 0
?	Cl	Cd	Cm 0.25	T.U.	T.L.	S.U.	S.L.	L/D	A.C.	C.P.
[°]	[-]	[-]	[-]	[-]	[-]	[-]	[-]	[-]	[-]	[-]
-20.0	-0.294	0.24446	-0.016	0.936	0.001	0.993	0.019	-1.201	0.252	0.196
-19.0	-0.325	0.22350	-0.016	0.925	0.001	0.994	0.018	-1.455	0.254	0.202
-18.0	-0.360	0.20331	-0.015	0.913	0.001	0.994	0.015	-1.770	0.255	0.207
-17.0	-0.397	0.18626	-0.015	0.899	0.001	0.995	0.013	-2.133	0.253	0.211
-16.0	-0.436	0.18646	-0.015	0.880	0.001	0.995	0.012	-2.339	0.249	0.215
-15.0	-0.475	0.15585	-0.015	0.856	0.002	0.996	0.012	-3.050	0.246	0.218
-14.0	-0.512	0.13610	-0.016	0.831	0.002	0.996	0.012	-3.764	0.244	0.220
-13.0	-0.544	0.11781	-0.016	0.798	0.002	0.996	0.011	-4.614	0.244	0.221
-12.0	-0.565	0.10030	-0.016	0.759	0.003	0.997	0.011	-5.637	0.244	0.222
-11.0	-0.573	0.08443	-0.016	0.717	0.004	0.997	0.010	-6.792	0.647	0.222
-10.0	-0.564	0.07359	-0.016	0.671	0.004	1.000	0.010	-7.671	0.280	0.221
-9.0	-0.535	0.06340	-0.017	0.622	0.004	1.000	0.012	-8.435	0.280	0.218
-8.0	-0.482	0.05571	-0.019	0.571	0.005	1.000	0.017	-8.647	0.315	0.211
-7.0	-0.421	0.04707	-0.024	0.514	0.006	1.000	0.059	-8.939	0.692	0.192
-6.0	-0.425	0.01327	-0.044	0.446	0.007	1.000	0.996	-32.026	0.456	0.147
-5.0	-0.323	0.01395	-0.045	0.411	0.007	1.000	0.998	-23.125	0.258	0.111
-4.0	-0.214	0.01334	-0.046	0.384	0.011	1.000	0.998	-16.013	0.258	0.037
-3.0	-0.100	0.01296	-0.046	0.356	0.021	1.000	0.998	-7.751	0.258	-0.212
-2.0	0.015	0.01268	-0.047	0.325	0.042	1.000	0.998	1.186	0.258	3.395
-1.0	0.131	0.01249	-0.048	0.291	0.088	1.000	0.998	10.523	0.258	0.617
0.0	0.248	0.01253	-0.049	0.251	0.140	1.000	0.998	19.786	0.258	0.448
1.0	0.364	0.01278	-0.050	0.204	0.195	1.000	0.999	28.482	0.258	0.387
2.0	0.480	0.01330	-0.051	0.149	0.257	1.000	0.998	36.086	0.258	0.356
3.0	0.594	0.01279	-0.052	0.084	0.336	1.000	0.999	46.451	0.258	0.337
4.0	0.704	0.01358	-0.053	0.021	0.481	0.997	0.999	51.867	0.259	0.325
5.0	0.809	0.01442	-0.054	0.010	0.539	0.996	0.999	56.073	0.259	0.316
6.0	0.904	0.01535	-0.055	0.007	0.616	0.995	0.999	58.908	0.261	0.310
7.0	0.988	0.01641	-0.056	0.005	0.724	0.991	0.999	60.202	0.262	0.306
8.0	1.056	0.01580	-0.057	0.004	0.845	0.985	0.999	66.834	0.264	0.304
9.0	1.103	0.02185	-0.057	0.004	0.912	0.967	0.999	50.494	0.470	0.302
10.0	0.918	0.06957	-0.026	0.004	0.945	0.018	0.998	13.200	0.435	0.279
11.0	0.920	0.08095	-0.023	0.003	0.963	0.009	0.998	11.365	0.336	0.275
12.0	0.889	0.09462	-0.024	0.003	0.978	0.009	0.999	9.394	0.248	0.277
13.0	0.840	0.10872	-0.024	0.002	0.987	0.008	0.998	7.725	0.241	0.278
14.0	0.780	0.12856	-0.025	0.002	0.997	0.010	0.998	6.064	0.235	0.282
15.0	0.713	0.14400	-0.025	0.001	0.997	0.010	0.998	4.951	0.236	0.286
16.0	0.645	0.16846	-0.027	0.001	0.998	0.012	0.998	3.829	0.235	0.291
17.0	0.579	0.18713	-0.027	0.001	0.998	0.013	0.998	3.094	0.235	0.297
18.0	0.517	0.20182	-0.029	0.001	0.998	0.015	0.998	2.562	0.241	0.305
19.0	0.460	0.23251	-0.029	0.001	0.998	0.014	0.998	1.980	0.235	0.312
20.0	0.410	0.24314	-0.030	0.001	0.998	0.017	0.999	1.686	0.220	0.323

Name = NACA 2408
Mach = 0; Re = 1230000; T.U. = 1.0; T.L. = 1.0
Surface Finish = 2; Stall model = 0; Transition model = 1; Aspect Ratio = 0; ground effect = 0
?	Cl	Cd	Cm 0.25	T.U.	T.L.	S.U.	S.L.	L/D	A.C.	C.P.
[°]	[-]	[-]	[-]	[-]	[-]	[-]	[-]	[-]	[-]	[-]
-20.0	-0.294	0.22779	-0.016	0.911	0.001	0.994	0.022	-1.290	0.248	0.195
-19.0	-0.326	0.20621	-0.016	0.894	0.001	0.995	0.021	-1.579	0.248	0.200
-18.0	-0.360	0.19573	-0.016	0.877	0.001	0.995	0.020	-1.841	0.250	0.205
-17.0	-0.398	0.18038	-0.016	0.849	0.001	0.996	0.018	-2.205	0.250	0.209
-16.0	-0.437	0.16149	-0.016	0.820	0.001	0.996	0.017	-2.704	0.246	0.213
-15.0	-0.476	0.13978	-0.017	0.789	0.001	0.997	0.017	-3.405	0.247	0.215
-14.0	-0.513	0.12593	-0.017	0.753	0.002	0.997	0.015	-4.072	0.250	0.218
-13.0	-0.544	0.11080	-0.017	0.710	0.002	0.997	0.015	-4.910	0.236	0.220
-12.0	-0.566	0.09642	-0.017	0.665	0.002	1.000	0.016	-5.872	0.253	0.220
-11.0	-0.574	0.08115	-0.016	0.618	0.004	1.000	0.012	-7.070	1.174	0.221
-10.0	-0.565	0.07153	-0.018	0.570	0.004	1.000	0.017	-7.904	0.327	0.218
-9.0	-0.536	0.06227	-0.019	0.519	0.004	1.000	0.022	-8.610	0.336	0.214
-8.0	-0.488	0.05159	-0.025	0.459	0.005	1.000	0.067	-9.454	1.533	0.199
-7.0	-0.518	0.01319	-0.043	0.417	0.006	1.000	0.994	-39.256	0.556	0.167
-6.0	-0.425	0.01263	-0.044	0.397	0.006	1.000	0.997	-33.641	0.259	0.147
-5.0	-0.323	0.01326	-0.045	0.363	0.007	1.000	0.998	-24.323	0.258	0.111
-4.0	-0.214	0.01264	-0.046	0.345	0.010	1.000	0.998	-16.905	0.258	0.037
-3.0	-0.100	0.01236	-0.046	0.308	0.019	1.000	0.998	-8.126	0.258	-0.212
-2.0	0.015	0.01216	-0.047	0.272	0.036	1.000	0.998	1.236	0.258	3.395
-1.0	0.131	0.01211	-0.048	0.238	0.066	1.000	0.998	10.847	0.258	0.617
0.0	0.248	0.01215	-0.049	0.199	0.109	1.000	0.999	20.401	0.258	0.448
1.0	0.364	0.01244	-0.050	0.154	0.153	1.000	0.999	29.266	0.258	0.387
2.0	0.480	0.01297	-0.051	0.105	0.201	1.000	0.998	37.000	0.258	0.356
3.0	0.594	0.01375	-0.052	0.053	0.254	1.000	0.999	43.209	0.258	0.337
4.0	0.705	0.01319	-0.053	0.018	0.316	1.000	0.999	53.427	0.259	0.325
5.0	0.809	0.01375	-0.054	0.009	0.454	0.997	0.999	58.828	0.259	0.316
6.0	0.905	0.01470	-0.055	0.006	0.496	0.996	0.999	61.541	0.261	0.310
7.0	0.988	0.01579	-0.056	0.005	0.551	0.993	0.999	62.577	0.262	0.306
8.0	1.057	0.01707	-0.057	0.004	0.619	0.990	0.999	61.907	0.265	0.304
9.0	1.106	0.02110	-0.057	0.004	0.714	0.979	0.999	52.419	0.266	0.302
10.0	1.124	0.02350	-0.058	0.003	0.837	0.919	0.999	47.840	0.412	0.301
11.0	0.923	0.07823	-0.028	0.003	0.914	0.022	0.999	11.798	0.380	0.280
12.0	0.891	0.08946	-0.027	0.002	0.951	0.019	0.999	9.960	0.263	0.281
13.0	0.841	0.10516	-0.027	0.002	0.971	0.016	0.998	8.002	0.252	0.282
14.0	0.781	0.12122	-0.027	0.001	0.986	0.015	0.998	6.441	0.241	0.285
15.0	0.714	0.13942	-0.028	0.001	0.997	0.017	0.998	5.122	0.243	0.289
16.0	0.646	0.15789	-0.028	0.001	0.997	0.016	0.998	4.089	0.244	0.293
17.0	0.579	0.17529	-0.029	0.001	0.998	0.017	0.998	3.306	0.234	0.300
18.0	0.518	0.19490	-0.030	0.001	0.998	0.019	0.998	2.656	0.239	0.308
19.0	0.461	0.22144	-0.030	0.001	0.998	0.018	0.998	2.082	0.238	0.315
20.0	0.410	0.23736	-0.031	0.001	0.998	0.020	0.999	1.729	0.226	0.326

Name = NACA 2408
Mach = 0; Re = 1630000; T.U. = 1.0; T.L. = 1.0
Surface Finish = 2; Stall model = 0; Transition model = 1; Aspect Ratio = 0; ground effect = 0
?	Cl	Cd	Cm 0.25	T.U.	T.L.	S.U.	S.L.	L/D	A.C.	C.P.
[°]	[-]	[-]	[-]	[-]	[-]	[-]	[-]	[-]	[-]	[-]
-20.0	-0.294	0.22155	-0.016	0.879	0.001	0.995	0.024	-1.326	0.247	0.194
-19.0	-0.326	0.20442	-0.017	0.854	0.001	0.996	0.023	-1.593	0.248	0.199
-18.0	-0.360	0.18149	-0.017	0.828	0.001	0.996	0.022	-1.986	0.249	0.204
-17.0	-0.398	0.17091	-0.017	0.797	0.001	0.996	0.020	-2.328	0.247	0.208
-16.0	-0.437	0.15610	-0.017	0.758	0.001	0.997	0.020	-2.800	0.244	0.212
-15.0	-0.476	0.13707	-0.017	0.716	0.001	0.997	0.020	-3.475	0.245	0.214
-14.0	-0.513	0.12302	-0.017	0.673	0.001	0.997	0.019	-4.172	0.247	0.217
-13.0	-0.545	0.10955	-0.017	0.630	0.002	0.997	0.018	-4.970	0.235	0.218
-12.0	-0.567	0.09461	-0.018	0.586	0.002	1.000	0.020	-5.990	0.210	0.218
-11.0	-0.575	0.08074	-0.019	0.544	0.003	1.000	0.021	-7.122	82.450	0.218
-10.0	-0.567	0.06919	-0.020	0.499	0.004	1.000	0.026	-8.190	0.341	0.215
-9.0	-0.539	0.06010	-0.022	0.438	0.004	1.000	0.040	-8.960	-0.471	0.209
-8.0	-0.598	0.01271	-0.042	0.408	0.005	1.000	0.987	-47.036	1.274	0.179
-7.0	-0.518	0.01272	-0.043	0.381	0.005	1.000	0.995	-40.699	0.260	0.167
-6.0	-0.425	0.01218	-0.044	0.357	0.006	1.000	0.997	-34.886	0.259	0.147
-5.0	-0.323	0.01278	-0.045	0.333	0.007	1.000	0.998	-25.238	0.258	0.111
-4.0	-0.214	0.01228	-0.046	0.303	0.010	1.000	0.998	-17.394	0.258	0.037
-3.0	-0.100	0.01202	-0.046	0.268	0.017	1.000	0.998	-8.358	0.258	-0.212
-2.0	0.015	0.01184	-0.047	0.237	0.030	1.000	0.998	1.269	0.258	3.395
-1.0	0.131	0.01180	-0.048	0.206	0.056	1.000	0.998	11.135	0.258	0.617
0.0	0.248	0.01189	-0.049	0.166	0.090	1.000	0.999	20.849	0.258	0.448
1.0	0.364	0.01216	-0.050	0.125	0.129	1.000	0.999	29.927	0.258	0.387
2.0	0.480	0.01264	-0.051	0.080	0.170	1.000	0.998	37.968	0.258	0.356
3.0	0.594	0.01336	-0.052	0.037	0.214	1.000	0.999	44.487	0.258	0.337
4.0	0.705	0.01416	-0.053	0.017	0.261	1.000	0.999	49.766	0.259	0.325
5.0	0.809	0.01350	-0.054	0.008	0.315	1.000	0.999	59.952	0.259	0.316
6.0	0.905	0.01419	-0.055	0.006	0.437	0.997	0.999	63.785	0.260	0.310
7.0	0.989	0.01518	-0.056	0.005	0.475	0.995	0.999	65.109	0.262	0.306
8.0	1.057	0.01645	-0.057	0.004	0.520	0.991	0.999	64.250	0.265	0.304
9.0	1.107	0.01613	-0.057	0.004	0.576	0.983	0.999	68.601	0.271	0.302
10.0	1.133	0.02250	-0.058	0.003	0.651	0.959	0.999	50.373	0.383	0.301
11.0	0.932	0.07397	-0.034	0.003	0.747	0.062	0.999	12.602	0.369	0.287
12.0	0.893	0.08733	-0.030	0.002	0.867	0.028	0.999	10.226	0.313	0.283
13.0	0.843	0.10212	-0.029	0.002	0.937	0.021	0.999	8.252	0.263	0.284
14.0	0.781	0.11929	-0.028	0.001	0.966	0.019	0.999	6.550	0.247	0.286
15.0	0.715	0.13483	-0.029	0.001	0.997	0.019	0.998	5.300	0.244	0.290
16.0	0.646	0.15745	-0.029	0.001	0.997	0.019	0.998	4.103	0.245	0.295
17.0	0.580	0.17061	-0.030	0.001	0.998	0.019	0.998	3.398	0.237	0.301
18.0	0.518	0.18510	-0.031	0.001	0.998	0.021	0.998	2.798	0.240	0.309
19.0	0.461	0.20830	-0.031	0.000	0.998	0.020	0.998	2.214	0.239	0.317
20.0	0.411	0.22040	-0.032	0.001	0.998	0.022	0.999	1.863	0.230	0.328

Name = NACA 2408
Mach = 0; Re = 2030000; T.U. = 1.0; T.L. = 1.0
Surface Finish = 2; Stall model = 0; Transition model = 1; Aspect Ratio = 0; ground effect = 0
?	Cl	Cd	Cm 0.25	T.U.	T.L.	S.U.	S.L.	L/D	A.C.	C.P.
[°]	[-]	[-]	[-]	[-]	[-]	[-]	[-]	[-]	[-]	[-]
-20.0	-0.294	0.21903	-0.017	0.841	0.001	0.996	0.025	-1.342	0.246	0.194
-19.0	-0.326	0.19854	-0.017	0.808	0.001	0.996	0.024	-1.641	0.247	0.199
-18.0	-0.361	0.17958	-0.017	0.772	0.001	0.996	0.023	-2.008	0.247	0.203
-17.0	-0.398	0.16742	-0.017	0.735	0.001	0.997	0.022	-2.378	0.246	0.208
-16.0	-0.437	0.15206	-0.017	0.698	0.001	0.997	0.022	-2.875	0.247	0.211
-15.0	-0.476	0.13439	-0.017	0.659	0.001	0.997	0.020	-3.545	0.247	0.214
-14.0	-0.513	0.12128	-0.017	0.614	0.001	1.000	0.019	-4.232	0.244	0.216
-13.0	-0.545	0.10524	-0.018	0.570	0.001	1.000	0.019	-5.176	0.230	0.218
-12.0	-0.567	0.09321	-0.018	0.526	0.002	1.000	0.022	-6.083	0.200	0.218
-11.0	-0.576	0.07916	-0.019	0.480	0.003	1.000	0.025	-7.271	-1.827	0.217
-10.0	-0.568	0.06750	-0.021	0.430	0.004	1.000	0.037	-8.420	0.386	0.213
-9.0	-0.541	0.05781	-0.024	0.405	0.004	1.000	0.062	-9.366	-0.448	0.206
-8.0	-0.599	0.01311	-0.042	0.377	0.005	1.000	0.992	-45.641	1.067	0.179
-7.0	-0.518	0.01243	-0.043	0.355	0.005	1.000	0.995	-41.654	0.259	0.167
-6.0	-0.425	0.01189	-0.044	0.331	0.006	1.000	0.997	-35.747	0.258	0.147
-5.0	-0.323	0.01245	-0.045	0.303	0.006	1.000	0.998	-25.904	0.258	0.111
-4.0	-0.214	0.01199	-0.046	0.270	0.009	1.000	0.998	-17.816	0.258	0.037
-3.0	-0.100	0.01171	-0.046	0.245	0.016	1.000	0.998	-8.581	0.258	-0.212
-2.0	0.015	0.01164	-0.047	0.211	0.024	1.000	0.998	1.291	0.258	3.395
-1.0	0.131	0.01158	-0.048	0.175	0.046	1.000	0.999	11.345	0.258	0.617
0.0	0.248	0.01171	-0.049	0.140	0.078	1.000	0.999	21.159	0.258	0.448
1.0	0.364	0.01194	-0.050	0.103	0.111	1.000	0.999	30.490	0.258	0.387
2.0	0.480	0.01246	-0.051	0.063	0.148	1.000	0.998	38.511	0.258	0.356
3.0	0.594	0.01301	-0.052	0.032	0.186	1.000	0.999	45.660	0.258	0.337
4.0	0.705	0.01380	-0.053	0.015	0.227	1.000	0.999	51.079	0.259	0.325
5.0	0.809	0.01461	-0.054	0.008	0.271	1.000	0.999	55.398	0.260	0.316
6.0	0.905	0.01564	-0.055	0.005	0.323	1.000	0.999	57.892	0.261	0.310
7.0	0.989	0.01479	-0.056	0.004	0.427	0.995	0.999	66.867	0.262	0.306
8.0	1.057	0.01595	-0.057	0.004	0.468	0.992	0.999	66.264	0.266	0.304
9.0	1.107	0.01565	-0.058	0.004	0.510	0.986	0.999	70.772	0.271	0.302
10.0	1.135	0.02185	-0.058	0.003	0.560	0.967	0.999	51.949	0.320	0.301
11.0	1.091	0.02855	-0.056	0.003	0.620	0.755	0.999	38.217	0.360	0.302
12.0	0.896	0.08489	-0.032	0.002	0.700	0.041	0.999	10.554	0.359	0.286
13.0	0.843	0.10141	-0.029	0.001	0.804	0.025	0.999	8.317	0.278	0.285
14.0	0.782	0.11888	-0.029	0.001	0.916	0.021	0.999	6.577	0.254	0.287
15.0	0.715	0.13358	-0.029	0.001	0.964	0.019	0.999	5.350	0.245	0.290
16.0	0.646	0.15259	-0.029	0.001	0.997	0.020	0.998	4.235	0.241	0.296
17.0	0.580	0.16711	-0.030	0.000	0.998	0.020	0.998	3.471	0.238	0.302
18.0	0.518	0.18240	-0.031	0.001	0.998	0.022	0.998	2.841	0.240	0.310
19.0	0.461	0.20666	-0.031	0.000	0.998	0.021	0.998	2.232	0.240	0.318
20.0	0.411	0.22110	-0.032	0.001	0.998	0.023	0.999	1.858	0.232	0.328

Name = NACA 2408
Mach = 0; Re = 2430000; T.U. = 1.0; T.L. = 1.0
Surface Finish = 2; Stall model = 0; Transition model = 1; Aspect Ratio = 0; ground effect = 0
?	Cl	Cd	Cm 0.25	T.U.	T.L.	S.U.	S.L.	L/D	A.C.	C.P.
[°]	[-]	[-]	[-]	[-]	[-]	[-]	[-]	[-]	[-]	[-]
-20.0	-0.294	0.20955	-0.017	0.800	0.001	0.996	0.026	-1.403	0.245	0.193
-19.0	-0.326	0.19411	-0.017	0.761	0.001	0.996	0.025	-1.679	0.246	0.198
-18.0	-0.361	0.17822	-0.017	0.722	0.001	0.996	0.024	-2.024	0.247	0.203
-17.0	-0.398	0.16225	-0.017	0.682	0.001	0.997	0.023	-2.454	0.246	0.207
-16.0	-0.437	0.14753	-0.017	0.646	0.001	0.997	0.022	-2.964	0.246	0.211
-15.0	-0.477	0.13077	-0.017	0.608	0.001	1.000	0.022	-3.644	0.247	0.214
-14.0	-0.513	0.11854	-0.017	0.564	0.001	1.000	0.020	-4.331	0.244	0.216
-13.0	-0.545	0.10702	-0.018	0.520	0.001	1.000	0.020	-5.091	0.230	0.217
-12.0	-0.567	0.09130	-0.019	0.476	0.002	1.000	0.023	-6.212	0.188	0.217
-11.0	-0.576	0.07860	-0.020	0.430	0.002	1.000	0.029	-7.330	-1.189	0.216
-10.0	-0.570	0.06611	-0.022	0.405	0.004	1.000	0.046	-8.616	0.455	0.211
-9.0	-0.546	0.05483	-0.026	0.379	0.004	1.000	0.095	-9.955	-0.445	0.202
-8.0	-0.599	0.01286	-0.042	0.356	0.005	1.000	0.992	-46.553	0.863	0.179
-7.0	-0.518	0.01208	-0.043	0.335	0.005	1.000	0.996	-42.864	0.259	0.167
-6.0	-0.425	0.01273	-0.044	0.305	0.006	1.000	0.998	-33.387	0.258	0.147
-5.0	-0.323	0.01221	-0.045	0.275	0.006	1.000	0.998	-26.431	0.258	0.111
-4.0	-0.214	0.01181	-0.046	0.252	0.009	1.000	0.998	-18.094	0.258	0.037
-3.0	-0.100	0.01154	-0.046	0.217	0.014	1.000	0.998	-8.703	0.258	-0.212
-2.0	0.015	0.01140	-0.047	0.186	0.023	1.000	0.998	1.319	0.258	3.395
-1.0	0.131	0.01137	-0.048	0.158	0.042	1.000	0.999	11.556	0.258	0.617
0.0	0.248	0.01145	-0.049	0.127	0.070	1.000	0.999	21.642	0.258	0.448
1.0	0.364	0.01173	-0.050	0.089	0.101	1.000	0.999	31.030	0.258	0.387
2.0	0.480	0.01221	-0.051	0.054	0.135	1.000	0.999	39.312	0.258	0.356
3.0	0.594	0.01283	-0.052	0.023	0.171	1.000	0.999	46.295	0.258	0.337
4.0	0.705	0.01345	-0.053	0.014	0.209	1.000	0.999	52.386	0.259	0.325
5.0	0.809	0.01427	-0.054	0.007	0.246	1.000	0.999	56.725	0.260	0.316
6.0	0.905	0.01527	-0.055	0.005	0.288	1.000	0.999	59.276	0.261	0.310
7.0	0.989	0.01453	-0.056	0.004	0.339	0.996	0.999	68.052	0.262	0.306
8.0	1.057	0.01553	-0.057	0.004	0.433	0.994	0.999	68.082	0.266	0.304
9.0	1.108	0.01526	-0.058	0.003	0.467	0.989	0.999	72.621	0.272	0.302
10.0	1.137	0.02123	-0.058	0.003	0.507	0.972	0.999	53.537	0.301	0.301
11.0	1.121	0.02481	-0.058	0.002	0.556	0.887	0.999	45.192	0.346	0.302
12.0	0.903	0.08193	-0.036	0.002	0.610	0.072	1.000	11.018	0.350	0.290
13.0	0.844	0.10018	-0.030	0.001	0.675	0.029	0.999	8.428	0.305	0.286
14.0	0.782	0.11550	-0.029	0.001	0.765	0.022	0.999	6.771	0.259	0.287
15.0	0.715	0.13248	-0.029	0.001	0.893	0.021	0.999	5.396	0.245	0.291
16.0	0.646	0.14749	-0.030	0.001	0.967	0.021	0.999	4.383	0.242	0.296
17.0	0.580	0.16267	-0.030	0.000	0.998	0.021	0.998	3.566	0.238	0.302
18.0	0.518	0.18088	-0.031	0.001	0.998	0.023	0.998	2.865	0.240	0.310
19.0	0.461	0.20290	-0.032	0.000	0.998	0.022	0.998	2.274	0.238	0.318
20.0	0.411	0.21683	-0.033	0.001	0.998	0.025	0.999	1.895	0.228	0.329

Name = NACA 2408
Mach = 0; Re = 2830000; T.U. = 1.0; T.L. = 1.0
Surface Finish = 2; Stall model = 0; Transition model = 1; Aspect Ratio = 0; ground effect = 0
?	Cl	Cd	Cm 0.25	T.U.	T.L.	S.U.	S.L.	L/D	A.C.	C.P.
[°]	[-]	[-]	[-]	[-]	[-]	[-]	[-]	[-]	[-]	[-]
-20.0	-0.294	0.20831	-0.017	0.756	0.001	0.996	0.026	-1.411	0.245	0.193
-19.0	-0.326	0.19172	-0.017	0.716	0.001	0.997	0.026	-1.700	0.246	0.198
-18.0	-0.361	0.17470	-0.017	0.676	0.001	0.996	0.025	-2.065	0.246	0.203
-17.0	-0.398	0.15761	-0.017	0.640	0.001	0.997	0.024	-2.527	0.246	0.207
-16.0	-0.437	0.14315	-0.017	0.607	0.001	0.997	0.023	-3.055	0.243	0.210
-15.0	-0.477	0.13067	-0.018	0.563	0.001	1.000	0.024	-3.649	0.246	0.213
-14.0	-0.514	0.11735	-0.018	0.521	0.001	1.000	0.022	-4.376	0.246	0.216
-13.0	-0.545	0.10560	-0.018	0.480	0.001	1.000	0.022	-5.161	0.230	0.217
-12.0	-0.567	0.09020	-0.019	0.435	0.002	1.000	0.024	-6.289	0.181	0.217
-11.0	-0.577	0.07806	-0.020	0.407	0.002	1.000	0.032	-7.387	-0.774	0.215
-10.0	-0.572	0.06409	-0.023	0.384	0.004	1.000	0.063	-8.924	0.584	0.209
-9.0	-0.552	0.05045	-0.028	0.359	0.004	1.000	0.145	-10.951	-0.451	0.199
-8.0	-0.599	0.01248	-0.042	0.345	0.005	1.000	0.993	-47.979	0.679	0.179
-7.0	-0.518	0.01191	-0.043	0.310	0.005	1.000	0.996	-43.492	0.259	0.167
-6.0	-0.425	0.01247	-0.044	0.287	0.005	1.000	0.998	-34.077	0.258	0.147
-5.0	-0.323	0.01206	-0.045	0.257	0.006	1.000	0.998	-26.762	0.258	0.111
-4.0	-0.214	0.01162	-0.046	0.226	0.008	1.000	0.998	-18.386	0.258	0.037
-3.0	-0.100	0.01132	-0.046	0.206	0.013	1.000	0.998	-8.874	0.258	-0.212
-2.0	0.015	0.01121	-0.047	0.171	0.021	1.000	0.998	1.341	0.258	3.395
-1.0	0.131	0.01121	-0.048	0.139	0.038	1.000	0.999	11.719	0.258	0.617
0.0	0.248	0.01130	-0.049	0.109	0.063	1.000	0.999	21.926	0.258	0.448
1.0	0.364	0.01161	-0.050	0.077	0.092	1.000	0.999	31.359	0.258	0.387
2.0	0.480	0.01199	-0.051	0.046	0.122	1.000	0.999	40.025	0.258	0.356
3.0	0.594	0.01259	-0.052	0.021	0.153	1.000	0.999	47.188	0.258	0.337
4.0	0.705	0.01319	-0.053	0.013	0.186	1.000	0.999	53.415	0.259	0.325
5.0	0.809	0.01398	-0.054	0.007	0.222	1.000	0.999	57.905	0.260	0.316
6.0	0.905	0.01496	-0.055	0.005	0.262	1.000	0.999	60.527	0.261	0.310
7.0	0.989	0.01426	-0.056	0.004	0.305	0.997	0.999	69.375	0.262	0.306
8.0	1.058	0.01530	-0.057	0.004	0.363	0.994	0.999	69.128	0.266	0.304
9.0	1.108	0.01656	-0.058	0.003	0.448	0.990	0.999	66.910	0.272	0.302
10.0	1.137	0.02076	-0.058	0.003	0.470	0.976	0.999	54.781	0.303	0.301
11.0	1.129	0.02378	-0.059	0.002	0.509	0.918	0.999	47.467	0.337	0.302
12.0	0.910	0.07806	-0.039	0.002	0.556	0.106	1.000	11.662	0.347	0.293
13.0	0.845	0.09939	-0.031	0.001	0.608	0.033	0.999	8.503	0.323	0.287
14.0	0.782	0.11498	-0.029	0.001	0.667	0.023	0.999	6.803	0.262	0.288
15.0	0.715	0.13209	-0.030	0.001	0.749	0.022	0.999	5.413	0.245	0.291
16.0	0.647	0.14822	-0.030	0.000	0.869	0.022	0.999	4.362	0.242	0.296
17.0	0.580	0.16176	-0.031	0.000	0.997	0.022	0.998	3.587	0.237	0.303
18.0	0.518	0.17719	-0.032	0.001	0.998	0.025	0.998	2.926	0.241	0.311
19.0	0.462	0.19460	-0.032	0.000	0.998	0.023	0.998	2.372	0.237	0.319
20.0	0.411	0.21257	-0.033	0.001	0.998	0.027	0.999	1.934	0.220	0.331

Name = NACA 2408
Mach = 0; Re = 3230000; T.U. = 1.0; T.L. = 1.0
Surface Finish = 2; Stall model = 0; Transition model = 1; Aspect Ratio = 0; ground effect = 0
?	Cl	Cd	Cm 0.25	T.U.	T.L.	S.U.	S.L.	L/D	A.C.	C.P.
[°]	[-]	[-]	[-]	[-]	[-]	[-]	[-]	[-]	[-]	[-]
-20.0	-0.294	0.20819	-0.017	0.715	0.001	0.996	0.028	-1.413	0.249	0.192
-19.0	-0.326	0.18955	-0.017	0.675	0.001	0.997	0.026	-1.720	0.248	0.198
-18.0	-0.361	0.17181	-0.017	0.640	0.001	0.997	0.025	-2.100	0.246	0.203
-17.0	-0.398	0.15617	-0.017	0.607	0.001	0.997	0.024	-2.550	0.245	0.207
-16.0	-0.437	0.14386	-0.017	0.564	0.001	1.000	0.024	-3.041	0.243	0.210
-15.0	-0.477	0.12745	-0.018	0.525	0.001	1.000	0.024	-3.742	0.245	0.213
-14.0	-0.514	0.11781	-0.018	0.492	0.001	1.000	0.023	-4.360	0.246	0.215
-13.0	-0.545	0.10383	-0.018	0.447	0.001	1.000	0.022	-5.250	0.232	0.217
-12.0	-0.567	0.08901	-0.019	0.411	0.001	1.000	0.025	-6.375	0.161	0.217
-11.0	-0.578	0.07619	-0.021	0.397	0.002	1.000	0.039	-7.581	-0.830	0.214
-10.0	-0.571	0.06468	-0.023	0.362	0.003	1.000	0.059	-8.835	0.972	0.209
-9.0	-0.564	0.04375	-0.031	0.349	0.004	1.000	0.229	-12.886	-0.447	0.195
-8.0	-0.599	0.01235	-0.042	0.316	0.005	1.000	0.993	-48.498	0.515	0.179
-7.0	-0.518	0.01168	-0.043	0.299	0.005	1.000	0.996	-44.341	0.259	0.167
-6.0	-0.425	0.01229	-0.044	0.264	0.005	1.000	0.998	-34.588	0.258	0.147
-5.0	-0.323	0.01181	-0.045	0.246	0.006	1.000	0.998	-27.309	0.258	0.111
-4.0	-0.214	0.01145	-0.046	0.213	0.008	1.000	0.998	-18.666	0.258	0.037
-3.0	-0.100	0.01119	-0.046	0.183	0.012	1.000	0.998	-8.980	0.258	-0.212
-2.0	0.015	0.01108	-0.047	0.162	0.020	1.000	0.998	1.356	0.258	3.395
-1.0	0.131	0.01108	-0.048	0.130	0.036	1.000	0.999	11.860	0.258	0.617
0.0	0.248	0.01119	-0.049	0.099	0.057	1.000	0.999	22.155	0.258	0.448
1.0	0.364	0.01143	-0.050	0.070	0.084	1.000	0.999	31.845	0.258	0.387
2.0	0.480	0.01188	-0.051	0.040	0.111	1.000	0.999	40.373	0.258	0.356
3.0	0.594	0.01236	-0.052	0.019	0.142	1.000	0.999	48.059	0.258	0.337
4.0	0.705	0.01295	-0.053	0.011	0.175	1.000	0.999	54.403	0.259	0.325
5.0	0.809	0.01377	-0.054	0.006	0.211	1.000	0.999	58.799	0.260	0.316
6.0	0.905	0.01460	-0.055	0.005	0.244	1.000	0.999	62.030	0.261	0.310
7.0	0.989	0.01400	-0.056	0.004	0.279	0.997	0.999	70.667	0.262	0.306
8.0	1.058	0.01505	-0.057	0.004	0.321	0.995	0.999	70.267	0.266	0.304
9.0	1.109	0.01628	-0.058	0.003	0.395	0.991	0.999	68.097	0.272	0.302
10.0	1.138	0.02031	-0.058	0.003	0.452	0.979	0.999	56.031	0.303	0.301
11.0	1.132	0.02307	-0.059	0.002	0.475	0.934	0.999	49.081	0.345	0.302
12.0	0.903	0.08157	-0.036	0.001	0.513	0.074	1.000	11.075	0.345	0.290
13.0	0.846	0.09801	-0.032	0.001	0.559	0.035	0.999	8.627	0.303	0.287
14.0	0.782	0.11404	-0.030	0.001	0.610	0.024	1.000	6.861	0.264	0.288
15.0	0.715	0.12773	-0.030	0.001	0.667	0.022	1.000	5.598	0.246	0.292
16.0	0.647	0.14389	-0.030	0.000	0.742	0.022	1.000	4.494	0.242	0.297
17.0	0.580	0.15999	-0.031	0.000	0.854	0.023	1.000	3.627	0.234	0.303
18.0	0.519	0.17469	-0.032	0.001	0.998	0.027	0.998	2.969	0.239	0.312
19.0	0.462	0.19568	-0.032	0.000	0.998	0.024	0.998	2.359	0.238	0.319
20.0	0.411	0.21204	-0.034	0.000	0.998	0.028	0.999	1.940	0.221	0.332

Name = NACA 2408
Mach = 0; Re = 3630000; T.U. = 1.0; T.L. = 1.0
Surface Finish = 2; Stall model = 0; Transition model = 1; Aspect Ratio = 0; ground effect = 0
?	Cl	Cd	Cm 0.25	T.U.	T.L.	S.U.	S.L.	L/D	A.C.	C.P.
[°]	[-]	[-]	[-]	[-]	[-]	[-]	[-]	[-]	[-]	[-]
-20.0	-0.294	0.20368	-0.017	0.678	0.001	0.996	0.028	-1.444	0.247	0.192
-19.0	-0.326	0.18928	-0.017	0.645	0.001	0.997	0.027	-1.722	0.247	0.198
-18.0	-0.361	0.17063	-0.017	0.610	0.001	0.997	0.026	-2.115	0.247	0.202
-17.0	-0.398	0.15603	-0.017	0.568	0.001	0.997	0.025	-2.553	0.245	0.207
-16.0	-0.438	0.14017	-0.018	0.533	0.001	1.000	0.024	-3.121	0.243	0.210
-15.0	-0.477	0.12560	-0.018	0.504	0.001	1.000	0.025	-3.797	0.246	0.212
-14.0	-0.514	0.11374	-0.018	0.456	0.001	1.000	0.023	-4.516	0.246	0.215
-13.0	-0.545	0.10193	-0.018	0.418	0.001	1.000	0.023	-5.348	0.230	0.217
-12.0	-0.567	0.08863	-0.019	0.400	0.001	1.000	0.026	-6.403	0.159	0.217
-11.0	-0.578	0.07586	-0.021	0.369	0.002	1.000	0.041	-7.617	-0.747	0.213
-10.0	-0.572	0.06411	-0.024	0.352	0.003	1.000	0.065	-8.925	0.009	0.209
-9.0	-0.661	0.01552	-0.041	0.328	0.004	1.000	0.959	-42.581	-0.451	0.188
-8.0	-0.599	0.01215	-0.042	0.304	0.005	1.000	0.994	-49.282	0.263	0.179
-7.0	-0.518	0.01159	-0.043	0.275	0.005	1.000	0.997	-44.711	0.259	0.167
-6.0	-0.425	0.01209	-0.044	0.254	0.005	1.000	0.998	-35.166	0.258	0.147
-5.0	-0.323	0.01174	-0.045	0.223	0.005	1.000	0.998	-27.491	0.258	0.111
-4.0	-0.214	0.01128	-0.046	0.206	0.007	1.000	0.998	-18.940	0.258	0.037
-3.0	-0.100	0.01106	-0.046	0.172	0.011	1.000	0.998	-9.081	0.258	-0.212
-2.0	0.015	0.01093	-0.047	0.144	0.019	1.000	0.998	1.375	0.258	3.395
-1.0	0.131	0.01092	-0.048	0.120	0.033	1.000	0.999	12.034	0.258	0.617
0.0	0.248	0.01101	-0.049	0.094	0.053	1.000	0.999	22.517	0.258	0.448
1.0	0.364	0.01131	-0.050	0.064	0.078	1.000	0.999	32.182	0.258	0.387
2.0	0.480	0.01169	-0.051	0.036	0.105	1.000	0.999	41.051	0.258	0.356
3.0	0.594	0.01220	-0.052	0.018	0.135	1.000	0.999	48.690	0.258	0.337
4.0	0.705	0.01279	-0.053	0.010	0.169	1.000	0.999	55.095	0.259	0.325
5.0	0.809	0.01354	-0.054	0.006	0.193	1.000	0.999	59.772	0.260	0.316
6.0	0.905	0.01443	-0.055	0.004	0.224	1.000	0.999	62.739	0.261	0.310
7.0	0.990	0.01379	-0.056	0.004	0.261	1.000	0.999	71.740	0.262	0.306
8.0	1.058	0.01476	-0.057	0.004	0.302	0.996	0.999	71.686	0.266	0.304
9.0	1.109	0.01606	-0.058	0.003	0.349	0.992	0.999	69.053	0.272	0.302
10.0	1.138	0.01574	-0.058	0.003	0.411	0.981	0.999	72.342	0.303	0.301
11.0	1.134	0.02250	-0.059	0.002	0.456	0.943	0.999	50.423	0.343	0.302
12.0	0.905	0.08060	-0.037	0.001	0.484	0.080	1.000	11.224	0.344	0.290
13.0	0.846	0.09785	-0.032	0.001	0.519	0.037	1.000	8.646	0.304	0.288
14.0	0.783	0.11283	-0.030	0.001	0.565	0.025	1.000	6.937	0.266	0.288
15.0	0.715	0.12693	-0.030	0.001	0.615	0.023	1.000	5.634	0.248	0.292
16.0	0.647	0.14358	-0.030	0.000	0.671	0.023	1.000	4.504	0.242	0.297
17.0	0.580	0.15746	-0.031	0.000	0.745	0.023	1.000	3.686	0.232	0.303
18.0	0.519	0.17179	-0.033	0.001	0.852	0.028	1.000	3.021	0.237	0.313
19.0	0.462	0.19262	-0.032	0.000	0.998	0.026	0.998	2.398	0.238	0.320
20.0	0.411	0.21001	-0.034	0.000	0.998	0.030	0.999	1.959	0.222	0.332

Name = NACA 2408
Mach = 0; Re = 4030000; T.U. = 1.0; T.L. = 1.0
Surface Finish = 2; Stall model = 0; Transition model = 1; Aspect Ratio = 0; ground effect = 0
?	Cl	Cd	Cm 0.25	T.U.	T.L.	S.U.	S.L.	L/D	A.C.	C.P.
[°]	[-]	[-]	[-]	[-]	[-]	[-]	[-]	[-]	[-]	[-]
-20.0	-0.294	0.20456	-0.017	0.656	0.001	0.996	0.029	-1.438	0.246	0.192
-19.0	-0.326	0.18705	-0.017	0.614	0.001	0.997	0.028	-1.743	0.247	0.197
-18.0	-0.361	0.17011	-0.017	0.575	0.001	0.997	0.027	-2.122	0.247	0.202
-17.0	-0.398	0.15540	-0.017	0.549	0.001	1.000	0.026	-2.564	0.246	0.206
-16.0	-0.438	0.13928	-0.018	0.509	0.001	1.000	0.025	-3.142	0.243	0.210
-15.0	-0.477	0.12464	-0.018	0.466	0.001	1.000	0.026	-3.827	0.245	0.212
-14.0	-0.514	0.11606	-0.018	0.428	0.001	1.000	0.024	-4.427	0.246	0.215
-13.0	-0.545	0.10066	-0.018	0.405	0.001	1.000	0.023	-5.417	0.232	0.217
-12.0	-0.568	0.08778	-0.019	0.381	0.001	1.000	0.026	-6.465	0.159	0.217
-11.0	-0.578	0.07547	-0.021	0.357	0.002	1.000	0.042	-7.659	-0.730	0.213
-10.0	-0.572	0.06386	-0.024	0.346	0.002	1.000	0.066	-8.962	0.014	0.209
-9.0	-0.663	0.01520	-0.041	0.311	0.004	1.000	0.974	-43.610	-0.451	0.188
-8.0	-0.599	0.01198	-0.042	0.297	0.004	1.000	0.994	-49.999	0.262	0.179
-7.0	-0.518	0.01141	-0.043	0.261	0.005	1.000	0.997	-45.402	0.259	0.167
-6.0	-0.425	0.01199	-0.044	0.244	0.005	1.000	0.998	-35.435	0.258	0.147
-5.0	-0.323	0.01154	-0.045	0.213	0.005	1.000	0.998	-27.970	0.258	0.111
-4.0	-0.214	0.01119	-0.046	0.185	0.007	1.000	0.998	-19.100	0.258	0.037
-3.0	-0.100	0.01094	-0.046	0.166	0.011	1.000	0.998	-9.179	0.258	-0.212
-2.0	0.015	0.01083	-0.047	0.135	0.018	1.000	0.999	1.389	0.258	3.395
-1.0	0.131	0.01083	-0.048	0.108	0.032	1.000	0.999	12.130	0.258	0.617
0.0	0.248	0.01092	-0.049	0.084	0.050	1.000	0.999	22.687	0.258	0.448
1.0	0.364	0.01116	-0.050	0.057	0.074	1.000	0.999	32.616	0.258	0.387
2.0	0.480	0.01151	-0.051	0.033	0.101	1.000	0.999	41.682	0.258	0.356
3.0	0.594	0.01201	-0.052	0.017	0.130	1.000	0.999	49.471	0.258	0.337
4.0	0.705	0.01260	-0.053	0.009	0.153	1.000	0.999	55.914	0.259	0.325
5.0	0.809	0.01332	-0.054	0.006	0.181	1.000	0.999	60.750	0.260	0.316
6.0	0.905	0.01417	-0.055	0.004	0.215	1.000	0.999	63.888	0.261	0.310
7.0	0.990	0.01516	-0.056	0.004	0.253	1.000	0.999	65.257	0.263	0.306
8.0	1.058	0.01455	-0.057	0.003	0.281	0.996	0.999	72.698	0.266	0.304
9.0	1.109	0.01584	-0.058	0.003	0.317	0.992	0.999	70.004	0.272	0.302
10.0	1.139	0.01544	-0.058	0.003	0.375	0.983	0.999	73.781	0.303	0.301
11.0	1.135	0.02215	-0.059	0.002	0.435	0.948	0.999	51.259	0.341	0.302
12.0	0.906	0.07951	-0.037	0.001	0.462	0.088	1.000	11.398	0.343	0.291
13.0	0.846	0.09695	-0.032	0.001	0.501	0.038	1.000	8.728	0.304	0.288
14.0	0.783	0.11245	-0.031	0.001	0.531	0.028	1.000	6.965	0.263	0.289
15.0	0.716	0.12707	-0.030	0.001	0.574	0.025	1.000	5.631	0.251	0.292
16.0	0.647	0.14194	-0.030	0.000	0.624	0.023	1.000	4.557	0.243	0.297
17.0	0.581	0.15866	-0.031	0.000	0.680	0.025	1.000	3.659	0.231	0.304
18.0	0.519	0.17144	-0.033	0.000	0.753	0.029	1.000	3.028	0.237	0.313
19.0	0.462	0.19138	-0.033	0.000	0.862	0.027	1.000	2.414	0.238	0.321
20.0	0.412	0.20583	-0.034	0.000	0.998	0.031	0.999	1.999	0.225	0.333

Name = NACA 2408
Mach = 0; Re = 4430000; T.U. = 1.0; T.L. = 1.0
Surface Finish = 2; Stall model = 0; Transition model = 1; Aspect Ratio = 0; ground effect = 0
?	Cl	Cd	Cm 0.25	T.U.	T.L.	S.U.	S.L.	L/D	A.C.	C.P.
[°]	[-]	[-]	[-]	[-]	[-]	[-]	[-]	[-]	[-]	[-]
-20.0	-0.294	0.20395	-0.017	0.620	0.001	0.996	0.030	-1.443	0.249	0.191
-19.0	-0.326	0.18475	-0.017	0.588	0.001	0.997	0.028	-1.765	0.247	0.197
-18.0	-0.361	0.17064	-0.017	0.558	0.001	0.997	0.028	-2.116	0.247	0.202
-17.0	-0.398	0.15604	-0.017	0.517	0.001	1.000	0.026	-2.553	0.246	0.206
-16.0	-0.438	0.14063	-0.018	0.485	0.001	1.000	0.026	-3.112	0.243	0.210
-15.0	-0.477	0.12555	-0.018	0.449	0.001	1.000	0.026	-3.800	0.245	0.212
-14.0	-0.514	0.11437	-0.018	0.412	0.001	1.000	0.024	-4.493	0.245	0.215
-13.0	-0.545	0.10145	-0.018	0.399	0.001	1.000	0.024	-5.375	0.230	0.216
-12.0	-0.568	0.08829	-0.019	0.364	0.001	1.000	0.027	-6.430	0.160	0.216
-11.0	-0.578	0.07496	-0.021	0.351	0.001	1.000	0.042	-7.712	-0.728	0.213
-10.0	-0.572	0.06376	-0.024	0.322	0.002	1.000	0.066	-8.976	0.016	0.209
-9.0	-0.664	0.01480	-0.041	0.303	0.004	1.000	0.982	-44.858	-0.450	0.188
-8.0	-0.599	0.01184	-0.042	0.273	0.004	1.000	0.994	-50.586	0.262	0.179
-7.0	-0.518	0.01131	-0.043	0.254	0.005	1.000	0.997	-45.789	0.259	0.167
-6.0	-0.425	0.01186	-0.044	0.224	0.005	1.000	0.998	-35.826	0.258	0.147
-5.0	-0.323	0.01143	-0.045	0.207	0.005	1.000	0.998	-28.235	0.258	0.111
-4.0	-0.214	0.01105	-0.046	0.175	0.007	1.000	0.998	-19.337	0.258	0.037
-3.0	-0.100	0.01084	-0.046	0.155	0.010	1.000	0.998	-9.270	0.258	-0.212
-2.0	0.015	0.01071	-0.047	0.130	0.018	1.000	0.999	1.404	0.258	3.395
-1.0	0.131	0.01068	-0.048	0.102	0.030	1.000	0.999	12.298	0.258	0.617
0.0	0.248	0.01081	-0.049	0.076	0.048	1.000	0.999	22.921	0.258	0.448
1.0	0.364	0.01106	-0.050	0.052	0.071	1.000	0.999	32.919	0.258	0.387
2.0	0.480	0.01142	-0.051	0.031	0.097	1.000	0.999	41.997	0.258	0.356
3.0	0.594	0.01190	-0.052	0.016	0.118	1.000	0.999	49.933	0.258	0.337
4.0	0.705	0.01250	-0.053	0.009	0.144	1.000	0.999	56.398	0.259	0.325
5.0	0.809	0.01318	-0.054	0.006	0.174	1.000	0.999	61.434	0.260	0.316
6.0	0.905	0.01403	-0.055	0.004	0.209	1.000	0.999	64.557	0.261	0.310
7.0	0.990	0.01502	-0.056	0.004	0.232	1.000	0.999	65.894	0.263	0.306
8.0	1.058	0.01435	-0.057	0.003	0.265	0.997	0.999	73.757	0.266	0.304
9.0	1.109	0.01559	-0.058	0.003	0.304	0.993	0.999	71.116	0.272	0.302
10.0	1.139	0.01523	-0.058	0.003	0.348	0.985	0.999	74.828	0.303	0.301
11.0	1.135	0.02201	-0.059	0.002	0.404	0.947	0.999	51.565	0.339	0.302
12.0	0.908	0.07857	-0.038	0.001	0.451	0.094	1.000	11.551	0.342	0.292
13.0	0.847	0.09655	-0.032	0.001	0.471	0.040	1.000	8.768	0.306	0.288
14.0	0.783	0.11198	-0.031	0.001	0.508	0.029	1.000	6.996	0.264	0.289
15.0	0.716	0.12662	-0.031	0.001	0.552	0.026	1.000	5.653	0.251	0.293
16.0	0.647	0.14167	-0.031	0.000	0.590	0.024	1.000	4.567	0.243	0.297
17.0	0.581	0.15905	-0.032	0.000	0.638	0.026	1.000	3.652	0.231	0.304
18.0	0.519	0.17113	-0.033	0.000	0.696	0.031	1.000	3.034	0.236	0.314
19.0	0.462	0.19143	-0.033	0.000	0.763	0.029	1.000	2.415	0.239	0.322
20.0	0.412	0.20333	-0.034	0.000	0.902	0.032	1.000	2.024	0.227	0.333

Name = NACA 2408
Mach = 0; Re = 4830000; T.U. = 1.0; T.L. = 1.0
Surface Finish = 2; Stall model = 0; Transition model = 1; Aspect Ratio = 0; ground effect = 0
?	Cl	Cd	Cm 0.25	T.U.	T.L.	S.U.	S.L.	L/D	A.C.	C.P.
[°]	[-]	[-]	[-]	[-]	[-]	[-]	[-]	[-]	[-]	[-]
-20.0	-0.294	0.20046	-0.017	0.606	0.001	0.996	0.030	-1.468	0.247	0.191
-19.0	-0.326	0.18512	-0.017	0.565	0.001	0.997	0.029	-1.762	0.246	0.197
-18.0	-0.361	0.16700	-0.017	0.530	0.001	0.997	0.028	-2.162	0.247	0.202
-17.0	-0.398	0.15361	-0.018	0.504	0.001	1.000	0.026	-2.594	0.247	0.206
-16.0	-0.438	0.13838	-0.018	0.459	0.001	1.000	0.026	-3.163	0.243	0.210
-15.0	-0.477	0.12266	-0.018	0.423	0.001	1.000	0.026	-3.889	0.245	0.212
-14.0	-0.514	0.11150	-0.018	0.404	0.001	1.000	0.024	-4.609	0.245	0.215
-13.0	-0.545	0.10112	-0.018	0.378	0.001	1.000	0.024	-5.394	0.226	0.216
-12.0	-0.568	0.08783	-0.019	0.355	0.001	1.000	0.029	-6.467	0.158	0.216
-11.0	-0.578	0.07469	-0.021	0.346	0.001	1.000	0.044	-7.743	-0.704	0.213
-10.0	-0.573	0.06356	-0.024	0.310	0.002	1.000	0.067	-9.009	0.019	0.208
-9.0	-0.665	0.01179	-0.041	0.297	0.004	1.000	0.986	-56.394	-0.451	0.188
-8.0	-0.599	0.01169	-0.042	0.262	0.004	1.000	0.995	-51.248	0.261	0.179
-7.0	-0.518	0.01114	-0.043	0.249	0.005	1.000	0.997	-46.487	0.259	0.167
-6.0	-0.425	0.01171	-0.044	0.215	0.005	1.000	0.998	-36.303	0.258	0.147
-5.0	-0.323	0.01127	-0.045	0.196	0.005	1.000	0.998	-28.627	0.258	0.111
-4.0	-0.214	0.01096	-0.046	0.169	0.007	1.000	0.998	-19.495	0.258	0.037
-3.0	-0.100	0.01072	-0.046	0.142	0.010	1.000	0.998	-9.368	0.258	-0.212
-2.0	0.015	0.01056	-0.047	0.127	0.017	1.000	0.999	1.424	0.258	3.395
-1.0	0.131	0.01059	-0.048	0.097	0.028	1.000	0.999	12.409	0.258	0.617
0.0	0.248	0.01071	-0.049	0.072	0.046	1.000	0.998	23.133	0.258	0.448
1.0	0.364	0.01094	-0.050	0.049	0.068	1.000	0.999	33.282	0.258	0.387
2.0	0.480	0.01128	-0.051	0.028	0.089	1.000	0.999	42.550	0.258	0.356
3.0	0.594	0.01175	-0.052	0.016	0.111	1.000	0.999	50.554	0.258	0.337
4.0	0.705	0.01231	-0.053	0.008	0.139	1.000	0.999	57.236	0.259	0.325
5.0	0.809	0.01298	-0.054	0.005	0.170	1.000	0.999	62.380	0.260	0.316
6.0	0.905	0.01382	-0.055	0.004	0.193	1.000	0.999	65.521	0.261	0.310
7.0	0.990	0.01479	-0.056	0.004	0.221	1.000	0.999	66.898	0.263	0.306
8.0	1.058	0.01420	-0.057	0.003	0.257	0.997	0.999	74.507	0.266	0.304
9.0	1.109	0.01539	-0.058	0.003	0.291	0.994	0.999	72.039	0.273	0.302
10.0	1.140	0.01506	-0.059	0.003	0.321	0.986	0.999	75.690	0.303	0.301
11.0	1.134	0.02207	-0.059	0.002	0.373	0.941	0.999	51.378	0.337	0.302
12.0	0.910	0.07733	-0.039	0.001	0.424	0.105	1.000	11.767	0.342	0.292
13.0	0.847	0.09596	-0.032	0.001	0.458	0.041	1.000	8.824	0.309	0.288
14.0	0.784	0.11086	-0.031	0.001	0.488	0.031	1.000	7.069	0.262	0.290
15.0	0.716	0.12552	-0.031	0.001	0.519	0.027	1.000	5.704	0.250	0.293
16.0	0.647	0.14099	-0.031	0.000	0.562	0.026	1.000	4.590	0.244	0.298
17.0	0.581	0.15679	-0.032	0.000	0.608	0.027	1.000	3.705	0.232	0.305
18.0	0.519	0.16905	-0.033	0.000	0.657	0.032	1.000	3.072	0.236	0.314
19.0	0.462	0.18917	-0.033	0.000	0.711	0.030	1.000	2.444	0.239	0.322
20.0	0.412	0.20199	-0.035	0.000	0.780	0.033	1.000	2.038	0.228	0.334

Name = NACA 2408
Mach = 0; Re = 5230000; T.U. = 1.0; T.L. = 1.0
Surface Finish = 2; Stall model = 0; Transition model = 1; Aspect Ratio = 0; ground effect = 0
?	Cl	Cd	Cm 0.25	T.U.	T.L.	S.U.	S.L.	L/D	A.C.	C.P.
[°]	[-]	[-]	[-]	[-]	[-]	[-]	[-]	[-]	[-]	[-]
-20.0	-0.294	0.20161	-0.017	0.575	0.001	0.997	0.031	-1.460	0.249	0.191
-19.0	-0.326	0.18220	-0.017	0.554	0.001	0.997	0.029	-1.790	0.249	0.197
-18.0	-0.361	0.16696	-0.017	0.512	0.001	0.997	0.028	-2.163	0.248	0.202
-17.0	-0.398	0.15182	-0.018	0.477	0.001	1.000	0.026	-2.625	0.246	0.206
-16.0	-0.438	0.13679	-0.018	0.448	0.001	1.000	0.026	-3.200	0.242	0.209
-15.0	-0.477	0.12438	-0.018	0.411	0.001	1.000	0.027	-3.836	0.245	0.212
-14.0	-0.514	0.11289	-0.018	0.398	0.001	1.000	0.025	-4.553	0.245	0.215
-13.0	-0.545	0.10114	-0.018	0.364	0.001	1.000	0.025	-5.393	0.229	0.216
-12.0	-0.568	0.08732	-0.019	0.350	0.001	1.000	0.028	-6.503	0.176	0.216
-11.0	-0.578	0.07555	-0.021	0.323	0.001	1.000	0.038	-7.644	-0.689	0.214
-10.0	-0.573	0.06335	-0.024	0.303	0.002	1.000	0.069	-9.041	0.015	0.208
-9.0	-0.665	0.01250	-0.041	0.277	0.004	1.000	0.989	-53.194	-0.452	0.188
-8.0	-0.599	0.01156	-0.042	0.256	0.004	1.000	0.995	-51.818	0.261	0.179
-7.0	-0.518	0.01105	-0.043	0.230	0.005	1.000	0.997	-46.893	0.259	0.167
-6.0	-0.425	0.01158	-0.044	0.210	0.005	1.000	0.998	-36.693	0.258	0.147
-5.0	-0.323	0.01121	-0.045	0.182	0.005	1.000	0.998	-28.780	0.258	0.111
-4.0	-0.214	0.01080	-0.046	0.165	0.007	1.000	0.998	-19.789	0.258	0.037
-3.0	-0.100	0.01062	-0.046	0.136	0.010	1.000	0.998	-9.458	0.258	-0.212
-2.0	0.015	0.01053	-0.047	0.114	0.016	1.000	0.999	1.427	0.258	3.395
-1.0	0.131	0.01052	-0.048	0.095	0.027	1.000	0.999	12.493	0.258	0.617
0.0	0.248	0.01063	-0.049	0.069	0.044	1.000	0.999	23.326	0.258	0.448
1.0	0.364	0.01085	-0.050	0.046	0.063	1.000	0.999	33.541	0.258	0.387
2.0	0.480	0.01118	-0.051	0.027	0.084	1.000	0.999	42.921	0.258	0.356
3.0	0.594	0.01165	-0.052	0.015	0.107	1.000	0.999	50.999	0.258	0.337
4.0	0.705	0.01220	-0.053	0.008	0.135	1.000	0.999	57.784	0.259	0.325
5.0	0.809	0.01288	-0.054	0.005	0.161	1.000	0.999	62.839	0.260	0.316
6.0	0.905	0.01371	-0.055	0.004	0.183	1.000	0.999	66.026	0.261	0.310
7.0	0.990	0.01465	-0.056	0.004	0.215	1.000	0.999	67.530	0.263	0.306
8.0	1.058	0.01402	-0.057	0.003	0.250	0.997	0.999	75.504	0.266	0.304
9.0	1.109	0.01521	-0.058	0.003	0.272	0.994	0.999	72.934	0.273	0.302
10.0	1.140	0.01488	-0.059	0.003	0.308	0.987	0.999	76.606	0.303	0.301
11.0	1.134	0.02192	-0.059	0.001	0.352	0.941	0.999	51.737	0.335	0.302
12.0	0.912	0.07645	-0.039	0.001	0.403	0.112	1.000	11.923	0.341	0.293
13.0	0.847	0.09541	-0.033	0.001	0.450	0.042	1.000	8.878	0.310	0.289
14.0	0.784	0.11018	-0.031	0.001	0.467	0.032	1.000	7.116	0.262	0.290
15.0	0.716	0.12365	-0.031	0.001	0.504	0.028	1.000	5.792	0.250	0.294
16.0	0.647	0.14090	-0.031	0.000	0.538	0.027	1.000	4.595	0.244	0.299
17.0	0.581	0.15518	-0.032	0.000	0.575	0.028	1.000	3.744	0.233	0.305
18.0	0.520	0.16775	-0.034	0.000	0.620	0.033	1.000	3.097	0.236	0.315
19.0	0.462	0.18779	-0.034	0.000	0.670	0.031	1.000	2.463	0.240	0.323
20.0	0.412	0.20280	-0.035	0.000	0.726	0.034	1.000	2.030	0.230	0.334

Name = NACA 2408
Mach = 0; Re = 5630000; T.U. = 1.0; T.L. = 1.0
Surface Finish = 2; Stall model = 0; Transition model = 1; Aspect Ratio = 0; ground effect = 0
?	Cl	Cd	Cm 0.25	T.U.	T.L.	S.U.	S.L.	L/D	A.C.	C.P.
[°]	[-]	[-]	[-]	[-]	[-]	[-]	[-]	[-]	[-]	[-]
-20.0	-0.294	0.19912	-0.017	0.561	0.001	0.997	0.032	-1.479	0.246	0.191
-19.0	-0.326	0.18318	-0.018	0.525	0.001	0.997	0.031	-1.781	0.247	0.196
-18.0	-0.361	0.16734	-0.018	0.503	0.001	0.997	0.029	-2.158	0.248	0.201
-17.0	-0.399	0.15287	-0.018	0.458	0.001	1.000	0.028	-2.607	0.246	0.206
-16.0	-0.438	0.13823	-0.018	0.423	0.001	1.000	0.027	-3.167	0.243	0.209
-15.0	-0.477	0.12355	-0.018	0.404	0.001	1.000	0.027	-3.862	0.246	0.212
-14.0	-0.514	0.11083	-0.018	0.380	0.001	1.000	0.025	-4.638	0.246	0.215
-13.0	-0.545	0.09902	-0.018	0.356	0.001	1.000	0.025	-5.508	0.225	0.216
-12.0	-0.568	0.08728	-0.020	0.347	0.001	1.000	0.030	-6.509	0.171	0.216
-11.0	-0.578	0.07553	-0.021	0.311	0.001	1.000	0.040	-7.650	-0.689	0.214
-10.0	-0.573	0.06319	-0.024	0.299	0.002	1.000	0.069	-9.064	0.017	0.208
-9.0	-0.665	0.01241	-0.041	0.265	0.004	1.000	0.990	-53.574	-0.452	0.188
-8.0	-0.599	0.01146	-0.042	0.251	0.004	1.000	0.995	-52.254	0.261	0.179
-7.0	-0.518	0.01099	-0.043	0.219	0.005	1.000	0.997	-47.142	0.259	0.167
-6.0	-0.425	0.01144	-0.044	0.206	0.005	1.000	0.998	-37.148	0.258	0.147
-5.0	-0.323	0.01109	-0.045	0.175	0.005	1.000	0.998	-29.101	0.258	0.111
-4.0	-0.214	0.01074	-0.046	0.159	0.006	1.000	0.998	-19.903	0.258	0.037
-3.0	-0.100	0.01056	-0.046	0.132	0.009	1.000	0.998	-9.513	0.258	-0.212
-2.0	0.015	0.01042	-0.047	0.107	0.016	1.000	0.999	1.443	0.258	3.395
-1.0	0.131	0.01040	-0.048	0.089	0.026	1.000	0.999	12.638	0.258	0.617
0.0	0.248	0.01052	-0.049	0.067	0.041	1.000	0.999	23.569	0.258	0.448
1.0	0.364	0.01077	-0.050	0.044	0.059	1.000	0.999	33.801	0.258	0.387
2.0	0.480	0.01111	-0.051	0.025	0.080	1.000	0.999	43.173	0.258	0.356
3.0	0.594	0.01154	-0.052	0.014	0.104	1.000	0.999	51.466	0.258	0.337
4.0	0.705	0.01205	-0.053	0.008	0.132	1.000	0.999	58.470	0.259	0.325
5.0	0.809	0.01277	-0.054	0.005	0.151	1.000	0.999	63.376	0.260	0.316
6.0	0.905	0.01351	-0.055	0.004	0.177	1.000	0.999	67.002	0.261	0.310
7.0	0.990	0.01443	-0.056	0.004	0.210	1.000	0.999	68.556	0.263	0.306
8.0	1.059	0.01388	-0.057	0.003	0.232	1.000	0.999	76.309	0.266	0.304
9.0	1.109	0.01504	-0.058	0.003	0.262	0.995	0.999	73.768	0.272	0.302
10.0	1.140	0.01467	-0.059	0.003	0.301	0.989	0.999	77.728	0.303	0.301
11.0	1.134	0.02181	-0.059	0.001	0.331	0.940	0.999	51.971	0.330	0.302
12.0	0.917	0.07373	-0.041	0.001	0.380	0.135	1.000	12.433	0.340	0.294
13.0	0.848	0.09452	-0.033	0.001	0.424	0.046	1.000	8.970	0.318	0.289
14.0	0.784	0.11021	-0.032	0.001	0.457	0.033	1.000	7.114	0.263	0.290
15.0	0.716	0.12338	-0.032	0.001	0.483	0.030	1.000	5.807	0.251	0.294
16.0	0.647	0.13950	-0.031	0.000	0.515	0.027	1.000	4.641	0.245	0.299
17.0	0.581	0.15408	-0.032	0.000	0.557	0.029	1.000	3.772	0.231	0.306
18.0	0.520	0.16704	-0.034	0.000	0.599	0.034	1.000	3.111	0.238	0.315
19.0	0.462	0.18575	-0.034	0.000	0.640	0.031	1.000	2.490	0.240	0.323
20.0	0.412	0.20319	-0.035	0.000	0.689	0.035	1.000	2.027	0.226	0.335

Name = NACA 2408
Mach = 0; Re = 6030000; T.U. = 1.0; T.L. = 1.0
Surface Finish = 2; Stall model = 0; Transition model = 1; Aspect Ratio = 0; ground effect = 0
?	Cl	Cd	Cm 0.25	T.U.	T.L.	S.U.	S.L.	L/D	A.C.	C.P.
[°]	[-]	[-]	[-]	[-]	[-]	[-]	[-]	[-]	[-]	[-]
-20.0	-0.294	0.19724	-0.017	0.550	0.001	0.997	0.032	-1.493	0.246	0.191
-19.0	-0.326	0.18121	-0.018	0.511	0.001	0.997	0.031	-1.801	0.247	0.196
-18.0	-0.361	0.16539	-0.018	0.477	0.001	0.997	0.029	-2.184	0.248	0.201
-17.0	-0.399	0.15255	-0.018	0.450	0.001	1.000	0.028	-2.613	0.246	0.206
-16.0	-0.438	0.13635	-0.018	0.412	0.001	1.000	0.028	-3.211	0.242	0.209
-15.0	-0.477	0.12337	-0.018	0.399	0.001	1.000	0.028	-3.869	0.243	0.212
-14.0	-0.514	0.11010	-0.019	0.366	0.001	1.000	0.027	-4.671	0.247	0.214
-13.0	-0.546	0.09938	-0.019	0.352	0.001	1.000	0.026	-5.489	0.231	0.216
-12.0	-0.568	0.08698	-0.020	0.330	0.001	1.000	0.030	-6.531	0.170	0.216
-11.0	-0.578	0.07515	-0.021	0.305	0.001	1.000	0.041	-7.690	-0.681	0.213
-10.0	-0.573	0.06315	-0.024	0.289	0.001	1.000	0.069	-9.071	0.018	0.208
-9.0	-0.665	0.01222	-0.041	0.259	0.004	1.000	0.990	-54.411	-0.452	0.188
-8.0	-0.599	0.01134	-0.042	0.245	0.004	1.000	0.995	-52.819	0.261	0.179
-7.0	-0.518	0.01187	-0.043	0.213	0.005	1.000	0.998	-43.632	0.259	0.167
-6.0	-0.425	0.01138	-0.044	0.196	0.005	1.000	0.998	-37.334	0.258	0.147
-5.0	-0.323	0.01099	-0.045	0.170	0.005	1.000	0.998	-29.349	0.258	0.111
-4.0	-0.214	0.01069	-0.046	0.146	0.006	1.000	0.998	-19.987	0.258	0.037
-3.0	-0.100	0.01044	-0.046	0.129	0.009	1.000	0.998	-9.627	0.258	-0.212
-2.0	0.015	0.01033	-0.047	0.102	0.016	1.000	0.999	1.455	0.258	3.395
-1.0	0.131	0.01036	-0.048	0.081	0.025	1.000	0.999	12.677	0.258	0.617
0.0	0.248	0.01044	-0.049	0.065	0.039	1.000	0.999	23.750	0.258	0.448
1.0	0.364	0.01065	-0.050	0.042	0.056	1.000	0.999	34.184	0.258	0.387
2.0	0.480	0.01101	-0.051	0.024	0.077	1.000	0.999	43.586	0.258	0.356
3.0	0.594	0.01142	-0.052	0.014	0.102	1.000	0.999	52.037	0.258	0.337
4.0	0.705	0.01196	-0.053	0.007	0.126	1.000	0.999	58.920	0.259	0.325
5.0	0.809	0.01263	-0.054	0.005	0.144	1.000	0.999	64.064	0.260	0.316
6.0	0.905	0.01342	-0.055	0.004	0.173	1.000	0.999	67.469	0.261	0.310
7.0	0.990	0.01433	-0.056	0.004	0.202	1.000	0.999	69.077	0.263	0.306
8.0	1.059	0.01540	-0.057	0.003	0.223	1.000	0.999	68.733	0.266	0.304
9.0	1.109	0.01485	-0.058	0.003	0.257	0.995	0.999	74.719	0.273	0.302
10.0	1.140	0.01620	-0.059	0.003	0.288	0.990	0.999	70.381	0.303	0.301
11.0	1.133	0.02172	-0.059	0.001	0.315	0.938	1.000	52.182	0.323	0.302
12.0	0.926	0.06907	-0.043	0.001	0.359	0.178	1.000	13.411	0.340	0.296
13.0	0.848	0.09429	-0.033	0.001	0.406	0.046	1.000	8.993	0.329	0.289
14.0	0.784	0.10918	-0.032	0.001	0.451	0.034	1.000	7.183	0.262	0.290
15.0	0.717	0.12224	-0.032	0.001	0.467	0.031	1.000	5.862	0.251	0.294
16.0	0.648	0.13863	-0.032	0.000	0.504	0.028	1.000	4.672	0.244	0.299
17.0	0.581	0.15340	-0.032	0.000	0.534	0.030	1.000	3.790	0.232	0.306
18.0	0.520	0.16691	-0.034	0.000	0.570	0.035	1.000	3.114	0.238	0.315
19.0	0.463	0.18575	-0.034	0.000	0.614	0.032	1.000	2.490	0.241	0.323
20.0	0.412	0.20017	-0.035	0.000	0.661	0.035	1.000	2.058	0.228	0.335

Name = NACA 2408
Mach = 0; Re = 6430000; T.U. = 1.0; T.L. = 1.0
Surface Finish = 2; Stall model = 0; Transition model = 1; Aspect Ratio = 0; ground effect = 0
?	Cl	Cd	Cm 0.25	T.U.	T.L.	S.U.	S.L.	L/D	A.C.	C.P.
[°]	[-]	[-]	[-]	[-]	[-]	[-]	[-]	[-]	[-]	[-]
-20.0	-0.295	0.19584	-0.018	0.524	0.001	0.997	0.033	-1.504	0.246	0.190
-19.0	-0.326	0.17969	-0.018	0.504	0.001	0.997	0.032	-1.817	0.246	0.196
-18.0	-0.361	0.16663	-0.018	0.461	0.001	1.000	0.031	-2.168	0.248	0.201
-17.0	-0.399	0.15091	-0.018	0.428	0.001	1.000	0.028	-2.642	0.248	0.205
-16.0	-0.438	0.13609	-0.018	0.406	0.001	1.000	0.028	-3.217	0.240	0.209
-15.0	-0.478	0.12117	-0.019	0.389	0.001	1.000	0.030	-3.941	0.241	0.211
-14.0	-0.514	0.10989	-0.019	0.359	0.001	1.000	0.028	-4.681	0.250	0.214
-13.0	-0.546	0.09919	-0.019	0.348	0.001	1.000	0.026	-5.500	0.231	0.216
-12.0	-0.568	0.08663	-0.020	0.316	0.001	1.000	0.031	-6.560	0.170	0.215
-11.0	-0.578	0.07505	-0.021	0.300	0.001	1.000	0.041	-7.700	-0.682	0.213
-10.0	-0.573	0.06305	-0.024	0.272	0.001	1.000	0.069	-9.085	0.018	0.208
-9.0	-0.665	0.01209	-0.041	0.254	0.004	1.000	0.990	-55.040	-0.451	0.188
-8.0	-0.599	0.01124	-0.042	0.228	0.004	1.000	0.995	-53.312	0.261	0.179
-7.0	-0.518	0.01181	-0.043	0.210	0.005	1.000	0.998	-43.867	0.259	0.167
-6.0	-0.425	0.01133	-0.044	0.183	0.005	1.000	0.998	-37.522	0.258	0.147
-5.0	-0.323	0.01090	-0.045	0.168	0.005	1.000	0.998	-29.590	0.258	0.111
-4.0	-0.214	0.01056	-0.046	0.139	0.006	1.000	0.998	-20.236	0.258	0.037
-3.0	-0.100	0.01033	-0.046	0.128	0.009	1.000	0.998	-9.721	0.258	-0.212
-2.0	0.015	0.01025	-0.047	0.099	0.015	1.000	0.999	1.466	0.258	3.395
-1.0	0.131	0.01030	-0.048	0.077	0.024	1.000	0.999	12.762	0.258	0.617
0.0	0.248	0.01040	-0.049	0.059	0.037	1.000	0.999	23.821	0.258	0.448
1.0	0.364	0.01060	-0.050	0.041	0.054	1.000	0.999	34.355	0.258	0.387
2.0	0.480	0.01090	-0.051	0.023	0.075	1.000	0.999	44.026	0.258	0.356
3.0	0.594	0.01133	-0.052	0.013	0.100	1.000	0.999	52.449	0.258	0.337
4.0	0.705	0.01190	-0.053	0.007	0.118	1.000	0.999	59.232	0.259	0.325
5.0	0.809	0.01254	-0.054	0.005	0.140	1.000	0.999	64.566	0.260	0.316
6.0	0.905	0.01326	-0.055	0.004	0.171	1.000	0.999	68.269	0.261	0.310
7.0	0.990	0.01418	-0.056	0.003	0.190	1.000	0.999	69.777	0.263	0.306
8.0	1.059	0.01527	-0.057	0.003	0.217	1.000	0.999	69.347	0.266	0.304
9.0	1.109	0.01473	-0.058	0.003	0.253	0.995	0.999	75.320	0.273	0.302
10.0	1.141	0.01602	-0.059	0.003	0.273	0.990	0.999	71.203	0.303	0.301
11.0	1.133	0.02154	-0.059	0.001	0.307	0.939	1.000	52.626	0.315	0.302
12.0	0.940	0.06284	-0.046	0.001	0.349	0.239	1.000	14.957	0.337	0.298
13.0	0.849	0.09301	-0.034	0.001	0.397	0.053	1.000	9.131	0.337	0.290
14.0	0.785	0.10801	-0.032	0.001	0.432	0.036	1.000	7.265	0.263	0.291
15.0	0.717	0.12050	-0.033	0.000	0.458	0.035	1.000	5.953	0.252	0.295
16.0	0.648	0.13806	-0.032	0.000	0.487	0.029	1.000	4.692	0.249	0.299
17.0	0.581	0.15313	-0.033	0.000	0.515	0.031	1.000	3.797	0.233	0.306
18.0	0.520	0.16629	-0.034	0.000	0.557	0.035	1.000	3.126	0.238	0.315
19.0	0.463	0.18635	-0.034	0.000	0.595	0.033	1.000	2.483	0.240	0.324
20.0	0.412	0.19777	-0.035	0.000	0.633	0.036	1.000	2.083	0.230	0.335


