Name = NACA 2410
Mach = 0; Re = 30000; T.U. = 1.0; T.L. = 1.0
Surface Finish = 2; Stall model = 0; Transition model = 1; Aspect Ratio = 0; ground effect = 0
?	Cl	Cd	Cm 0.25	T.U.	T.L.	S.U.	S.L.	L/D	A.C.	C.P.
[°]	[-]	[-]	[-]	[-]	[-]	[-]	[-]	[-]	[-]	[-]
-20.0	-0.528	0.60955	-0.011	0.967	0.003	0.981	0.005	-0.866	0.248	0.229
-19.0	-0.569	0.51649	-0.011	0.965	0.004	0.980	0.005	-1.101	0.243	0.231
-18.0	-0.610	0.47083	-0.012	0.962	0.004	0.980	0.005	-1.295	0.241	0.231
-17.0	-0.649	0.37739	-0.012	0.960	0.004	0.978	0.005	-1.719	0.241	0.232
-16.0	-0.683	0.33494	-0.012	0.959	0.005	0.978	0.006	-2.040	0.235	0.232
-15.0	-0.711	0.29046	-0.013	0.953	0.005	0.977	0.006	-2.448	0.232	0.232
-14.0	-0.729	0.24351	-0.013	0.947	0.005	0.976	0.007	-2.993	0.196	0.232
-13.0	-0.726	0.19411	-0.013	0.942	0.005	0.975	0.007	-3.742	0.292	0.231
-12.0	-0.707	0.16807	-0.014	0.936	0.006	0.972	0.007	-4.204	0.267	0.230
-11.0	-0.675	0.14016	-0.014	0.928	0.006	0.970	0.008	-4.815	0.262	0.229
-10.0	-0.631	0.11938	-0.015	0.917	0.006	0.967	0.008	-5.285	0.261	0.226
-9.0	-0.576	0.10030	-0.015	0.907	0.007	0.965	0.009	-5.738	0.262	0.223
-8.0	-0.510	0.08469	-0.016	0.892	0.008	0.963	0.010	-6.020	0.264	0.218
-7.0	-0.435	0.07233	-0.017	0.876	0.009	0.961	0.013	-6.016	0.270	0.210
-6.0	-0.354	0.06314	-0.020	0.854	0.012	0.960	0.020	-5.603	0.272	0.195
-5.0	-0.267	0.05626	-0.021	0.830	0.019	0.958	0.026	-4.740	0.288	0.171
-4.0	-0.177	0.04955	-0.026	0.800	0.025	0.956	0.069	-3.575	0.398	0.102
-3.0	-0.101	0.02643	-0.046	0.762	0.069	0.955	0.992	-3.823	0.356	-0.202
-2.0	0.017	0.02613	-0.047	0.717	0.250	0.955	0.992	0.632	0.259	3.078
-1.0	0.134	0.02484	-0.048	0.663	0.660	0.956	0.987	5.414	0.259	0.605
0.0	0.251	0.02776	-0.049	0.596	0.789	0.958	0.981	9.039	0.259	0.444
1.0	0.368	0.02844	-0.050	0.504	0.862	0.961	0.979	12.948	0.259	0.386
2.0	0.485	0.02955	-0.051	0.430	0.903	0.958	0.978	16.403	0.259	0.355
3.0	0.598	0.03098	-0.052	0.390	0.927	0.941	0.980	19.311	0.258	0.337
4.0	0.708	0.03285	-0.053	0.348	0.943	0.916	0.982	21.552	0.259	0.325
5.0	0.815	0.03530	-0.054	0.271	0.957	0.902	0.983	23.101	0.261	0.316
6.0	0.922	0.03635	-0.055	0.020	0.963	0.926	0.986	25.375	-1.559	0.310
7.0	0.830	0.06603	-0.027	0.013	0.970	0.022	0.989	12.576	1.459	0.282
8.0	0.897	0.07710	-0.025	0.008	0.976	0.013	0.991	11.636	0.222	0.278
9.0	0.954	0.09039	-0.023	0.006	0.979	0.009	0.991	10.550	0.231	0.274
10.0	0.998	0.10853	-0.023	0.005	0.982	0.007	0.993	9.196	0.247	0.273
11.0	1.029	0.12794	-0.023	0.005	0.986	0.007	0.995	8.042	0.247	0.272
12.0	1.045	0.15415	-0.023	0.004	0.989	0.006	0.997	6.780	0.244	0.272
13.0	1.047	0.18433	-0.023	0.004	0.991	0.006	0.998	5.682	0.224	0.272
14.0	1.036	0.22092	-0.023	0.003	0.994	0.005	0.997	4.692	0.245	0.272
15.0	1.014	0.26375	-0.023	0.003	0.997	0.005	0.997	3.845	0.248	0.273
16.0	0.980	0.30196	-0.023	0.003	0.997	0.004	0.997	3.247	0.248	0.274
17.0	0.921	0.35556	-0.023	0.003	0.997	0.004	0.998	2.590	0.247	0.275
18.0	0.857	0.41473	-0.023	0.003	0.997	0.004	0.998	2.066	0.249	0.277
19.0	0.791	0.48475	-0.023	0.003	0.998	0.004	0.998	1.632	0.250	0.280
20.0	0.727	0.55442	-0.023	0.003	0.998	0.003	0.998	1.311	0.248	0.282

Name = NACA 2410
Mach = 0; Re = 430000; T.U. = 1.0; T.L. = 1.0
Surface Finish = 2; Stall model = 0; Transition model = 1; Aspect Ratio = 0; ground effect = 0
?	Cl	Cd	Cm 0.25	T.U.	T.L.	S.U.	S.L.	L/D	A.C.	C.P.
[°]	[-]	[-]	[-]	[-]	[-]	[-]	[-]	[-]	[-]	[-]
-20.0	-0.528	0.27416	-0.013	0.940	0.002	0.991	0.011	-1.928	0.252	0.226
-19.0	-0.569	0.24628	-0.013	0.935	0.003	0.991	0.010	-2.312	0.254	0.227
-18.0	-0.610	0.21080	-0.013	0.925	0.004	0.992	0.008	-2.895	0.249	0.229
-17.0	-0.649	0.18497	-0.013	0.914	0.004	0.992	0.009	-3.510	0.239	0.230
-16.0	-0.684	0.16401	-0.013	0.904	0.004	0.992	0.009	-4.170	0.237	0.230
-15.0	-0.712	0.14268	-0.014	0.886	0.005	0.993	0.009	-4.987	0.234	0.231
-14.0	-0.729	0.12411	-0.014	0.870	0.005	0.994	0.010	-5.876	0.178	0.231
-13.0	-0.727	0.10775	-0.015	0.846	0.005	0.994	0.011	-6.747	0.307	0.230
-12.0	-0.707	0.09487	-0.015	0.819	0.006	0.994	0.012	-7.457	0.271	0.228
-11.0	-0.676	0.08226	-0.016	0.791	0.006	0.995	0.012	-8.213	0.292	0.226
-10.0	-0.633	0.07252	-0.019	0.756	0.006	0.995	0.024	-8.734	0.300	0.221
-9.0	-0.580	0.06252	-0.021	0.714	0.007	0.995	0.037	-9.270	0.590	0.214
-8.0	-0.580	0.02667	-0.037	0.669	0.008	0.995	0.565	-21.758	0.802	0.187
-7.0	-0.541	0.01466	-0.042	0.619	0.009	0.995	0.990	-36.909	0.295	0.173
-6.0	-0.439	0.01385	-0.043	0.566	0.012	0.995	0.992	-31.722	0.260	0.152
-5.0	-0.331	0.01326	-0.044	0.508	0.019	0.995	0.993	-24.928	0.259	0.117
-4.0	-0.217	0.01303	-0.045	0.441	0.025	0.995	0.995	-16.690	0.259	0.043
-3.0	-0.101	0.01260	-0.046	0.410	0.046	0.995	0.997	-8.027	0.259	-0.205
-2.0	0.017	0.01310	-0.047	0.380	0.091	0.995	0.998	1.262	0.259	3.102
-1.0	0.135	0.01278	-0.048	0.353	0.147	0.995	0.998	10.545	0.259	0.608
0.0	0.253	0.01268	-0.049	0.316	0.206	0.994	0.998	19.939	0.259	0.445
1.0	0.371	0.01271	-0.050	0.275	0.278	0.994	0.998	29.169	0.260	0.386
2.0	0.488	0.01258	-0.052	0.229	0.455	0.994	0.998	38.794	0.260	0.356
3.0	0.604	0.01322	-0.053	0.174	0.513	0.992	0.998	45.728	0.260	0.337
4.0	0.719	0.01428	-0.054	0.106	0.583	0.991	0.998	50.351	0.260	0.325
5.0	0.830	0.01405	-0.055	0.038	0.676	0.989	0.998	59.062	0.260	0.316
6.0	0.933	0.01493	-0.056	0.019	0.778	0.983	0.998	62.477	0.261	0.310
7.0	1.027	0.02126	-0.057	0.013	0.851	0.976	0.998	48.333	0.262	0.306
8.0	1.109	0.02344	-0.058	0.008	0.896	0.961	0.998	47.316	0.263	0.302
9.0	1.175	0.02600	-0.059	0.006	0.923	0.938	0.998	45.177	0.263	0.300
10.0	1.217	0.02931	-0.060	0.005	0.942	0.887	0.998	41.530	0.394	0.299
11.0	1.082	0.06596	-0.046	0.005	0.957	0.215	0.998	16.408	0.429	0.292
12.0	1.049	0.09154	-0.030	0.004	0.964	0.022	0.998	11.463	0.785	0.278
13.0	1.050	0.10621	-0.029	0.004	0.973	0.017	0.998	9.891	0.525	0.277
14.0	1.038	0.12068	-0.026	0.003	0.979	0.010	0.998	8.600	0.319	0.275
15.0	1.015	0.13829	-0.026	0.003	0.982	0.009	0.998	7.341	0.252	0.276
16.0	0.981	0.15634	-0.026	0.003	0.988	0.009	0.998	6.277	0.248	0.277
17.0	0.922	0.18059	-0.027	0.003	0.997	0.008	0.998	5.105	0.247	0.279
18.0	0.858	0.20574	-0.027	0.003	0.997	0.008	0.998	4.169	0.247	0.281
19.0	0.792	0.22946	-0.027	0.002	0.997	0.007	0.998	3.452	0.247	0.284
20.0	0.727	0.26057	-0.027	0.002	0.997	0.007	0.998	2.791	0.246	0.287

Name = NACA 2410
Mach = 0; Re = 830000; T.U. = 1.0; T.L. = 1.0
Surface Finish = 2; Stall model = 0; Transition model = 1; Aspect Ratio = 0; ground effect = 0
?	Cl	Cd	Cm 0.25	T.U.	T.L.	S.U.	S.L.	L/D	A.C.	C.P.
[°]	[-]	[-]	[-]	[-]	[-]	[-]	[-]	[-]	[-]	[-]
-20.0	-0.529	0.24106	-0.014	0.914	0.002	0.993	0.019	-2.196	0.250	0.223
-19.0	-0.570	0.21861	-0.014	0.904	0.002	0.994	0.017	-2.610	0.242	0.225
-18.0	-0.612	0.19632	-0.015	0.885	0.003	0.994	0.019	-3.117	0.248	0.226
-17.0	-0.650	0.16724	-0.014	0.868	0.004	0.995	0.015	-3.888	0.250	0.228
-16.0	-0.685	0.14882	-0.015	0.844	0.004	0.995	0.016	-4.603	0.228	0.228
-15.0	-0.713	0.13142	-0.016	0.816	0.004	0.995	0.019	-5.428	0.212	0.228
-14.0	-0.732	0.11472	-0.017	0.787	0.004	0.995	0.022	-6.378	0.142	0.227
-13.0	-0.730	0.09972	-0.018	0.754	0.005	0.995	0.026	-7.319	0.345	0.226
-12.0	-0.711	0.08806	-0.019	0.713	0.005	0.996	0.031	-8.071	0.312	0.224
-11.0	-0.681	0.07641	-0.021	0.669	0.006	0.996	0.046	-8.916	0.336	0.220
-10.0	-0.644	0.06349	-0.024	0.624	0.006	0.996	0.093	-10.149	11.754	0.212
-9.0	-0.680	0.02228	-0.038	0.577	0.006	0.996	0.735	-30.518	1.799	0.195
-8.0	-0.634	0.01314	-0.041	0.526	0.007	0.996	0.985	-48.237	0.281	0.185
-7.0	-0.541	0.01346	-0.042	0.467	0.009	0.996	0.991	-40.221	0.260	0.173
-6.0	-0.439	0.01277	-0.043	0.422	0.011	0.996	0.993	-34.404	0.260	0.152
-5.0	-0.331	0.01219	-0.044	0.399	0.016	0.996	0.995	-27.122	0.259	0.117
-4.0	-0.217	0.01184	-0.045	0.368	0.022	0.996	0.996	-18.373	0.259	0.043
-3.0	-0.101	0.01240	-0.046	0.348	0.037	0.996	0.998	-8.156	0.259	-0.205
-2.0	0.017	0.01211	-0.047	0.311	0.062	0.996	0.998	1.366	0.259	3.102
-1.0	0.135	0.01195	-0.048	0.275	0.098	0.996	0.998	11.280	0.259	0.608
0.0	0.253	0.01187	-0.049	0.239	0.143	0.995	0.998	21.306	0.259	0.445
1.0	0.371	0.01204	-0.050	0.198	0.191	0.995	0.998	30.796	0.260	0.386
2.0	0.488	0.01239	-0.052	0.153	0.243	0.994	0.998	39.411	0.260	0.356
3.0	0.605	0.01290	-0.053	0.103	0.302	0.993	0.998	46.866	0.260	0.337
4.0	0.719	0.01352	-0.054	0.054	0.450	0.992	0.998	53.172	0.260	0.325
5.0	0.830	0.01460	-0.055	0.022	0.492	0.991	0.998	56.845	0.261	0.316
6.0	0.934	0.01388	-0.056	0.016	0.546	0.988	0.998	67.294	0.261	0.310
7.0	1.029	0.01480	-0.057	0.010	0.615	0.982	0.998	69.522	0.262	0.306
8.0	1.112	0.02115	-0.058	0.007	0.703	0.973	0.998	52.561	0.264	0.303
9.0	1.179	0.02309	-0.059	0.005	0.796	0.957	0.998	51.066	0.265	0.300
10.0	1.227	0.02564	-0.060	0.004	0.865	0.927	0.998	47.858	0.267	0.299
11.0	1.252	0.02894	-0.061	0.004	0.907	0.875	0.998	43.247	-0.034	0.298
12.0	1.230	0.03705	-0.059	0.004	0.934	0.714	0.998	33.196	0.348	0.298
13.0	1.085	0.08662	-0.044	0.003	0.948	0.150	0.999	12.528	0.378	0.291
14.0	1.048	0.10986	-0.036	0.003	0.961	0.050	0.998	9.539	0.418	0.284
15.0	1.021	0.12697	-0.033	0.003	0.970	0.031	0.998	8.038	0.320	0.283
16.0	0.985	0.14291	-0.032	0.003	0.978	0.022	0.998	6.889	0.270	0.282
17.0	0.924	0.16408	-0.031	0.003	0.983	0.019	0.998	5.634	0.254	0.284
18.0	0.860	0.18518	-0.031	0.002	0.997	0.017	0.998	4.642	0.254	0.286
19.0	0.794	0.20881	-0.031	0.002	0.997	0.015	0.998	3.800	0.244	0.289
20.0	0.729	0.24127	-0.032	0.002	0.997	0.016	0.998	3.021	0.234	0.294

Name = NACA 2410
Mach = 0; Re = 1230000; T.U. = 1.0; T.L. = 1.0
Surface Finish = 2; Stall model = 0; Transition model = 1; Aspect Ratio = 0; ground effect = 0
?	Cl	Cd	Cm 0.25	T.U.	T.L.	S.U.	S.L.	L/D	A.C.	C.P.
[°]	[-]	[-]	[-]	[-]	[-]	[-]	[-]	[-]	[-]	[-]
-20.0	-0.530	0.22816	-0.015	0.881	0.001	0.995	0.022	-2.322	0.247	0.222
-19.0	-0.571	0.20730	-0.015	0.862	0.002	0.995	0.021	-2.755	0.240	0.224
-18.0	-0.613	0.18212	-0.016	0.840	0.002	0.995	0.024	-3.363	0.235	0.225
-17.0	-0.652	0.16329	-0.016	0.810	0.003	0.995	0.025	-3.992	0.239	0.225
-16.0	-0.687	0.14181	-0.016	0.778	0.004	0.995	0.025	-4.842	0.236	0.226
-15.0	-0.715	0.12438	-0.017	0.746	0.004	0.996	0.027	-5.746	0.212	0.226
-14.0	-0.734	0.10961	-0.018	0.708	0.004	0.996	0.034	-6.694	0.113	0.225
-13.0	-0.733	0.09524	-0.019	0.665	0.005	0.996	0.043	-7.694	0.416	0.223
-12.0	-0.716	0.08325	-0.021	0.620	0.005	0.996	0.058	-8.596	0.352	0.220
-11.0	-0.690	0.06998	-0.024	0.576	0.005	0.996	0.095	-9.854	0.431	0.215
-10.0	-0.669	0.04939	-0.030	0.530	0.005	0.997	0.248	-13.542	-0.460	0.206
-9.0	-0.712	0.01776	-0.040	0.478	0.006	0.996	0.958	-40.087	0.577	0.194
-8.0	-0.634	0.01372	-0.041	0.430	0.007	0.997	0.989	-46.242	0.263	0.185
-7.0	-0.541	0.01276	-0.042	0.405	0.008	0.996	0.992	-42.437	0.260	0.173
-6.0	-0.439	0.01216	-0.043	0.375	0.010	0.996	0.994	-36.129	0.260	0.152
-5.0	-0.331	0.01159	-0.044	0.354	0.015	0.996	0.995	-28.530	0.259	0.117
-4.0	-0.217	0.01127	-0.045	0.325	0.019	0.996	0.997	-19.293	0.259	0.043
-3.0	-0.101	0.01185	-0.046	0.299	0.030	0.997	0.998	-8.536	0.259	-0.206
-2.0	0.017	0.01167	-0.047	0.262	0.048	0.997	0.998	1.417	0.259	3.103
-1.0	0.135	0.01148	-0.048	0.227	0.079	0.996	0.998	11.736	0.259	0.608
0.0	0.253	0.01147	-0.049	0.193	0.114	0.996	0.998	22.045	0.259	0.445
1.0	0.371	0.01169	-0.050	0.154	0.153	0.995	0.998	31.720	0.260	0.386
2.0	0.488	0.01202	-0.052	0.113	0.194	0.995	0.998	40.638	0.260	0.356
3.0	0.605	0.01258	-0.053	0.071	0.240	0.994	0.998	48.084	0.260	0.337
4.0	0.719	0.01324	-0.054	0.036	0.291	0.993	0.999	54.307	0.260	0.325
5.0	0.830	0.01398	-0.055	0.020	0.372	0.992	0.998	59.382	0.261	0.316
6.0	0.934	0.01475	-0.056	0.013	0.462	0.990	0.998	63.360	0.261	0.310
7.0	1.029	0.01408	-0.057	0.008	0.505	0.985	0.998	73.097	0.262	0.306
8.0	1.113	0.02005	-0.058	0.006	0.556	0.978	0.998	55.489	0.264	0.303
9.0	1.181	0.02192	-0.059	0.005	0.618	0.965	0.999	53.880	0.266	0.300
10.0	1.231	0.02417	-0.060	0.004	0.698	0.941	0.999	50.911	0.270	0.299
11.0	1.259	0.02681	-0.061	0.004	0.788	0.902	0.999	46.946	0.270	0.298
12.0	1.255	0.03186	-0.061	0.003	0.860	0.809	0.999	39.386	0.300	0.298
13.0	1.196	0.04649	-0.058	0.003	0.907	0.575	0.999	25.731	0.336	0.298
14.0	1.076	0.09348	-0.046	0.003	0.935	0.158	0.998	11.510	0.365	0.292
15.0	1.029	0.11818	-0.039	0.003	0.952	0.063	0.998	8.706	0.360	0.287
16.0	0.989	0.13560	-0.036	0.003	0.964	0.041	0.998	7.295	0.283	0.286
17.0	0.928	0.15387	-0.035	0.002	0.976	0.034	0.998	6.029	0.263	0.288
18.0	0.862	0.17462	-0.034	0.002	0.982	0.027	0.998	4.935	0.260	0.290
19.0	0.795	0.20100	-0.034	0.002	0.997	0.023	0.998	3.956	0.254	0.293
20.0	0.730	0.22351	-0.034	0.001	0.997	0.022	0.998	3.266	0.251	0.296

Name = NACA 2410
Mach = 0; Re = 1630000; T.U. = 1.0; T.L. = 1.0
Surface Finish = 2; Stall model = 0; Transition model = 1; Aspect Ratio = 0; ground effect = 0
?	Cl	Cd	Cm 0.25	T.U.	T.L.	S.U.	S.L.	L/D	A.C.	C.P.
[°]	[-]	[-]	[-]	[-]	[-]	[-]	[-]	[-]	[-]	[-]
-20.0	-0.530	0.22657	-0.015	0.844	0.001	0.995	0.024	-2.340	0.245	0.222
-19.0	-0.571	0.20823	-0.015	0.815	0.001	0.995	0.023	-2.744	0.240	0.223
-18.0	-0.613	0.18029	-0.016	0.787	0.001	0.995	0.025	-3.399	0.236	0.224
-17.0	-0.652	0.15790	-0.016	0.755	0.002	0.996	0.027	-4.130	0.228	0.225
-16.0	-0.688	0.13789	-0.017	0.715	0.003	0.996	0.034	-4.990	0.222	0.225
-15.0	-0.716	0.12117	-0.018	0.674	0.004	0.996	0.037	-5.913	0.214	0.225
-14.0	-0.735	0.10682	-0.019	0.633	0.004	0.996	0.043	-6.885	0.108	0.224
-13.0	-0.736	0.09194	-0.021	0.595	0.005	0.996	0.060	-8.004	0.484	0.222
-12.0	-0.720	0.07915	-0.023	0.556	0.005	0.996	0.083	-9.096	0.391	0.218
-11.0	-0.698	0.06378	-0.026	0.508	0.005	0.997	0.148	-10.951	1.836	0.213
-10.0	-0.713	0.03096	-0.034	0.455	0.005	0.997	0.526	-23.018	-0.623	0.202
-9.0	-0.714	0.01690	-0.040	0.417	0.005	0.997	0.975	-42.260	0.333	0.194
-8.0	-0.634	0.01314	-0.041	0.399	0.006	0.997	0.990	-48.282	0.262	0.185
-7.0	-0.541	0.01228	-0.042	0.367	0.007	0.997	0.993	-44.076	0.260	0.173
-6.0	-0.440	0.01165	-0.043	0.349	0.009	0.997	0.995	-37.730	0.260	0.152
-5.0	-0.331	0.01121	-0.044	0.316	0.013	0.997	0.996	-29.510	0.259	0.117
-4.0	-0.218	0.01088	-0.045	0.296	0.018	0.997	0.997	-19.986	0.259	0.043
-3.0	-0.101	0.01158	-0.046	0.259	0.025	0.997	0.998	-8.740	0.259	-0.206
-2.0	0.017	0.01137	-0.047	0.227	0.042	0.997	0.998	1.454	0.259	3.103
-1.0	0.135	0.01121	-0.048	0.197	0.066	0.997	0.998	12.026	0.259	0.608
0.0	0.253	0.01121	-0.049	0.165	0.097	0.996	0.998	22.565	0.259	0.445
1.0	0.371	0.01137	-0.050	0.128	0.131	0.996	0.998	32.606	0.260	0.386
2.0	0.488	0.01172	-0.052	0.089	0.169	0.995	0.998	41.684	0.260	0.356
3.0	0.605	0.01224	-0.053	0.055	0.208	0.994	0.998	49.414	0.260	0.337
4.0	0.719	0.01283	-0.054	0.031	0.249	0.994	0.999	56.070	0.260	0.325
5.0	0.830	0.01357	-0.055	0.017	0.295	0.992	0.998	61.199	0.261	0.316
6.0	0.935	0.01431	-0.056	0.012	0.356	0.991	0.998	65.322	0.262	0.310
7.0	1.030	0.01359	-0.057	0.008	0.453	0.988	0.998	75.793	0.263	0.306
8.0	1.113	0.01927	-0.058	0.005	0.485	0.981	0.999	57.771	0.264	0.303
9.0	1.182	0.02107	-0.060	0.004	0.527	0.969	0.999	56.096	0.267	0.300
10.0	1.233	0.02322	-0.060	0.004	0.581	0.950	0.999	53.079	0.271	0.299
11.0	1.262	0.02569	-0.061	0.004	0.648	0.916	0.999	49.140	0.279	0.298
12.0	1.264	0.02981	-0.061	0.003	0.723	0.844	0.999	42.390	0.283	0.299
13.0	1.226	0.03883	-0.060	0.003	0.808	0.688	0.999	31.570	0.306	0.299
14.0	1.131	0.06794	-0.054	0.003	0.878	0.370	0.999	16.645	0.339	0.298
15.0	1.042	0.10859	-0.044	0.003	0.918	0.117	0.999	9.599	0.357	0.292
16.0	0.995	0.13028	-0.039	0.002	0.943	0.064	0.999	7.637	0.303	0.290
17.0	0.931	0.14853	-0.038	0.002	0.960	0.048	0.999	6.268	0.273	0.291
18.0	0.864	0.17105	-0.036	0.002	0.973	0.036	0.998	5.050	0.265	0.292
19.0	0.797	0.19702	-0.036	0.001	0.981	0.031	0.998	4.043	0.256	0.295
20.0	0.731	0.22120	-0.035	0.001	0.997	0.028	0.998	3.304	0.253	0.299

Name = NACA 2410
Mach = 0; Re = 2030000; T.U. = 1.0; T.L. = 1.0
Surface Finish = 2; Stall model = 0; Transition model = 1; Aspect Ratio = 0; ground effect = 0
?	Cl	Cd	Cm 0.25	T.U.	T.L.	S.U.	S.L.	L/D	A.C.	C.P.
[°]	[-]	[-]	[-]	[-]	[-]	[-]	[-]	[-]	[-]	[-]
-20.0	-0.530	0.22160	-0.015	0.802	0.001	0.995	0.025	-2.393	0.245	0.222
-19.0	-0.571	0.20240	-0.015	0.768	0.001	0.995	0.024	-2.824	0.240	0.223
-18.0	-0.613	0.17810	-0.016	0.732	0.001	0.996	0.026	-3.442	0.234	0.224
-17.0	-0.653	0.15836	-0.017	0.699	0.002	0.996	0.030	-4.121	0.226	0.225
-16.0	-0.689	0.13656	-0.018	0.660	0.002	0.996	0.037	-5.043	0.219	0.224
-15.0	-0.718	0.11771	-0.019	0.618	0.004	0.996	0.043	-6.096	0.206	0.224
-14.0	-0.737	0.10359	-0.020	0.577	0.004	0.996	0.053	-7.117	0.107	0.223
-13.0	-0.738	0.08955	-0.022	0.538	0.004	0.996	0.071	-8.240	0.529	0.221
-12.0	-0.723	0.07594	-0.024	0.502	0.005	0.997	0.103	-9.526	0.451	0.217
-11.0	-0.707	0.05831	-0.028	0.449	0.005	0.997	0.199	-12.127	-0.206	0.211
-10.0	-0.753	0.02087	-0.037	0.413	0.005	0.997	0.785	-36.095	-1.320	0.200
-9.0	-0.715	0.01620	-0.040	0.397	0.005	0.997	0.979	-44.119	0.281	0.194
-8.0	-0.634	0.01276	-0.041	0.364	0.006	0.997	0.990	-49.722	0.262	0.185
-7.0	-0.541	0.01194	-0.042	0.349	0.007	0.997	0.993	-45.352	0.260	0.173
-6.0	-0.440	0.01139	-0.043	0.315	0.009	0.997	0.995	-38.578	0.260	0.152
-5.0	-0.331	0.01093	-0.044	0.296	0.012	0.997	0.996	-30.276	0.259	0.117
-4.0	-0.218	0.01164	-0.045	0.261	0.017	0.997	0.998	-18.693	0.259	0.043
-3.0	-0.101	0.01136	-0.046	0.231	0.023	0.997	0.998	-8.909	0.259	-0.206
-2.0	0.017	0.01110	-0.047	0.206	0.037	0.997	0.998	1.490	0.259	3.103
-1.0	0.135	0.01099	-0.048	0.171	0.058	0.997	0.998	12.270	0.259	0.608
0.0	0.253	0.01106	-0.049	0.138	0.084	0.996	0.998	22.874	0.259	0.445
1.0	0.371	0.01118	-0.050	0.106	0.114	0.996	0.998	33.173	0.260	0.386
2.0	0.488	0.01153	-0.052	0.074	0.146	0.996	0.998	42.351	0.260	0.356
3.0	0.605	0.01200	-0.053	0.045	0.181	0.995	0.999	50.400	0.260	0.337
4.0	0.719	0.01252	-0.054	0.025	0.219	0.994	0.999	57.455	0.260	0.325
5.0	0.831	0.01323	-0.055	0.016	0.259	0.993	0.998	62.792	0.261	0.316
6.0	0.935	0.01395	-0.056	0.011	0.304	0.992	0.998	66.996	0.262	0.310
7.0	1.030	0.01493	-0.057	0.007	0.364	0.990	0.998	68.991	0.263	0.306
8.0	1.114	0.01417	-0.058	0.005	0.450	0.983	0.999	78.597	0.264	0.303
9.0	1.183	0.02041	-0.060	0.004	0.477	0.974	0.999	57.975	0.267	0.300
10.0	1.234	0.02245	-0.061	0.003	0.516	0.956	0.999	54.977	0.272	0.299
11.0	1.265	0.02475	-0.061	0.004	0.566	0.927	0.999	51.115	0.282	0.298
12.0	1.269	0.02854	-0.062	0.003	0.622	0.864	0.999	44.473	0.269	0.299
13.0	1.239	0.03563	-0.061	0.003	0.690	0.738	0.999	34.776	0.294	0.299
14.0	1.159	0.05680	-0.057	0.003	0.768	0.477	0.999	20.396	0.323	0.299
15.0	1.059	0.09778	-0.048	0.002	0.848	0.184	0.999	10.834	0.344	0.295
16.0	1.001	0.12428	-0.042	0.002	0.907	0.089	0.999	8.054	0.315	0.292
17.0	0.934	0.14347	-0.040	0.002	0.938	0.061	0.999	6.509	0.288	0.292
18.0	0.864	0.16761	-0.037	0.001	0.959	0.039	0.999	5.157	0.274	0.293
19.0	0.797	0.19217	-0.036	0.001	0.972	0.033	0.999	4.148	0.256	0.295
20.0	0.731	0.21505	-0.036	0.001	0.983	0.030	0.998	3.401	0.252	0.299

Name = NACA 2410
Mach = 0; Re = 2430000; T.U. = 1.0; T.L. = 1.0
Surface Finish = 2; Stall model = 0; Transition model = 1; Aspect Ratio = 0; ground effect = 0
?	Cl	Cd	Cm 0.25	T.U.	T.L.	S.U.	S.L.	L/D	A.C.	C.P.
[°]	[-]	[-]	[-]	[-]	[-]	[-]	[-]	[-]	[-]	[-]
-20.0	-0.530	0.21389	-0.015	0.759	0.001	0.995	0.025	-2.479	0.245	0.221
-19.0	-0.572	0.19489	-0.015	0.721	0.001	0.996	0.025	-2.933	0.240	0.223
-18.0	-0.613	0.17252	-0.016	0.684	0.001	0.996	0.027	-3.553	0.233	0.224
-17.0	-0.653	0.15572	-0.017	0.653	0.001	0.996	0.032	-4.193	0.225	0.224
-16.0	-0.689	0.13603	-0.018	0.612	0.002	0.996	0.039	-5.065	0.220	0.224
-15.0	-0.718	0.11828	-0.019	0.570	0.003	0.996	0.045	-6.069	0.198	0.224
-14.0	-0.739	0.10135	-0.020	0.531	0.004	0.996	0.062	-7.290	0.092	0.222
-13.0	-0.740	0.08673	-0.022	0.500	0.004	0.997	0.085	-8.538	0.621	0.220
-12.0	-0.727	0.07268	-0.025	0.450	0.005	0.997	0.126	-10.009	0.538	0.216
-11.0	-0.717	0.05250	-0.029	0.413	0.005	0.997	0.257	-13.654	-0.085	0.209
-10.0	-0.768	0.01861	-0.038	0.398	0.005	1.000	0.876	-41.248	7.311	0.200
-9.0	-0.715	0.01227	-0.040	0.364	0.005	0.997	0.982	-58.303	0.271	0.194
-8.0	-0.634	0.01244	-0.041	0.350	0.006	0.997	0.991	-50.986	0.262	0.185
-7.0	-0.542	0.01171	-0.042	0.317	0.007	0.997	0.993	-46.248	0.260	0.173
-6.0	-0.440	0.01113	-0.043	0.299	0.008	0.997	0.995	-39.488	0.260	0.152
-5.0	-0.331	0.01075	-0.044	0.264	0.011	0.997	0.996	-30.764	0.259	0.117
-4.0	-0.218	0.01138	-0.045	0.243	0.016	0.997	0.998	-19.107	0.259	0.043
-3.0	-0.101	0.01111	-0.046	0.212	0.022	0.997	0.998	-9.109	0.259	-0.206
-2.0	0.017	0.01092	-0.047	0.181	0.034	1.000	0.998	1.515	0.259	3.105
-1.0	0.135	0.01083	-0.048	0.155	0.053	0.997	0.998	12.449	0.259	0.608
0.0	0.253	0.01083	-0.049	0.127	0.076	0.997	0.998	23.356	0.259	0.445
1.0	0.371	0.01100	-0.050	0.095	0.104	0.996	0.998	33.727	0.260	0.386
2.0	0.488	0.01126	-0.052	0.064	0.135	0.996	0.998	43.367	0.260	0.356
3.0	0.605	0.01172	-0.053	0.038	0.169	0.995	0.999	51.604	0.260	0.337
4.0	0.719	0.01231	-0.054	0.022	0.199	0.994	0.999	58.411	0.260	0.325
5.0	0.831	0.01290	-0.055	0.014	0.232	0.994	0.998	64.383	0.261	0.316
6.0	0.935	0.01363	-0.056	0.010	0.270	0.992	0.998	68.598	0.262	0.310
7.0	1.030	0.01461	-0.057	0.006	0.313	0.990	0.999	70.517	0.263	0.306
8.0	1.114	0.01392	-0.059	0.005	0.379	0.984	0.999	80.052	0.264	0.303
9.0	1.184	0.01978	-0.060	0.004	0.451	0.977	0.999	59.845	0.267	0.300
10.0	1.235	0.02180	-0.061	0.003	0.476	0.960	0.999	56.661	0.272	0.299
11.0	1.267	0.02403	-0.061	0.004	0.514	0.934	0.999	52.728	0.284	0.298
12.0	1.273	0.02745	-0.062	0.003	0.561	0.879	0.999	46.383	0.251	0.299
13.0	1.248	0.03340	-0.061	0.003	0.613	0.773	0.999	37.371	0.285	0.299
14.0	1.179	0.04949	-0.059	0.003	0.673	0.556	0.999	23.825	0.309	0.300
15.0	1.081	0.08526	-0.052	0.002	0.749	0.270	0.999	12.682	0.333	0.298
16.0	1.008	0.11812	-0.044	0.002	0.827	0.116	0.999	8.531	0.333	0.294
17.0	0.933	0.14470	-0.039	0.002	0.894	0.058	0.999	6.451	0.300	0.292
18.0	0.865	0.16871	-0.037	0.001	0.935	0.041	0.999	5.126	0.267	0.293
19.0	0.798	0.18698	-0.037	0.001	0.959	0.037	0.999	4.267	0.256	0.296
20.0	0.732	0.21600	-0.036	0.001	0.975	0.031	0.999	3.387	0.260	0.300

Name = NACA 2410
Mach = 0; Re = 2830000; T.U. = 1.0; T.L. = 1.0
Surface Finish = 2; Stall model = 0; Transition model = 1; Aspect Ratio = 0; ground effect = 0
?	Cl	Cd	Cm 0.25	T.U.	T.L.	S.U.	S.L.	L/D	A.C.	C.P.
[°]	[-]	[-]	[-]	[-]	[-]	[-]	[-]	[-]	[-]	[-]
-20.0	-0.530	0.21743	-0.015	0.717	0.001	0.996	0.025	-2.439	0.243	0.221
-19.0	-0.572	0.19192	-0.015	0.679	0.001	0.996	0.025	-2.979	0.238	0.223
-18.0	-0.613	0.17438	-0.016	0.647	0.001	0.996	0.029	-3.517	0.231	0.224
-17.0	-0.653	0.15426	-0.017	0.610	0.001	0.996	0.033	-4.234	0.226	0.224
-16.0	-0.689	0.13435	-0.018	0.569	0.002	0.996	0.040	-5.130	0.221	0.224
-15.0	-0.718	0.11734	-0.019	0.532	0.002	0.996	0.046	-6.120	0.193	0.224
-14.0	-0.740	0.09917	-0.021	0.502	0.004	0.997	0.067	-7.460	0.086	0.222
-13.0	-0.742	0.08466	-0.023	0.453	0.004	0.997	0.096	-8.769	0.744	0.219
-12.0	-0.731	0.07026	-0.025	0.416	0.004	0.997	0.144	-10.400	0.680	0.215
-11.0	-0.725	0.04782	-0.030	0.400	0.005	0.997	0.307	-15.167	-0.049	0.208
-10.0	-0.775	0.01764	-0.039	0.368	0.005	0.997	0.921	-43.908	1.262	0.200
-9.0	-0.716	0.01199	-0.040	0.351	0.005	0.997	0.984	-59.703	0.267	0.194
-8.0	-0.634	0.01221	-0.041	0.324	0.006	1.000	0.991	-51.972	0.261	0.185
-7.0	-0.542	0.01146	-0.042	0.302	0.006	0.997	0.994	-47.250	0.260	0.173
-6.0	-0.440	0.01099	-0.043	0.271	0.008	0.997	0.995	-40.012	0.260	0.152
-5.0	-0.331	0.01054	-0.044	0.251	0.010	0.997	0.997	-31.388	0.259	0.117
-4.0	-0.218	0.01119	-0.045	0.218	0.015	1.000	0.998	-19.435	0.259	0.043
-3.0	-0.101	0.01090	-0.046	0.197	0.020	1.000	0.998	-9.279	0.259	-0.206
-2.0	0.017	0.01155	-0.047	0.168	0.032	1.000	0.998	1.432	0.259	3.105
-1.0	0.135	0.01066	-0.048	0.137	0.049	1.000	0.998	12.640	0.259	0.608
0.0	0.253	0.01070	-0.049	0.110	0.070	0.997	0.998	23.646	0.259	0.445
1.0	0.371	0.01084	-0.050	0.083	0.097	0.997	0.998	34.206	0.260	0.386
2.0	0.488	0.01111	-0.052	0.055	0.123	0.997	0.998	43.975	0.260	0.356
3.0	0.605	0.01152	-0.053	0.034	0.150	0.995	0.999	52.515	0.260	0.337
4.0	0.719	0.01207	-0.054	0.020	0.181	0.995	0.999	59.612	0.260	0.325
5.0	0.831	0.01270	-0.055	0.013	0.216	0.994	0.998	65.419	0.261	0.316
6.0	0.935	0.01344	-0.056	0.009	0.254	0.992	0.998	69.569	0.262	0.310
7.0	1.030	0.01438	-0.057	0.006	0.288	0.990	0.999	71.649	0.263	0.306
8.0	1.115	0.01367	-0.059	0.004	0.328	0.986	0.999	81.529	0.265	0.303
9.0	1.184	0.01937	-0.060	0.004	0.400	0.978	0.999	61.129	0.267	0.300
10.0	1.236	0.02126	-0.061	0.003	0.453	0.964	0.999	58.134	0.272	0.299
11.0	1.268	0.02344	-0.061	0.003	0.478	0.939	0.999	54.111	0.285	0.298
12.0	1.276	0.02669	-0.062	0.003	0.516	0.889	0.999	47.797	0.233	0.299
13.0	1.254	0.03205	-0.062	0.003	0.561	0.794	0.999	39.105	0.280	0.299
14.0	1.190	0.04571	-0.059	0.002	0.612	0.600	0.999	26.043	0.299	0.300
15.0	1.101	0.07480	-0.054	0.002	0.668	0.349	0.999	14.722	0.324	0.299
16.0	1.015	0.11225	-0.046	0.002	0.735	0.147	0.999	9.045	0.336	0.296
17.0	0.935	0.14278	-0.040	0.001	0.811	0.063	0.999	6.545	0.305	0.293
18.0	0.866	0.16450	-0.038	0.001	0.885	0.047	0.999	5.265	0.271	0.294
19.0	0.798	0.18930	-0.037	0.001	0.935	0.037	0.999	4.215	0.262	0.296
20.0	0.732	0.21315	-0.037	0.001	0.960	0.033	0.999	3.434	0.256	0.300

Name = NACA 2410
Mach = 0; Re = 3230000; T.U. = 1.0; T.L. = 1.0
Surface Finish = 2; Stall model = 0; Transition model = 1; Aspect Ratio = 0; ground effect = 0
?	Cl	Cd	Cm 0.25	T.U.	T.L.	S.U.	S.L.	L/D	A.C.	C.P.
[°]	[-]	[-]	[-]	[-]	[-]	[-]	[-]	[-]	[-]	[-]
-20.0	-0.530	0.21355	-0.015	0.679	0.001	0.996	0.026	-2.484	0.243	0.221
-19.0	-0.572	0.19154	-0.016	0.648	0.001	0.996	0.026	-2.985	0.237	0.223
-18.0	-0.613	0.17248	-0.016	0.611	0.001	0.996	0.030	-3.557	0.231	0.223
-17.0	-0.653	0.15248	-0.017	0.571	0.001	0.996	0.034	-4.285	0.227	0.224
-16.0	-0.689	0.13288	-0.018	0.538	0.002	0.996	0.041	-5.187	0.222	0.224
-15.0	-0.718	0.11818	-0.019	0.505	0.002	0.997	0.046	-6.076	0.194	0.224
-14.0	-0.740	0.09893	-0.021	0.459	0.003	0.997	0.067	-7.479	0.080	0.222
-13.0	-0.744	0.08322	-0.023	0.421	0.004	0.997	0.104	-8.939	1.156	0.219
-12.0	-0.734	0.06751	-0.026	0.402	0.004	0.997	0.164	-10.875	1.622	0.215
-11.0	-0.738	0.04167	-0.032	0.374	0.005	0.997	0.382	-17.707	-0.043	0.207
-10.0	-0.777	0.01711	-0.039	0.355	0.004	1.000	0.938	-45.429	0.632	0.200
-9.0	-0.716	0.01174	-0.040	0.337	0.005	0.997	0.986	-60.994	0.266	0.194
-8.0	-0.634	0.01249	-0.041	0.306	0.006	1.000	0.991	-50.815	0.261	0.185
-7.0	-0.542	0.01129	-0.042	0.285	0.006	0.997	0.994	-47.985	0.260	0.173
-6.0	-0.440	0.01079	-0.043	0.257	0.007	1.000	0.996	-40.753	0.260	0.152
-5.0	-0.331	0.01038	-0.044	0.230	0.010	1.000	0.997	-31.876	0.259	0.117
-4.0	-0.218	0.01098	-0.045	0.208	0.015	1.000	0.998	-19.818	0.259	0.043
-3.0	-0.101	0.01158	-0.046	0.178	0.019	1.000	0.998	-8.739	0.259	-0.206
-2.0	0.017	0.01143	-0.047	0.156	0.030	1.000	0.998	1.447	0.259	3.105
-1.0	0.135	0.01147	-0.048	0.129	0.045	1.000	0.998	11.754	0.259	0.608
0.0	0.253	0.01055	-0.049	0.101	0.065	0.997	0.998	23.975	0.259	0.445
1.0	0.371	0.01071	-0.050	0.074	0.087	0.997	0.998	34.629	0.260	0.386
2.0	0.488	0.01096	-0.052	0.050	0.112	0.997	0.999	44.579	0.260	0.356
3.0	0.605	0.01134	-0.053	0.031	0.141	0.996	0.999	53.332	0.260	0.337
4.0	0.719	0.01189	-0.054	0.018	0.172	0.995	0.999	60.513	0.260	0.325
5.0	0.831	0.01243	-0.055	0.013	0.203	0.994	0.998	66.848	0.261	0.316
6.0	0.935	0.01315	-0.056	0.009	0.231	0.993	0.999	71.093	0.262	0.310
7.0	1.031	0.01414	-0.057	0.005	0.265	0.991	0.999	72.899	0.263	0.306
8.0	1.115	0.01347	-0.059	0.004	0.306	0.987	0.999	82.736	0.265	0.303
9.0	1.184	0.01903	-0.060	0.003	0.352	0.980	0.999	62.252	0.267	0.300
10.0	1.237	0.02086	-0.061	0.003	0.414	0.966	0.999	59.305	0.273	0.299
11.0	1.269	0.02292	-0.062	0.003	0.457	0.943	0.999	55.380	0.285	0.298
12.0	1.278	0.02598	-0.062	0.003	0.486	0.898	0.999	49.185	0.206	0.299
13.0	1.258	0.03085	-0.062	0.003	0.520	0.812	0.999	40.794	0.274	0.299
14.0	1.201	0.04237	-0.060	0.002	0.565	0.641	0.999	28.348	0.294	0.300
15.0	1.112	0.06941	-0.056	0.002	0.614	0.391	0.999	16.017	0.319	0.300
16.0	1.021	0.10781	-0.048	0.002	0.668	0.171	0.999	9.471	0.338	0.297
17.0	0.934	0.14298	-0.040	0.001	0.732	0.063	0.999	6.535	0.313	0.293
18.0	0.866	0.16432	-0.038	0.001	0.806	0.046	0.999	5.269	0.269	0.294
19.0	0.798	0.18666	-0.037	0.001	0.882	0.038	0.999	4.276	0.259	0.297
20.0	0.732	0.20990	-0.037	0.000	0.936	0.034	0.999	3.488	0.256	0.300

Name = NACA 2410
Mach = 0; Re = 3630000; T.U. = 1.0; T.L. = 1.0
Surface Finish = 2; Stall model = 0; Transition model = 1; Aspect Ratio = 0; ground effect = 0
?	Cl	Cd	Cm 0.25	T.U.	T.L.	S.U.	S.L.	L/D	A.C.	C.P.
[°]	[-]	[-]	[-]	[-]	[-]	[-]	[-]	[-]	[-]	[-]
-20.0	-0.530	0.21336	-0.015	0.657	0.001	0.996	0.026	-2.486	0.242	0.221
-19.0	-0.572	0.18983	-0.016	0.615	0.001	0.996	0.026	-3.012	0.236	0.223
-18.0	-0.614	0.16928	-0.016	0.577	0.001	0.996	0.031	-3.625	0.233	0.223
-17.0	-0.653	0.15271	-0.017	0.551	0.001	0.996	0.033	-4.277	0.227	0.224
-16.0	-0.689	0.13263	-0.018	0.510	0.001	0.997	0.042	-5.198	0.221	0.224
-15.0	-0.718	0.11652	-0.019	0.469	0.002	0.997	0.046	-6.163	0.197	0.224
-14.0	-0.740	0.09993	-0.021	0.431	0.003	0.997	0.066	-7.402	0.075	0.222
-13.0	-0.746	0.08118	-0.024	0.407	0.004	0.997	0.115	-9.188	3.731	0.218
-12.0	-0.738	0.06479	-0.027	0.387	0.004	0.997	0.185	-11.390	-0.835	0.214
-11.0	-0.755	0.03466	-0.033	0.359	0.005	1.000	0.481	-21.770	-0.041	0.206
-10.0	-0.780	0.01665	-0.039	0.348	0.004	1.000	0.952	-46.803	0.430	0.200
-9.0	-0.716	0.01157	-0.040	0.313	0.005	0.997	0.988	-61.915	0.265	0.194
-8.0	-0.635	0.01229	-0.041	0.298	0.005	1.000	0.992	-51.621	0.261	0.185
-7.0	-0.542	0.01110	-0.042	0.264	0.006	1.000	0.994	-48.784	0.260	0.172
-6.0	-0.440	0.01062	-0.043	0.250	0.007	1.000	0.996	-41.400	0.260	0.152
-5.0	-0.331	0.01033	-0.044	0.216	0.009	1.000	0.997	-32.047	0.259	0.117
-4.0	-0.218	0.01160	-0.045	0.196	0.014	1.000	0.998	-18.747	0.259	0.043
-3.0	-0.101	0.01137	-0.046	0.169	0.018	1.000	0.998	-8.895	0.259	-0.206
-2.0	0.017	0.01131	-0.047	0.141	0.028	1.000	0.998	1.461	0.259	3.105
-1.0	0.135	0.01130	-0.048	0.120	0.041	1.000	0.998	11.933	0.259	0.608
0.0	0.253	0.01040	-0.049	0.095	0.059	0.997	0.998	24.316	0.259	0.445
1.0	0.371	0.01057	-0.051	0.068	0.081	0.997	0.998	35.104	0.260	0.386
2.0	0.488	0.01085	-0.052	0.045	0.106	0.997	0.999	45.042	0.260	0.356
3.0	0.605	0.01122	-0.053	0.029	0.135	0.996	0.999	53.907	0.260	0.337
4.0	0.719	0.01170	-0.054	0.017	0.162	0.995	0.999	61.504	0.260	0.325
5.0	0.831	0.01232	-0.055	0.012	0.186	0.994	0.998	67.401	0.261	0.316
6.0	0.935	0.01294	-0.056	0.008	0.218	0.994	0.999	72.240	0.262	0.310
7.0	1.031	0.01386	-0.057	0.005	0.255	0.991	0.999	74.360	0.263	0.306
8.0	1.115	0.01323	-0.059	0.004	0.285	0.989	0.999	84.311	0.265	0.303
9.0	1.185	0.01430	-0.060	0.003	0.320	0.981	0.999	82.829	0.267	0.300
10.0	1.237	0.02047	-0.061	0.003	0.375	0.968	0.999	60.436	0.273	0.299
11.0	1.270	0.02248	-0.062	0.003	0.435	0.947	0.999	56.522	0.286	0.298
12.0	1.280	0.02536	-0.062	0.003	0.462	0.906	0.999	50.483	0.174	0.299
13.0	1.262	0.02988	-0.062	0.003	0.500	0.826	0.999	42.233	0.270	0.299
14.0	1.209	0.04008	-0.061	0.002	0.530	0.670	0.999	30.151	0.290	0.300
15.0	1.123	0.06402	-0.057	0.002	0.572	0.434	0.999	17.539	0.332	0.301
16.0	1.008	0.11758	-0.044	0.002	0.620	0.116	0.999	8.570	0.337	0.294
17.0	0.935	0.14180	-0.040	0.001	0.673	0.067	0.999	6.597	0.291	0.293
18.0	0.866	0.16375	-0.039	0.001	0.736	0.049	0.999	5.291	0.271	0.294
19.0	0.798	0.18628	-0.037	0.001	0.807	0.039	0.999	4.285	0.259	0.297
20.0	0.732	0.20858	-0.037	0.000	0.884	0.035	0.999	3.511	0.254	0.301

Name = NACA 2410
Mach = 0; Re = 4030000; T.U. = 1.0; T.L. = 1.0
Surface Finish = 2; Stall model = 0; Transition model = 1; Aspect Ratio = 0; ground effect = 0
?	Cl	Cd	Cm 0.25	T.U.	T.L.	S.U.	S.L.	L/D	A.C.	C.P.
[°]	[-]	[-]	[-]	[-]	[-]	[-]	[-]	[-]	[-]	[-]
-20.0	-0.530	0.20586	-0.015	0.620	0.001	0.996	0.026	-2.577	0.242	0.221
-19.0	-0.572	0.19084	-0.016	0.586	0.001	0.996	0.027	-2.996	0.238	0.223
-18.0	-0.613	0.17119	-0.016	0.558	0.001	0.996	0.030	-3.584	0.233	0.223
-17.0	-0.653	0.15109	-0.017	0.517	0.001	0.996	0.034	-4.324	0.225	0.224
-16.0	-0.690	0.13140	-0.018	0.485	0.001	0.997	0.042	-5.248	0.221	0.224
-15.0	-0.718	0.11709	-0.019	0.450	0.001	0.997	0.046	-6.133	0.199	0.224
-14.0	-0.740	0.09977	-0.021	0.412	0.002	0.997	0.066	-7.413	0.074	0.222
-13.0	-0.748	0.07956	-0.024	0.399	0.004	0.997	0.125	-9.398	-3.151	0.218
-12.0	-0.741	0.06233	-0.027	0.366	0.004	0.997	0.205	-11.896	-0.224	0.213
-11.0	-0.769	0.02954	-0.034	0.351	0.005	1.000	0.566	-26.029	-0.046	0.206
-10.0	-0.781	0.01673	-0.039	0.325	0.004	1.000	0.960	-46.655	0.361	0.200
-9.0	-0.716	0.01138	-0.040	0.303	0.005	1.000	0.989	-62.949	0.265	0.194
-8.0	-0.635	0.01211	-0.041	0.278	0.005	1.000	0.992	-52.420	0.261	0.185
-7.0	-0.542	0.01153	-0.042	0.255	0.006	1.000	0.994	-46.993	0.260	0.172
-6.0	-0.440	0.01112	-0.043	0.229	0.007	1.000	0.996	-39.525	0.260	0.152
-5.0	-0.331	0.01079	-0.044	0.209	0.009	1.000	0.997	-30.673	0.259	0.117
-4.0	-0.218	0.01147	-0.045	0.179	0.013	1.000	0.998	-18.967	0.259	0.043
-3.0	-0.101	0.01127	-0.046	0.164	0.017	1.000	0.998	-8.977	0.259	-0.206
-2.0	0.017	0.01113	-0.047	0.133	0.026	1.000	0.998	1.485	0.259	3.105
-1.0	0.135	0.01124	-0.048	0.107	0.039	1.000	0.998	11.995	0.259	0.608
0.0	0.253	0.01028	-0.049	0.087	0.055	1.000	0.998	24.621	0.259	0.445
1.0	0.371	0.01046	-0.051	0.065	0.077	0.997	0.998	35.462	0.259	0.386
2.0	0.489	0.01069	-0.052	0.043	0.102	0.997	0.999	45.693	0.260	0.356
3.0	0.605	0.01107	-0.053	0.027	0.128	0.997	0.999	54.644	0.260	0.337
4.0	0.719	0.01157	-0.054	0.016	0.149	0.996	0.999	62.205	0.260	0.325
5.0	0.831	0.01204	-0.055	0.012	0.177	0.995	0.998	68.992	0.261	0.316
6.0	0.935	0.01278	-0.056	0.007	0.211	0.994	0.999	73.150	0.262	0.310
7.0	1.031	0.01362	-0.057	0.005	0.236	0.992	0.999	75.698	0.263	0.306
8.0	1.115	0.01309	-0.059	0.004	0.267	0.989	0.999	85.226	0.265	0.303
9.0	1.185	0.01406	-0.060	0.003	0.305	0.982	0.999	84.271	0.267	0.300
10.0	1.238	0.02018	-0.061	0.003	0.348	0.970	0.999	61.352	0.273	0.299
11.0	1.271	0.02212	-0.062	0.003	0.402	0.950	0.999	57.470	0.286	0.298
12.0	1.281	0.02491	-0.062	0.003	0.451	0.911	0.999	51.431	0.140	0.299
13.0	1.264	0.02924	-0.062	0.002	0.470	0.835	0.999	43.238	0.266	0.299
14.0	1.215	0.03812	-0.061	0.002	0.506	0.696	0.999	31.875	0.286	0.300
15.0	1.131	0.06017	-0.058	0.002	0.547	0.466	0.999	18.795	0.330	0.301
16.0	1.009	0.11687	-0.045	0.001	0.584	0.120	0.999	8.630	0.337	0.294
17.0	0.936	0.14097	-0.040	0.001	0.630	0.068	0.999	6.637	0.291	0.293
18.0	0.867	0.16231	-0.039	0.001	0.684	0.050	0.999	5.340	0.271	0.295
19.0	0.798	0.18406	-0.038	0.000	0.747	0.040	0.999	4.338	0.260	0.297
20.0	0.732	0.20586	-0.037	0.000	0.814	0.036	0.999	3.558	0.253	0.301

Name = NACA 2410
Mach = 0; Re = 4430000; T.U. = 1.0; T.L. = 1.0
Surface Finish = 2; Stall model = 0; Transition model = 1; Aspect Ratio = 0; ground effect = 0
?	Cl	Cd	Cm 0.25	T.U.	T.L.	S.U.	S.L.	L/D	A.C.	C.P.
[°]	[-]	[-]	[-]	[-]	[-]	[-]	[-]	[-]	[-]	[-]
-20.0	-0.530	0.20831	-0.015	0.604	0.000	0.996	0.027	-2.547	0.242	0.221
-19.0	-0.572	0.18551	-0.016	0.564	0.001	0.996	0.027	-3.083	0.237	0.223
-18.0	-0.614	0.16989	-0.016	0.528	0.001	0.996	0.031	-3.612	0.232	0.223
-17.0	-0.653	0.15029	-0.017	0.504	0.001	0.997	0.034	-4.347	0.226	0.224
-16.0	-0.690	0.13087	-0.018	0.459	0.001	0.997	0.043	-5.270	0.223	0.224
-15.0	-0.718	0.11716	-0.019	0.423	0.001	0.997	0.045	-6.128	0.200	0.224
-14.0	-0.739	0.10024	-0.021	0.404	0.002	0.997	0.065	-7.376	0.070	0.222
-13.0	-0.749	0.07811	-0.024	0.379	0.004	0.997	0.133	-9.591	-1.451	0.217
-12.0	-0.743	0.06093	-0.028	0.356	0.004	1.000	0.216	-12.202	-0.133	0.213
-11.0	-0.776	0.02725	-0.035	0.346	0.004	1.000	0.608	-28.473	-0.050	0.205
-10.0	-0.781	0.01652	-0.039	0.311	0.004	1.000	0.963	-47.296	0.340	0.200
-9.0	-0.716	0.01232	-0.040	0.298	0.004	1.000	0.989	-58.121	0.264	0.194
-8.0	-0.635	0.01195	-0.041	0.263	0.005	1.000	0.992	-53.083	0.261	0.185
-7.0	-0.542	0.01137	-0.042	0.250	0.006	1.000	0.995	-47.638	0.260	0.172
-6.0	-0.440	0.01096	-0.043	0.217	0.007	1.000	0.996	-40.126	0.260	0.152
-5.0	-0.331	0.01065	-0.044	0.204	0.008	1.000	0.997	-31.067	0.259	0.117
-4.0	-0.218	0.01132	-0.045	0.172	0.013	1.000	0.998	-19.210	0.259	0.043
-3.0	-0.101	0.01113	-0.046	0.149	0.017	1.000	0.998	-9.091	0.259	-0.206
-2.0	0.017	0.01108	-0.047	0.129	0.025	1.000	0.998	1.493	0.259	3.105
-1.0	0.135	0.01107	-0.048	0.101	0.037	1.000	0.998	12.174	0.259	0.608
0.0	0.253	0.01020	-0.049	0.079	0.053	1.000	0.998	24.806	0.259	0.445
1.0	0.371	0.01034	-0.051	0.059	0.074	0.997	0.999	35.891	0.260	0.386
2.0	0.489	0.01058	-0.052	0.040	0.099	1.000	0.999	46.201	0.260	0.356
3.0	0.605	0.01096	-0.053	0.025	0.118	0.996	0.999	55.194	0.260	0.337
4.0	0.720	0.01140	-0.054	0.015	0.142	0.996	0.999	63.139	0.260	0.325
5.0	0.831	0.01194	-0.055	0.012	0.172	0.995	0.998	69.617	0.261	0.316
6.0	0.935	0.01267	-0.056	0.007	0.198	0.994	0.999	73.786	0.262	0.310
7.0	1.031	0.01351	-0.057	0.005	0.223	0.992	0.999	76.317	0.263	0.306
8.0	1.116	0.01442	-0.059	0.004	0.258	0.990	0.999	77.365	0.265	0.303
9.0	1.185	0.01388	-0.060	0.003	0.292	0.983	0.999	85.373	0.268	0.300
10.0	1.238	0.01987	-0.061	0.003	0.321	0.973	0.999	62.332	0.273	0.299
11.0	1.272	0.02180	-0.062	0.003	0.369	0.953	0.999	58.356	0.287	0.298
12.0	1.282	0.02445	-0.062	0.003	0.420	0.915	0.999	52.441	0.075	0.299
13.0	1.267	0.02853	-0.063	0.002	0.457	0.846	0.999	44.415	0.264	0.299
14.0	1.218	0.03713	-0.061	0.002	0.482	0.708	0.999	32.815	0.283	0.300
15.0	1.139	0.05650	-0.058	0.002	0.516	0.499	0.999	20.166	0.330	0.301
16.0	1.009	0.11622	-0.045	0.001	0.558	0.121	0.999	8.682	0.339	0.294
17.0	0.935	0.14105	-0.040	0.001	0.604	0.065	0.999	6.628	0.290	0.293
18.0	0.867	0.16192	-0.039	0.001	0.647	0.052	0.999	5.355	0.267	0.295
19.0	0.799	0.18246	-0.038	0.000	0.701	0.041	0.999	4.377	0.260	0.297
20.0	0.733	0.20376	-0.038	0.000	0.757	0.037	0.999	3.595	0.253	0.301

Name = NACA 2410
Mach = 0; Re = 4830000; T.U. = 1.0; T.L. = 1.0
Surface Finish = 2; Stall model = 0; Transition model = 1; Aspect Ratio = 0; ground effect = 0
?	Cl	Cd	Cm 0.25	T.U.	T.L.	S.U.	S.L.	L/D	A.C.	C.P.
[°]	[-]	[-]	[-]	[-]	[-]	[-]	[-]	[-]	[-]	[-]
-20.0	-0.531	0.20323	-0.015	0.572	0.000	0.996	0.027	-2.610	0.240	0.221
-19.0	-0.572	0.18839	-0.016	0.549	0.001	0.996	0.028	-3.037	0.237	0.222
-18.0	-0.614	0.16978	-0.016	0.510	0.001	0.996	0.032	-3.615	0.233	0.223
-17.0	-0.654	0.14976	-0.017	0.473	0.001	0.997	0.036	-4.364	0.228	0.224
-16.0	-0.689	0.13210	-0.018	0.444	0.001	0.997	0.042	-5.219	0.224	0.224
-15.0	-0.718	0.11707	-0.019	0.410	0.001	0.997	0.046	-6.134	0.199	0.224
-14.0	-0.739	0.09974	-0.021	0.398	0.002	0.997	0.065	-7.413	0.070	0.222
-13.0	-0.750	0.07718	-0.025	0.363	0.004	1.000	0.138	-9.718	-0.702	0.217
-12.0	-0.747	0.05851	-0.028	0.350	0.004	1.000	0.237	-12.769	-0.040	0.212
-11.0	-0.787	0.02412	-0.035	0.324	0.004	1.000	0.676	-32.646	-0.061	0.205
-10.0	-0.782	0.01622	-0.039	0.303	0.004	1.000	0.968	-48.211	0.315	0.200
-9.0	-0.716	0.01259	-0.040	0.280	0.004	1.000	0.990	-56.888	0.264	0.194
-8.0	-0.635	0.01185	-0.041	0.256	0.005	1.000	0.992	-53.554	0.261	0.185
-7.0	-0.542	0.01121	-0.042	0.233	0.006	1.000	0.995	-48.316	0.260	0.172
-6.0	-0.440	0.01090	-0.043	0.210	0.006	1.000	0.996	-40.341	0.260	0.152
-5.0	-0.331	0.01060	-0.044	0.185	0.008	1.000	0.997	-31.223	0.259	0.117
-4.0	-0.218	0.01119	-0.045	0.167	0.013	1.000	0.998	-19.434	0.259	0.043
-3.0	-0.101	0.01104	-0.046	0.139	0.016	1.000	0.998	-9.163	0.259	-0.206
-2.0	0.017	0.01091	-0.047	0.126	0.024	1.000	0.998	1.516	0.259	3.105
-1.0	0.135	0.01098	-0.048	0.097	0.034	1.000	0.998	12.282	0.259	0.608
0.0	0.253	0.01106	-0.049	0.074	0.051	1.000	0.998	22.889	0.259	0.445
1.0	0.371	0.01025	-0.051	0.054	0.071	1.000	0.999	36.214	0.260	0.386
2.0	0.489	0.01164	-0.052	0.037	0.092	1.000	0.999	41.986	0.260	0.356
3.0	0.605	0.01083	-0.053	0.024	0.111	0.997	0.999	55.876	0.260	0.337
4.0	0.720	0.01129	-0.054	0.015	0.138	0.996	0.999	63.707	0.260	0.325
5.0	0.831	0.01180	-0.055	0.011	0.169	0.995	0.999	70.407	0.261	0.316
6.0	0.935	0.01247	-0.056	0.006	0.185	0.994	0.999	74.987	0.262	0.310
7.0	1.031	0.01334	-0.057	0.004	0.216	0.992	0.999	77.258	0.263	0.306
8.0	1.116	0.01429	-0.059	0.003	0.252	0.990	0.999	78.044	0.265	0.303
9.0	1.186	0.01369	-0.060	0.003	0.272	0.984	0.999	86.603	0.268	0.300
10.0	1.239	0.01960	-0.061	0.003	0.308	0.974	0.999	63.218	0.273	0.299
11.0	1.273	0.02146	-0.062	0.003	0.350	0.957	0.999	59.296	0.287	0.298
12.0	1.284	0.02407	-0.062	0.003	0.401	0.920	0.999	53.324	-0.021	0.299
13.0	1.269	0.02790	-0.063	0.002	0.449	0.854	0.999	45.500	0.261	0.299
14.0	1.223	0.03579	-0.062	0.002	0.464	0.726	0.999	34.176	0.295	0.300
15.0	1.112	0.06823	-0.056	0.002	0.502	0.390	0.999	16.293	0.329	0.300
16.0	1.010	0.11562	-0.045	0.001	0.530	0.124	0.999	8.732	0.334	0.294
17.0	0.936	0.14013	-0.041	0.001	0.569	0.070	0.999	6.680	0.291	0.294
18.0	0.867	0.16123	-0.039	0.000	0.613	0.053	0.999	5.379	0.271	0.295
19.0	0.799	0.18138	-0.038	0.000	0.661	0.041	0.999	4.403	0.261	0.297
20.0	0.733	0.20363	-0.038	0.000	0.712	0.037	0.999	3.598	0.253	0.301

Name = NACA 2410
Mach = 0; Re = 5230000; T.U. = 1.0; T.L. = 1.0
Surface Finish = 2; Stall model = 0; Transition model = 1; Aspect Ratio = 0; ground effect = 0
?	Cl	Cd	Cm 0.25	T.U.	T.L.	S.U.	S.L.	L/D	A.C.	C.P.
[°]	[-]	[-]	[-]	[-]	[-]	[-]	[-]	[-]	[-]	[-]
-20.0	-0.531	0.20773	-0.015	0.559	0.000	0.996	0.028	-2.555	0.241	0.221
-19.0	-0.572	0.18908	-0.016	0.521	0.000	0.996	0.029	-3.026	0.237	0.222
-18.0	-0.614	0.16699	-0.017	0.501	0.001	0.997	0.032	-3.676	0.232	0.223
-17.0	-0.654	0.14977	-0.017	0.457	0.001	0.997	0.037	-4.365	0.228	0.224
-16.0	-0.690	0.13027	-0.018	0.421	0.001	0.997	0.042	-5.294	0.226	0.224
-15.0	-0.718	0.11584	-0.019	0.403	0.001	0.997	0.046	-6.199	0.200	0.224
-14.0	-0.739	0.10007	-0.021	0.379	0.001	0.997	0.065	-7.388	0.072	0.222
-13.0	-0.748	0.07923	-0.024	0.356	0.003	1.000	0.125	-9.435	-0.456	0.218
-12.0	-0.750	0.05638	-0.029	0.346	0.004	1.000	0.256	-13.310	0.009	0.212
-11.0	-0.797	0.02187	-0.036	0.312	0.004	1.000	0.732	-36.429	-0.075	0.205
-10.0	-0.783	0.01598	-0.039	0.298	0.004	1.000	0.972	-48.965	0.300	0.200
-9.0	-0.716	0.01245	-0.040	0.266	0.004	1.000	0.990	-57.559	0.264	0.194
-8.0	-0.635	0.01169	-0.041	0.251	0.005	1.000	0.992	-54.265	0.261	0.185
-7.0	-0.542	0.01117	-0.042	0.220	0.006	1.000	0.995	-48.481	0.260	0.172
-6.0	-0.440	0.01072	-0.043	0.206	0.006	1.000	0.997	-41.009	0.260	0.152
-5.0	-0.331	0.01144	-0.044	0.176	0.007	1.000	0.998	-28.940	0.259	0.117
-4.0	-0.218	0.01112	-0.045	0.164	0.013	1.000	0.998	-19.563	0.259	0.043
-3.0	-0.101	0.01096	-0.046	0.134	0.016	1.000	0.998	-9.230	0.259	-0.206
-2.0	0.017	0.01085	-0.047	0.113	0.023	1.000	0.998	1.524	0.259	3.105
-1.0	0.135	0.01088	-0.048	0.095	0.033	1.000	0.998	12.387	0.259	0.608
0.0	0.253	0.01097	-0.049	0.070	0.049	1.000	0.998	23.077	0.259	0.445
1.0	0.371	0.01017	-0.051	0.050	0.070	1.000	0.999	36.507	0.259	0.386
2.0	0.489	0.01038	-0.052	0.034	0.085	0.997	0.999	47.070	0.260	0.356
3.0	0.605	0.01072	-0.053	0.023	0.107	0.997	0.999	56.417	0.260	0.337
4.0	0.720	0.01114	-0.054	0.014	0.135	0.997	0.999	64.613	0.260	0.325
5.0	0.831	0.01167	-0.055	0.011	0.155	0.996	0.999	71.229	0.261	0.316
6.0	0.935	0.01239	-0.056	0.006	0.178	0.994	0.999	75.459	0.262	0.310
7.0	1.031	0.01312	-0.057	0.004	0.212	0.993	0.999	78.593	0.263	0.306
8.0	1.116	0.01408	-0.059	0.003	0.233	0.991	0.999	79.240	0.265	0.303
9.0	1.186	0.01355	-0.060	0.003	0.263	0.985	0.999	87.494	0.268	0.300
10.0	1.239	0.01935	-0.061	0.003	0.301	0.976	0.999	64.058	0.273	0.299
11.0	1.273	0.02121	-0.062	0.003	0.327	0.958	0.999	60.036	0.287	0.298
12.0	1.285	0.02371	-0.062	0.003	0.372	0.924	0.999	54.180	-0.342	0.299
13.0	1.271	0.02738	-0.063	0.002	0.418	0.862	0.999	46.432	0.258	0.299
14.0	1.227	0.03467	-0.062	0.002	0.455	0.741	0.999	35.395	0.299	0.301
15.0	1.103	0.07190	-0.055	0.001	0.477	0.358	0.999	15.348	0.329	0.299
16.0	1.009	0.11572	-0.045	0.001	0.511	0.122	0.999	8.720	0.333	0.294
17.0	0.936	0.14027	-0.041	0.001	0.554	0.069	0.999	6.672	0.288	0.293
18.0	0.868	0.16003	-0.039	0.000	0.587	0.055	0.999	5.423	0.267	0.295
19.0	0.799	0.17996	-0.038	0.000	0.627	0.043	0.999	4.441	0.262	0.298
20.0	0.733	0.20352	-0.038	0.000	0.675	0.038	0.999	3.601	0.256	0.302

Name = NACA 2410
Mach = 0; Re = 5630000; T.U. = 1.0; T.L. = 1.0
Surface Finish = 2; Stall model = 0; Transition model = 1; Aspect Ratio = 0; ground effect = 0
?	Cl	Cd	Cm 0.25	T.U.	T.L.	S.U.	S.L.	L/D	A.C.	C.P.
[°]	[-]	[-]	[-]	[-]	[-]	[-]	[-]	[-]	[-]	[-]
-20.0	-0.531	0.20491	-0.016	0.541	0.000	0.996	0.029	-2.590	0.241	0.221
-19.0	-0.572	0.18647	-0.016	0.509	0.000	0.996	0.029	-3.069	0.237	0.222
-18.0	-0.614	0.16747	-0.017	0.472	0.001	0.997	0.033	-3.666	0.233	0.223
-17.0	-0.654	0.14830	-0.017	0.446	0.001	0.997	0.037	-4.408	0.229	0.224
-16.0	-0.690	0.13100	-0.018	0.411	0.001	0.997	0.043	-5.265	0.224	0.224
-15.0	-0.718	0.11618	-0.019	0.398	0.001	0.997	0.047	-6.183	0.204	0.224
-14.0	-0.739	0.10025	-0.020	0.365	0.001	0.997	0.062	-7.370	0.078	0.222
-13.0	-0.746	0.08094	-0.024	0.351	0.003	1.000	0.115	-9.217	-0.300	0.218
-12.0	-0.754	0.05406	-0.029	0.328	0.004	1.000	0.277	-13.952	0.034	0.212
-11.0	-0.805	0.02062	-0.036	0.305	0.004	1.000	0.779	-39.029	-0.096	0.205
-10.0	-0.783	0.01575	-0.039	0.289	0.004	1.000	0.975	-49.734	0.291	0.200
-9.0	-0.716	0.01235	-0.040	0.259	0.004	1.000	0.990	-58.014	0.263	0.194
-8.0	-0.635	0.01159	-0.041	0.248	0.005	1.000	0.992	-54.757	0.261	0.185
-7.0	-0.542	0.01104	-0.042	0.214	0.005	1.000	0.995	-49.045	0.260	0.172
-6.0	-0.440	0.01068	-0.043	0.201	0.006	1.000	0.997	-41.188	0.260	0.152
-5.0	-0.331	0.01134	-0.044	0.171	0.007	1.000	0.998	-29.182	0.259	0.117
-4.0	-0.218	0.01099	-0.045	0.151	0.012	1.000	0.998	-19.790	0.259	0.043
-3.0	-0.101	0.01084	-0.046	0.130	0.016	1.000	0.998	-9.332	0.259	-0.206
-2.0	0.017	0.01079	-0.047	0.106	0.022	1.000	0.998	1.533	0.259	3.105
-1.0	0.135	0.01077	-0.048	0.093	0.032	1.000	0.998	12.516	0.259	0.608
0.0	0.253	0.01082	-0.049	0.068	0.048	1.000	0.998	23.385	0.259	0.445
1.0	0.371	0.01107	-0.051	0.048	0.065	1.000	0.999	33.529	0.259	0.386
2.0	0.489	0.01034	-0.052	0.032	0.081	0.997	0.999	47.266	0.260	0.356
3.0	0.605	0.01062	-0.053	0.021	0.104	1.000	0.999	56.990	0.260	0.337
4.0	0.720	0.01107	-0.054	0.013	0.132	0.997	0.999	65.019	0.260	0.325
5.0	0.831	0.01156	-0.055	0.011	0.147	0.996	0.999	71.914	0.261	0.316
6.0	0.935	0.01231	-0.056	0.006	0.174	0.994	0.999	75.943	0.262	0.310
7.0	1.031	0.01304	-0.057	0.004	0.204	0.993	0.999	79.091	0.263	0.306
8.0	1.116	0.01399	-0.059	0.003	0.223	0.991	0.999	79.721	0.265	0.303
9.0	1.186	0.01337	-0.060	0.003	0.257	0.986	0.999	88.691	0.268	0.300
10.0	1.239	0.01909	-0.061	0.003	0.284	0.977	0.999	64.939	0.273	0.299
11.0	1.274	0.02093	-0.062	0.003	0.313	0.960	0.999	60.856	0.287	0.298
12.0	1.285	0.02347	-0.063	0.002	0.355	0.927	0.999	54.771	-2.133	0.299
13.0	1.273	0.02691	-0.063	0.002	0.402	0.869	0.999	47.310	0.255	0.299
14.0	1.230	0.03370	-0.062	0.002	0.449	0.755	0.999	36.509	0.300	0.301
15.0	1.101	0.07294	-0.054	0.001	0.463	0.348	0.999	15.093	0.331	0.299
16.0	1.008	0.11692	-0.044	0.001	0.501	0.115	0.999	8.617	0.336	0.294
17.0	0.935	0.14086	-0.040	0.001	0.525	0.064	0.999	6.635	0.284	0.293
18.0	0.868	0.15941	-0.040	0.000	0.564	0.055	0.999	5.444	0.262	0.296
19.0	0.799	0.17927	-0.038	0.000	0.608	0.044	0.999	4.458	0.261	0.298
20.0	0.733	0.20018	-0.038	0.000	0.653	0.039	0.999	3.662	0.255	0.302

Name = NACA 2410
Mach = 0; Re = 6030000; T.U. = 1.0; T.L. = 1.0
Surface Finish = 2; Stall model = 0; Transition model = 1; Aspect Ratio = 0; ground effect = 0
?	Cl	Cd	Cm 0.25	T.U.	T.L.	S.U.	S.L.	L/D	A.C.	C.P.
[°]	[-]	[-]	[-]	[-]	[-]	[-]	[-]	[-]	[-]	[-]
-20.0	-0.531	0.20660	-0.016	0.520	0.000	0.996	0.030	-2.570	0.241	0.220
-19.0	-0.572	0.18770	-0.016	0.502	0.000	0.997	0.030	-3.049	0.238	0.222
-18.0	-0.614	0.16548	-0.017	0.458	0.000	0.997	0.033	-3.710	0.231	0.223
-17.0	-0.654	0.14638	-0.018	0.423	0.001	0.997	0.039	-4.469	0.228	0.223
-16.0	-0.690	0.12977	-0.018	0.405	0.001	0.997	0.043	-5.315	0.223	0.223
-15.0	-0.719	0.11488	-0.019	0.385	0.001	0.997	0.051	-6.259	0.201	0.223
-14.0	-0.740	0.09904	-0.021	0.357	0.001	0.997	0.066	-7.467	0.086	0.222
-13.0	-0.746	0.08093	-0.024	0.348	0.002	1.000	0.113	-9.212	-0.228	0.218
-12.0	-0.758	0.05237	-0.029	0.314	0.004	1.000	0.296	-14.464	0.049	0.211
-11.0	-0.811	0.01952	-0.037	0.300	0.004	1.000	0.816	-41.546	-0.124	0.205
-10.0	-0.783	0.01559	-0.039	0.271	0.004	1.000	0.976	-50.255	0.285	0.200
-9.0	-0.716	0.01220	-0.040	0.254	0.004	1.000	0.990	-58.727	0.263	0.194
-8.0	-0.635	0.01150	-0.041	0.228	0.005	1.000	0.993	-55.211	0.261	0.185
-7.0	-0.542	0.01095	-0.042	0.210	0.005	1.000	0.995	-49.455	0.260	0.172
-6.0	-0.440	0.01059	-0.043	0.185	0.006	1.000	0.997	-41.505	0.260	0.152
-5.0	-0.331	0.01121	-0.044	0.168	0.007	1.000	0.998	-29.522	0.259	0.117
-4.0	-0.218	0.01092	-0.045	0.142	0.011	1.000	0.998	-19.914	0.259	0.043
-3.0	-0.101	0.01075	-0.046	0.128	0.015	1.000	0.998	-9.416	0.259	-0.206
-2.0	0.017	0.01069	-0.047	0.102	0.021	1.000	0.998	1.547	0.259	3.105
-1.0	0.135	0.01071	-0.048	0.084	0.031	1.000	0.998	12.582	0.259	0.608
0.0	0.253	0.01077	-0.049	0.066	0.047	1.000	0.998	23.508	0.259	0.445
1.0	0.371	0.01102	-0.051	0.046	0.061	1.000	0.999	33.674	0.260	0.386
2.0	0.489	0.01137	-0.052	0.030	0.078	1.000	0.999	42.996	0.260	0.356
3.0	0.605	0.01054	-0.053	0.020	0.102	1.000	0.999	57.445	0.260	0.337
4.0	0.720	0.01098	-0.054	0.013	0.123	0.997	0.999	65.558	0.260	0.325
5.0	0.831	0.01143	-0.055	0.010	0.142	0.996	0.999	72.675	0.261	0.316
6.0	0.935	0.01215	-0.056	0.006	0.172	0.995	0.999	76.991	0.262	0.310
7.0	1.031	0.01293	-0.057	0.004	0.191	0.993	0.999	79.722	0.263	0.306
8.0	1.116	0.01381	-0.059	0.003	0.218	0.991	0.999	80.766	0.265	0.303
9.0	1.186	0.01325	-0.060	0.003	0.253	0.987	0.999	89.523	0.268	0.300
10.0	1.240	0.01886	-0.061	0.003	0.271	0.978	0.999	65.750	0.273	0.299
11.0	1.274	0.02069	-0.062	0.003	0.305	0.962	0.999	61.581	0.288	0.298
12.0	1.286	0.02317	-0.063	0.002	0.344	0.930	0.999	55.527	-35.494	0.299
13.0	1.274	0.02661	-0.063	0.002	0.384	0.872	0.999	47.873	0.252	0.299
14.0	1.234	0.03289	-0.062	0.002	0.422	0.767	0.999	37.508	0.301	0.301
15.0	1.099	0.07382	-0.054	0.001	0.455	0.340	0.999	14.887	0.330	0.299
16.0	1.008	0.11607	-0.044	0.001	0.478	0.118	0.999	8.686	0.334	0.294
17.0	0.935	0.14035	-0.040	0.001	0.510	0.066	0.999	6.664	0.285	0.293
18.0	0.868	0.15909	-0.040	0.000	0.553	0.055	0.999	5.455	0.266	0.296
19.0	0.799	0.17977	-0.038	0.000	0.582	0.043	0.999	4.445	0.262	0.298
20.0	0.733	0.20083	-0.038	0.000	0.621	0.038	0.999	3.649	0.254	0.302

Name = NACA 2410
Mach = 0; Re = 6430000; T.U. = 1.0; T.L. = 1.0
Surface Finish = 2; Stall model = 0; Transition model = 1; Aspect Ratio = 0; ground effect = 0
?	Cl	Cd	Cm 0.25	T.U.	T.L.	S.U.	S.L.	L/D	A.C.	C.P.
[°]	[-]	[-]	[-]	[-]	[-]	[-]	[-]	[-]	[-]	[-]
-20.0	-0.531	0.20535	-0.016	0.510	0.000	0.996	0.030	-2.585	0.240	0.220
-19.0	-0.572	0.18502	-0.016	0.475	0.000	0.997	0.031	-3.094	0.237	0.222
-18.0	-0.614	0.16678	-0.017	0.450	0.000	0.997	0.034	-3.682	0.231	0.223
-17.0	-0.654	0.14526	-0.018	0.412	0.001	0.997	0.040	-4.504	0.230	0.223
-16.0	-0.690	0.12922	-0.018	0.400	0.001	0.997	0.043	-5.338	0.222	0.223
-15.0	-0.719	0.11391	-0.019	0.369	0.001	0.997	0.053	-6.314	0.200	0.223
-14.0	-0.740	0.09912	-0.021	0.353	0.001	0.997	0.066	-7.462	0.090	0.222
-13.0	-0.745	0.08160	-0.024	0.340	0.002	1.000	0.110	-9.131	-0.160	0.218
-12.0	-0.762	0.05007	-0.030	0.307	0.004	1.000	0.319	-15.211	0.059	0.211
-11.0	-0.816	0.01869	-0.037	0.298	0.004	1.000	0.844	-43.638	-0.171	0.205
-10.0	-0.784	0.01543	-0.039	0.262	0.004	1.000	0.978	-50.783	0.280	0.200
-9.0	-0.716	0.01214	-0.040	0.251	0.004	1.000	0.990	-59.007	0.263	0.194
-8.0	-0.635	0.01146	-0.041	0.219	0.005	1.000	0.993	-55.403	0.261	0.185
-7.0	-0.542	0.01082	-0.042	0.206	0.005	1.000	0.995	-50.053	0.260	0.172
-6.0	-0.440	0.01052	-0.043	0.177	0.006	1.000	0.997	-41.799	0.260	0.152
-5.0	-0.331	0.01112	-0.044	0.165	0.007	1.000	0.998	-29.757	0.259	0.117
-4.0	-0.218	0.01087	-0.045	0.136	0.011	1.000	0.998	-20.017	0.259	0.043
-3.0	-0.101	0.01067	-0.046	0.127	0.015	1.000	0.998	-9.479	0.259	-0.206
-2.0	0.017	0.01060	-0.047	0.099	0.020	1.000	0.998	1.561	0.259	3.105
-1.0	0.135	0.01063	-0.048	0.078	0.030	1.000	0.998	12.676	0.259	0.608
0.0	0.253	0.01065	-0.049	0.065	0.046	1.000	0.998	23.775	0.259	0.445
1.0	0.371	0.01089	-0.051	0.044	0.058	1.000	0.999	34.067	0.260	0.386
2.0	0.489	0.01018	-0.052	0.029	0.076	1.000	0.999	48.032	0.260	0.356
3.0	0.605	0.01170	-0.053	0.019	0.100	1.000	0.999	51.748	0.260	0.337
4.0	0.720	0.01084	-0.054	0.012	0.116	0.997	0.999	66.365	0.260	0.325
5.0	0.831	0.01135	-0.055	0.010	0.139	0.996	0.999	73.215	0.261	0.316
6.0	0.935	0.01200	-0.056	0.005	0.169	0.995	0.999	77.934	0.262	0.310
7.0	1.031	0.01279	-0.057	0.004	0.183	0.994	0.999	80.625	0.263	0.306
8.0	1.116	0.01370	-0.059	0.003	0.214	0.991	0.999	81.459	0.265	0.303
9.0	1.186	0.01315	-0.060	0.003	0.238	0.987	0.999	90.208	0.268	0.300
10.0	1.240	0.01867	-0.061	0.003	0.263	0.978	0.999	66.420	0.274	0.299
11.0	1.274	0.02046	-0.062	0.003	0.300	0.963	0.999	62.290	0.288	0.298
12.0	1.287	0.02288	-0.063	0.002	0.323	0.934	0.999	56.260	1.328	0.299
13.0	1.275	0.02624	-0.063	0.002	0.363	0.878	0.999	48.598	0.250	0.299
14.0	1.236	0.03217	-0.063	0.002	0.407	0.777	0.999	38.429	0.300	0.301
15.0	1.101	0.07252	-0.054	0.001	0.450	0.349	0.999	15.185	0.334	0.299
16.0	1.004	0.11951	-0.043	0.001	0.465	0.101	0.999	8.401	0.332	0.293
17.0	0.936	0.13895	-0.041	0.001	0.502	0.069	0.999	6.736	0.276	0.293
18.0	0.868	0.15821	-0.040	0.000	0.526	0.055	0.999	5.486	0.266	0.296
19.0	0.799	0.17846	-0.038	0.000	0.563	0.044	0.999	4.479	0.261	0.298
20.0	0.733	0.20058	-0.038	0.000	0.607	0.039	0.999	3.654	0.257	0.302


