Name = NACA 2411
Mach = 0; Re = 30000; T.U. = 1.0; T.L. = 1.0
Surface Finish = 2; Stall model = 0; Transition model = 1; Aspect Ratio = 0; ground effect = 0
?	Cl	Cd	Cm 0.25	T.U.	T.L.	S.U.	S.L.	L/D	A.C.	C.P.
[°]	[-]	[-]	[-]	[-]	[-]	[-]	[-]	[-]	[-]	[-]
-20.0	-0.656	0.51220	-0.011	0.964	0.004	0.980	0.006	-1.281	0.242	0.234
-19.0	-0.697	0.46149	-0.011	0.961	0.005	0.978	0.006	-1.510	0.243	0.234
-18.0	-0.735	0.38583	-0.011	0.959	0.005	0.978	0.006	-1.905	0.241	0.235
-17.0	-0.768	0.32900	-0.012	0.957	0.005	0.977	0.007	-2.335	0.235	0.235
-16.0	-0.792	0.28995	-0.012	0.951	0.006	0.976	0.007	-2.732	0.217	0.235
-15.0	-0.796	0.24867	-0.013	0.945	0.006	0.975	0.008	-3.201	0.628	0.234
-14.0	-0.790	0.20826	-0.013	0.941	0.006	0.972	0.008	-3.793	0.282	0.234
-13.0	-0.773	0.17997	-0.013	0.935	0.006	0.970	0.008	-4.296	0.270	0.233
-12.0	-0.745	0.15367	-0.014	0.926	0.006	0.968	0.008	-4.849	0.268	0.231
-11.0	-0.705	0.12947	-0.015	0.916	0.007	0.966	0.009	-5.449	0.264	0.229
-10.0	-0.654	0.11168	-0.015	0.907	0.007	0.963	0.010	-5.859	0.263	0.227
-9.0	-0.593	0.09556	-0.016	0.892	0.008	0.961	0.012	-6.204	0.266	0.223
-8.0	-0.522	0.08237	-0.017	0.878	0.010	0.959	0.015	-6.340	0.269	0.217
-7.0	-0.444	0.07142	-0.019	0.858	0.014	0.957	0.021	-6.214	0.268	0.207
-6.0	-0.359	0.06291	-0.020	0.838	0.019	0.952	0.026	-5.709	0.275	0.193
-5.0	-0.271	0.05550	-0.023	0.808	0.024	0.951	0.045	-4.876	0.419	0.164
-4.0	-0.218	0.03030	-0.044	0.775	0.042	0.950	0.980	-7.203	0.381	0.048
-3.0	-0.101	0.02686	-0.045	0.737	0.115	0.949	0.989	-3.765	0.260	-0.199
-2.0	0.017	0.02659	-0.047	0.690	0.250	0.948	0.990	0.653	0.260	2.930
-1.0	0.136	0.02531	-0.048	0.634	0.602	0.949	0.984	5.380	0.260	0.600
0.0	0.253	0.02858	-0.049	0.562	0.726	0.952	0.980	8.864	0.260	0.443
1.0	0.371	0.02927	-0.050	0.475	0.818	0.955	0.977	12.687	0.260	0.385
2.0	0.488	0.03034	-0.051	0.420	0.873	0.945	0.976	16.081	0.259	0.355
3.0	0.602	0.03178	-0.052	0.383	0.906	0.925	0.976	18.937	0.259	0.337
4.0	0.712	0.03368	-0.053	0.341	0.926	0.897	0.978	21.141	0.259	0.325
5.0	0.820	0.03616	-0.054	0.272	0.941	0.879	0.980	22.676	0.262	0.316
6.0	0.933	0.03897	-0.056	0.039	0.952	0.912	0.982	23.942	-0.430	0.310
7.0	0.852	0.06445	-0.033	0.019	0.960	0.055	0.984	13.218	2.218	0.288
8.0	0.919	0.07512	-0.028	0.015	0.966	0.022	0.986	12.230	0.207	0.280
9.0	0.982	0.08679	-0.027	0.009	0.972	0.017	0.989	11.311	0.233	0.278
10.0	1.033	0.10170	-0.026	0.007	0.976	0.013	0.991	10.161	0.225	0.275
11.0	1.073	0.12175	-0.025	0.006	0.979	0.009	0.991	8.810	0.227	0.273
12.0	1.099	0.14133	-0.024	0.005	0.982	0.008	0.992	7.775	0.242	0.272
13.0	1.112	0.16524	-0.024	0.004	0.984	0.007	0.994	6.727	0.270	0.272
14.0	1.111	0.19998	-0.025	0.004	0.988	0.007	0.997	5.556	0.240	0.272
15.0	1.098	0.23845	-0.025	0.004	0.991	0.006	0.997	4.605	0.240	0.272
16.0	1.075	0.27041	-0.025	0.004	0.993	0.006	0.997	3.974	0.239	0.273
17.0	1.042	0.29888	-0.025	0.004	0.997	0.005	0.997	3.487	0.247	0.274
18.0	1.003	0.35100	-0.025	0.004	0.998	0.005	0.998	2.857	0.250	0.275
19.0	0.959	0.42234	-0.025	0.003	0.998	0.005	0.998	2.270	0.245	0.276
20.0	0.895	0.47565	-0.026	0.003	0.998	0.005	0.998	1.882	0.240	0.279

Name = NACA 2411
Mach = 0; Re = 430000; T.U. = 1.0; T.L. = 1.0
Surface Finish = 2; Stall model = 0; Transition model = 1; Aspect Ratio = 0; ground effect = 0
?	Cl	Cd	Cm 0.25	T.U.	T.L.	S.U.	S.L.	L/D	A.C.	C.P.
[°]	[-]	[-]	[-]	[-]	[-]	[-]	[-]	[-]	[-]	[-]
-20.0	-0.657	0.24730	-0.012	0.935	0.004	0.992	0.011	-2.656	0.242	0.232
-19.0	-0.698	0.22241	-0.012	0.924	0.004	0.992	0.011	-3.137	0.242	0.232
-18.0	-0.736	0.19639	-0.013	0.914	0.005	0.992	0.011	-3.747	0.239	0.233
-17.0	-0.769	0.17253	-0.013	0.905	0.005	0.992	0.012	-4.458	0.234	0.233
-16.0	-0.793	0.15286	-0.014	0.887	0.005	0.993	0.013	-5.190	0.207	0.233
-15.0	-0.797	0.13464	-0.014	0.874	0.006	0.993	0.014	-5.921	1.555	0.232
-14.0	-0.792	0.11790	-0.015	0.851	0.006	0.994	0.018	-6.717	0.364	0.231
-13.0	-0.776	0.10529	-0.017	0.829	0.006	0.994	0.024	-7.373	0.301	0.228
-12.0	-0.749	0.09128	-0.018	0.801	0.006	0.994	0.027	-8.201	0.295	0.227
-11.0	-0.711	0.07904	-0.020	0.767	0.007	0.995	0.041	-8.996	0.307	0.222
-10.0	-0.664	0.06773	-0.022	0.730	0.007	0.995	0.069	-9.804	0.413	0.216
-9.0	-0.639	0.04203	-0.031	0.690	0.008	0.995	0.326	-15.208	1.241	0.201
-8.0	-0.646	0.01884	-0.040	0.645	0.010	0.995	0.970	-34.295	0.362	0.188
-7.0	-0.550	0.01348	-0.041	0.597	0.014	0.995	0.987	-40.835	0.262	0.175
-6.0	-0.445	0.01395	-0.042	0.544	0.018	0.995	0.990	-31.910	0.260	0.155
-5.0	-0.334	0.01334	-0.044	0.484	0.023	0.995	0.992	-25.040	0.260	0.120
-4.0	-0.219	0.01301	-0.045	0.431	0.038	0.994	0.993	-16.812	0.260	0.046
-3.0	-0.101	0.01256	-0.046	0.403	0.061	0.994	0.995	-8.061	0.260	-0.203
-2.0	0.017	0.01229	-0.047	0.372	0.098	0.994	0.996	1.415	0.260	2.956
-1.0	0.137	0.01209	-0.048	0.348	0.151	0.994	0.997	11.299	0.260	0.603
0.0	0.255	0.01284	-0.049	0.310	0.205	0.993	0.998	19.888	0.260	0.444
1.0	0.374	0.01292	-0.051	0.270	0.269	0.993	0.998	28.952	0.260	0.386
2.0	0.493	0.01302	-0.052	0.226	0.381	0.992	0.998	37.832	0.261	0.356
3.0	0.610	0.01339	-0.053	0.177	0.489	0.991	0.998	45.555	0.261	0.337
4.0	0.725	0.01292	-0.054	0.118	0.551	0.990	0.998	56.159	0.261	0.325
5.0	0.838	0.01391	-0.056	0.058	0.625	0.984	0.998	60.217	0.261	0.317
6.0	0.946	0.01986	-0.057	0.031	0.717	0.978	0.998	47.599	0.262	0.310
7.0	1.044	0.02161	-0.058	0.018	0.803	0.968	0.998	48.309	0.262	0.306
8.0	1.132	0.02358	-0.059	0.014	0.860	0.955	0.998	48.004	0.263	0.302
9.0	1.205	0.02617	-0.060	0.009	0.897	0.931	0.998	46.036	0.264	0.300
10.0	1.260	0.02936	-0.061	0.007	0.920	0.892	0.998	42.913	0.262	0.298
11.0	1.289	0.03407	-0.061	0.006	0.938	0.818	0.998	37.839	-0.223	0.297
12.0	1.264	0.04598	-0.059	0.005	0.951	0.611	0.998	27.498	0.383	0.297
13.0	1.133	0.09766	-0.040	0.004	0.960	0.084	0.998	11.602	0.415	0.286
14.0	1.120	0.11580	-0.035	0.004	0.967	0.037	0.998	9.668	0.521	0.281
15.0	1.103	0.13199	-0.032	0.004	0.976	0.022	0.998	8.354	0.346	0.279
16.0	1.078	0.14910	-0.031	0.004	0.979	0.017	0.998	7.227	0.261	0.279
17.0	1.045	0.16777	-0.032	0.004	0.982	0.017	0.998	6.230	0.237	0.280
18.0	1.006	0.18997	-0.032	0.003	0.987	0.016	0.998	5.294	0.276	0.282
19.0	0.960	0.21020	-0.029	0.003	0.998	0.010	0.998	4.567	0.255	0.281
20.0	0.897	0.23778	-0.031	0.003	0.998	0.013	0.998	3.773	0.218	0.285

Name = NACA 2411
Mach = 0; Re = 830000; T.U. = 1.0; T.L. = 1.0
Surface Finish = 2; Stall model = 0; Transition model = 1; Aspect Ratio = 0; ground effect = 0
?	Cl	Cd	Cm 0.25	T.U.	T.L.	S.U.	S.L.	L/D	A.C.	C.P.
[°]	[-]	[-]	[-]	[-]	[-]	[-]	[-]	[-]	[-]	[-]
-20.0	-0.658	0.22044	-0.014	0.905	0.004	0.994	0.020	-2.987	0.234	0.229
-19.0	-0.700	0.19701	-0.014	0.886	0.004	0.994	0.022	-3.552	0.235	0.230
-18.0	-0.738	0.17768	-0.015	0.874	0.004	0.994	0.024	-4.155	0.234	0.230
-17.0	-0.772	0.15937	-0.015	0.849	0.005	0.995	0.026	-4.844	0.224	0.230
-16.0	-0.797	0.13988	-0.016	0.826	0.005	0.995	0.031	-5.697	0.186	0.230
-15.0	-0.802	0.12261	-0.017	0.800	0.005	0.995	0.037	-6.539	-6.415	0.228
-14.0	-0.797	0.10826	-0.018	0.765	0.005	0.995	0.044	-7.363	0.404	0.227
-13.0	-0.783	0.09446	-0.020	0.729	0.005	0.995	0.060	-8.293	0.351	0.224
-12.0	-0.760	0.08097	-0.022	0.691	0.006	0.995	0.087	-9.383	0.370	0.221
-11.0	-0.734	0.06352	-0.026	0.650	0.006	0.995	0.170	-11.552	0.588	0.214
-10.0	-0.729	0.03616	-0.033	0.607	0.006	0.995	0.465	-20.145	5.376	0.205
-9.0	-0.731	0.01890	-0.039	0.559	0.007	0.995	0.949	-38.702	0.341	0.197
-8.0	-0.648	0.01311	-0.040	0.508	0.009	0.995	0.983	-49.408	0.264	0.188
-7.0	-0.551	0.01351	-0.041	0.448	0.012	0.995	0.990	-40.760	0.261	0.175
-6.0	-0.445	0.01279	-0.042	0.414	0.016	0.995	0.992	-34.820	0.260	0.155
-5.0	-0.334	0.01227	-0.044	0.391	0.020	0.995	0.993	-27.230	0.260	0.120
-4.0	-0.219	0.01184	-0.045	0.361	0.027	0.995	0.995	-18.484	0.260	0.046
-3.0	-0.101	0.01152	-0.046	0.340	0.043	0.995	0.996	-8.786	0.260	-0.203
-2.0	0.017	0.01136	-0.047	0.306	0.068	0.995	0.997	1.531	0.260	2.956
-1.0	0.137	0.01208	-0.048	0.270	0.104	0.994	0.998	11.302	0.260	0.604
0.0	0.255	0.01204	-0.050	0.235	0.145	0.994	0.998	21.229	0.260	0.444
1.0	0.374	0.01219	-0.051	0.197	0.189	0.994	0.998	30.710	0.260	0.386
2.0	0.493	0.01251	-0.052	0.155	0.237	0.993	0.998	39.380	0.261	0.356
3.0	0.610	0.01303	-0.053	0.110	0.291	0.992	0.998	46.834	0.261	0.337
4.0	0.726	0.01368	-0.054	0.062	0.390	0.991	0.998	53.047	0.261	0.325
5.0	0.838	0.01295	-0.056	0.035	0.473	0.989	0.998	64.732	0.261	0.317
6.0	0.946	0.01387	-0.057	0.020	0.521	0.983	0.998	68.262	0.262	0.310
7.0	1.046	0.01971	-0.058	0.015	0.580	0.977	0.999	53.068	0.263	0.306
8.0	1.134	0.02133	-0.059	0.011	0.655	0.966	0.999	53.175	0.264	0.302
9.0	1.209	0.02341	-0.060	0.008	0.738	0.949	0.999	51.646	0.265	0.300
10.0	1.267	0.02587	-0.061	0.006	0.815	0.922	0.999	48.987	0.267	0.298
11.0	1.304	0.02922	-0.062	0.005	0.872	0.876	0.999	44.641	0.265	0.298
12.0	1.315	0.03434	-0.062	0.004	0.906	0.796	0.999	38.294	0.331	0.297
13.0	1.288	0.04486	-0.061	0.004	0.928	0.642	0.998	28.708	0.315	0.297
14.0	1.211	0.07249	-0.055	0.004	0.943	0.367	0.999	16.705	0.352	0.296
15.0	1.126	0.11415	-0.044	0.003	0.958	0.108	0.998	9.864	0.370	0.289
16.0	1.091	0.13370	-0.041	0.003	0.964	0.067	0.998	8.161	0.317	0.287
17.0	1.054	0.15188	-0.039	0.003	0.974	0.050	0.998	6.938	0.285	0.287
18.0	1.012	0.17268	-0.038	0.003	0.978	0.040	0.998	5.858	0.284	0.288
19.0	0.964	0.19725	-0.036	0.003	0.983	0.028	0.998	4.889	0.270	0.288
20.0	0.900	0.21471	-0.036	0.003	0.988	0.025	0.998	4.191	0.255	0.290

Name = NACA 2411
Mach = 0; Re = 1230000; T.U. = 1.0; T.L. = 1.0
Surface Finish = 2; Stall model = 0; Transition model = 1; Aspect Ratio = 0; ground effect = 0
?	Cl	Cd	Cm 0.25	T.U.	T.L.	S.U.	S.L.	L/D	A.C.	C.P.
[°]	[-]	[-]	[-]	[-]	[-]	[-]	[-]	[-]	[-]	[-]
-20.0	-0.660	0.21283	-0.015	0.869	0.003	0.995	0.028	-3.100	0.239	0.228
-19.0	-0.701	0.19004	-0.015	0.846	0.004	0.995	0.029	-3.688	0.233	0.229
-18.0	-0.740	0.16896	-0.016	0.820	0.004	0.995	0.035	-4.382	0.226	0.228
-17.0	-0.775	0.14906	-0.017	0.796	0.004	0.995	0.040	-5.197	0.222	0.228
-16.0	-0.800	0.13225	-0.018	0.759	0.005	0.995	0.045	-6.047	0.185	0.228
-15.0	-0.805	0.11713	-0.019	0.722	0.005	0.996	0.055	-6.875	-0.931	0.227
-14.0	-0.802	0.10228	-0.020	0.683	0.005	0.996	0.068	-7.839	0.450	0.225
-13.0	-0.789	0.08832	-0.022	0.645	0.005	0.996	0.092	-8.938	0.389	0.222
-12.0	-0.770	0.07306	-0.025	0.606	0.005	0.995	0.141	-10.537	0.499	0.218
-11.0	-0.759	0.04965	-0.030	0.560	0.006	0.996	0.313	-15.286	-0.638	0.211
-10.0	-0.783	0.02188	-0.037	0.513	0.006	0.996	0.801	-35.806	0.633	0.203
-9.0	-0.734	0.01769	-0.039	0.459	0.007	0.996	0.968	-41.509	0.277	0.197
-8.0	-0.648	0.01251	-0.040	0.420	0.008	0.996	0.986	-51.816	0.263	0.188
-7.0	-0.551	0.01275	-0.041	0.399	0.010	0.996	0.991	-43.219	0.261	0.175
-6.0	-0.445	0.01208	-0.042	0.368	0.014	0.996	0.992	-36.875	0.260	0.155
-5.0	-0.334	0.01156	-0.044	0.350	0.018	0.996	0.994	-28.905	0.260	0.120
-4.0	-0.219	0.01127	-0.045	0.318	0.024	0.996	0.995	-19.414	0.260	0.046
-3.0	-0.101	0.01102	-0.046	0.294	0.037	0.995	0.996	-9.189	0.260	-0.203
-2.0	0.017	0.01170	-0.047	0.258	0.056	0.995	0.997	1.487	0.260	2.957
-1.0	0.137	0.01165	-0.048	0.224	0.084	0.995	0.998	11.720	0.260	0.604
0.0	0.256	0.01159	-0.050	0.191	0.117	0.995	0.998	22.044	0.260	0.444
1.0	0.374	0.01177	-0.051	0.155	0.153	0.994	0.998	31.809	0.260	0.386
2.0	0.493	0.01212	-0.052	0.116	0.191	0.993	0.998	40.644	0.261	0.356
3.0	0.610	0.01262	-0.053	0.079	0.234	0.992	0.998	48.361	0.261	0.337
4.0	0.726	0.01333	-0.055	0.048	0.281	0.991	0.998	54.428	0.261	0.325
5.0	0.839	0.01406	-0.056	0.028	0.338	0.990	0.998	59.636	0.261	0.317
6.0	0.947	0.01319	-0.057	0.017	0.452	0.986	0.999	71.807	0.262	0.310
7.0	1.046	0.01866	-0.058	0.013	0.486	0.981	0.999	56.071	0.263	0.306
8.0	1.136	0.02025	-0.059	0.009	0.530	0.972	0.999	56.091	0.264	0.302
9.0	1.212	0.02219	-0.061	0.007	0.586	0.958	0.999	54.604	0.266	0.300
10.0	1.271	0.02437	-0.062	0.005	0.656	0.936	0.999	52.163	0.268	0.298
11.0	1.310	0.02730	-0.062	0.004	0.732	0.897	0.999	47.999	0.271	0.298
12.0	1.327	0.03114	-0.063	0.004	0.808	0.838	0.999	42.596	0.208	0.297
13.0	1.312	0.03824	-0.062	0.004	0.870	0.730	0.998	34.311	0.293	0.297
14.0	1.261	0.05369	-0.060	0.003	0.907	0.548	0.999	23.488	0.308	0.298
15.0	1.184	0.08311	-0.055	0.003	0.931	0.320	0.998	14.250	0.325	0.296
16.0	1.119	0.11305	-0.049	0.003	0.945	0.170	0.998	9.896	0.339	0.294
17.0	1.064	0.13991	-0.044	0.003	0.959	0.090	0.998	7.606	0.324	0.291
18.0	1.017	0.16085	-0.042	0.003	0.967	0.062	0.999	6.324	0.297	0.291
19.0	0.968	0.18499	-0.040	0.002	0.976	0.044	0.999	5.234	0.268	0.291
20.0	0.903	0.20228	-0.040	0.003	0.981	0.041	0.999	4.466	0.250	0.294

Name = NACA 2411
Mach = 0; Re = 1630000; T.U. = 1.0; T.L. = 1.0
Surface Finish = 2; Stall model = 0; Transition model = 1; Aspect Ratio = 0; ground effect = 0
?	Cl	Cd	Cm 0.25	T.U.	T.L.	S.U.	S.L.	L/D	A.C.	C.P.
[°]	[-]	[-]	[-]	[-]	[-]	[-]	[-]	[-]	[-]	[-]
-20.0	-0.660	0.21039	-0.015	0.828	0.002	0.995	0.032	-3.138	0.231	0.227
-19.0	-0.702	0.18566	-0.016	0.800	0.003	0.995	0.037	-3.782	0.231	0.228
-18.0	-0.742	0.16070	-0.017	0.766	0.004	0.995	0.042	-4.614	0.229	0.228
-17.0	-0.776	0.14312	-0.017	0.731	0.004	0.996	0.047	-5.422	0.218	0.228
-16.0	-0.802	0.12754	-0.018	0.697	0.004	0.996	0.057	-6.288	0.178	0.227
-15.0	-0.808	0.11272	-0.020	0.659	0.005	0.996	0.068	-7.167	-0.484	0.226
-14.0	-0.806	0.09751	-0.021	0.616	0.005	0.996	0.088	-8.263	0.515	0.224
-13.0	-0.795	0.08350	-0.023	0.574	0.005	0.996	0.119	-9.518	0.430	0.221
-12.0	-0.779	0.06679	-0.026	0.534	0.005	0.996	0.190	-11.662	1.770	0.217
-11.0	-0.789	0.03683	-0.032	0.493	0.006	0.996	0.482	-21.416	-0.350	0.209
-10.0	-0.798	0.01958	-0.037	0.441	0.006	0.996	0.889	-40.746	0.379	0.203
-9.0	-0.735	0.01694	-0.039	0.411	0.006	0.996	0.976	-43.416	0.269	0.197
-8.0	-0.649	0.01199	-0.040	0.391	0.007	0.996	0.989	-54.091	0.262	0.188
-7.0	-0.551	0.01233	-0.041	0.361	0.009	0.996	0.991	-44.683	0.261	0.175
-6.0	-0.445	0.01168	-0.042	0.346	0.013	0.996	0.993	-38.149	0.260	0.155
-5.0	-0.334	0.01125	-0.044	0.311	0.017	0.996	0.994	-29.711	0.260	0.120
-4.0	-0.219	0.01089	-0.045	0.286	0.021	0.996	0.996	-20.098	0.260	0.046
-3.0	-0.101	0.01071	-0.046	0.256	0.033	0.996	0.997	-9.460	0.260	-0.203
-2.0	0.017	0.01144	-0.047	0.223	0.048	0.995	0.998	1.521	0.260	2.957
-1.0	0.137	0.01137	-0.048	0.194	0.071	0.995	0.998	12.018	0.260	0.604
0.0	0.256	0.01131	-0.050	0.164	0.100	0.995	0.998	22.593	0.260	0.444
1.0	0.374	0.01150	-0.051	0.129	0.133	0.994	0.998	32.547	0.260	0.386
2.0	0.493	0.01179	-0.052	0.094	0.168	0.994	0.998	41.776	0.261	0.356
3.0	0.610	0.01227	-0.053	0.061	0.203	0.993	0.998	49.714	0.261	0.337
4.0	0.726	0.01292	-0.055	0.037	0.242	0.992	0.998	56.160	0.261	0.325
5.0	0.839	0.01366	-0.056	0.021	0.284	0.991	0.998	61.403	0.261	0.317
6.0	0.947	0.01292	-0.057	0.015	0.335	0.988	0.999	73.355	0.262	0.310
7.0	1.047	0.01351	-0.058	0.012	0.433	0.983	0.999	77.468	0.263	0.306
8.0	1.137	0.01947	-0.059	0.008	0.470	0.976	0.999	58.389	0.264	0.302
9.0	1.213	0.02132	-0.061	0.006	0.510	0.963	0.999	56.894	0.266	0.300
10.0	1.273	0.02336	-0.062	0.005	0.559	0.943	0.999	54.485	0.269	0.298
11.0	1.314	0.02610	-0.063	0.004	0.614	0.910	0.999	50.325	0.273	0.298
12.0	1.332	0.02963	-0.063	0.004	0.680	0.857	0.999	44.939	0.292	0.297
13.0	1.322	0.03547	-0.063	0.003	0.757	0.767	0.999	37.283	0.282	0.298
14.0	1.280	0.04735	-0.061	0.003	0.831	0.615	0.999	27.028	0.293	0.298
15.0	1.214	0.06864	-0.058	0.003	0.881	0.430	0.999	17.692	0.306	0.298
16.0	1.144	0.09738	-0.054	0.003	0.915	0.263	0.999	11.744	0.327	0.297
17.0	1.074	0.13063	-0.047	0.003	0.938	0.128	0.999	8.222	0.323	0.294
18.0	1.024	0.15195	-0.045	0.003	0.956	0.091	0.999	6.741	0.299	0.294
19.0	0.972	0.17542	-0.042	0.002	0.964	0.062	0.999	5.543	0.272	0.294
20.0	0.907	0.19377	-0.042	0.003	0.976	0.057	0.999	4.681	0.250	0.297

Name = NACA 2411
Mach = 0; Re = 2030000; T.U. = 1.0; T.L. = 1.0
Surface Finish = 2; Stall model = 0; Transition model = 1; Aspect Ratio = 0; ground effect = 0
?	Cl	Cd	Cm 0.25	T.U.	T.L.	S.U.	S.L.	L/D	A.C.	C.P.
[°]	[-]	[-]	[-]	[-]	[-]	[-]	[-]	[-]	[-]	[-]
-20.0	-0.660	0.21025	-0.015	0.784	0.002	0.995	0.033	-3.141	0.231	0.227
-19.0	-0.702	0.18387	-0.016	0.754	0.002	0.996	0.038	-3.820	0.230	0.227
-18.0	-0.742	0.16166	-0.017	0.715	0.003	0.996	0.044	-4.589	0.222	0.227
-17.0	-0.778	0.14003	-0.018	0.676	0.004	0.996	0.056	-5.554	0.213	0.227
-16.0	-0.804	0.12447	-0.019	0.640	0.004	0.996	0.065	-6.458	0.180	0.226
-15.0	-0.810	0.10915	-0.020	0.607	0.004	0.996	0.079	-7.422	-0.348	0.225
-14.0	-0.808	0.09447	-0.022	0.563	0.005	0.996	0.102	-8.558	0.566	0.223
-13.0	-0.799	0.07993	-0.024	0.521	0.004	0.996	0.140	-9.993	0.492	0.220
-12.0	-0.787	0.06175	-0.027	0.478	0.005	0.996	0.231	-12.739	-0.538	0.216
-11.0	-0.811	0.02929	-0.034	0.434	0.005	0.996	0.610	-27.699	-0.382	0.208
-10.0	-0.803	0.01855	-0.038	0.407	0.005	0.996	0.923	-43.311	0.321	0.203
-9.0	-0.736	0.01634	-0.039	0.386	0.006	0.997	0.979	-45.022	0.267	0.197
-8.0	-0.649	0.01273	-0.040	0.359	0.007	0.997	0.989	-50.984	0.262	0.188
-7.0	-0.551	0.01192	-0.041	0.345	0.008	0.996	0.992	-46.213	0.261	0.175
-6.0	-0.445	0.01143	-0.042	0.310	0.012	0.996	0.993	-38.974	0.260	0.155
-5.0	-0.334	0.01097	-0.044	0.288	0.016	0.996	0.995	-30.460	0.260	0.120
-4.0	-0.219	0.01066	-0.045	0.257	0.020	0.996	0.996	-20.527	0.260	0.046
-3.0	-0.101	0.01051	-0.046	0.227	0.029	0.996	0.997	-9.636	0.260	-0.203
-2.0	0.017	0.01113	-0.047	0.205	0.042	0.996	0.998	1.564	0.260	2.957
-1.0	0.137	0.01106	-0.048	0.171	0.063	0.996	0.998	12.348	0.260	0.604
0.0	0.256	0.01118	-0.050	0.139	0.087	0.995	0.998	22.867	0.260	0.444
1.0	0.374	0.01130	-0.051	0.108	0.115	0.995	0.998	33.136	0.260	0.386
2.0	0.493	0.01162	-0.052	0.078	0.146	0.994	0.998	42.421	0.261	0.356
3.0	0.610	0.01205	-0.053	0.052	0.179	0.993	0.998	50.653	0.261	0.337
4.0	0.726	0.01256	-0.055	0.032	0.216	0.992	0.998	57.800	0.261	0.325
5.0	0.839	0.01325	-0.056	0.020	0.255	0.991	0.999	63.304	0.261	0.317
6.0	0.948	0.01407	-0.057	0.014	0.296	0.990	0.999	67.373	0.262	0.310
7.0	1.047	0.01323	-0.058	0.011	0.343	0.985	0.999	79.191	0.263	0.306
8.0	1.137	0.01891	-0.060	0.007	0.426	0.978	0.999	60.139	0.264	0.302
9.0	1.214	0.02063	-0.061	0.005	0.465	0.966	0.999	58.827	0.266	0.300
10.0	1.274	0.02261	-0.062	0.005	0.505	0.949	0.999	56.381	0.269	0.298
11.0	1.316	0.02516	-0.063	0.004	0.548	0.919	0.999	52.304	0.274	0.298
12.0	1.336	0.02849	-0.063	0.003	0.598	0.871	0.999	46.877	0.298	0.297
13.0	1.329	0.03373	-0.063	0.003	0.657	0.790	0.999	39.394	0.272	0.298
14.0	1.293	0.04318	-0.062	0.003	0.722	0.664	0.999	29.954	0.287	0.298
15.0	1.228	0.06234	-0.060	0.003	0.798	0.481	0.999	19.705	0.294	0.298
16.0	1.165	0.08497	-0.057	0.003	0.860	0.342	0.999	13.709	0.314	0.299
17.0	1.086	0.12032	-0.050	0.003	0.907	0.175	0.999	9.030	0.321	0.296
18.0	1.030	0.14550	-0.047	0.003	0.935	0.114	0.999	7.079	0.305	0.296
19.0	0.976	0.16918	-0.044	0.002	0.951	0.078	0.999	5.770	0.278	0.295
20.0	0.909	0.18823	-0.044	0.003	0.964	0.067	0.999	4.830	0.259	0.298

Name = NACA 2411
Mach = 0; Re = 2430000; T.U. = 1.0; T.L. = 1.0
Surface Finish = 2; Stall model = 0; Transition model = 1; Aspect Ratio = 0; ground effect = 0
?	Cl	Cd	Cm 0.25	T.U.	T.L.	S.U.	S.L.	L/D	A.C.	C.P.
[°]	[-]	[-]	[-]	[-]	[-]	[-]	[-]	[-]	[-]	[-]
-20.0	-0.661	0.20901	-0.015	0.741	0.001	0.996	0.034	-3.161	0.234	0.227
-19.0	-0.703	0.18494	-0.016	0.708	0.002	0.996	0.038	-3.799	0.230	0.227
-18.0	-0.742	0.16176	-0.017	0.668	0.002	0.996	0.045	-4.588	0.221	0.227
-17.0	-0.778	0.13899	-0.018	0.630	0.004	0.996	0.058	-5.598	0.211	0.227
-16.0	-0.805	0.12194	-0.019	0.598	0.004	0.996	0.071	-6.600	0.172	0.226
-15.0	-0.812	0.10626	-0.021	0.560	0.004	0.996	0.090	-7.643	-0.212	0.224
-14.0	-0.812	0.09113	-0.022	0.517	0.005	0.996	0.118	-8.907	0.668	0.222
-13.0	-0.803	0.07635	-0.025	0.476	0.004	0.996	0.162	-10.518	0.582	0.219
-12.0	-0.795	0.05675	-0.028	0.434	0.005	0.996	0.276	-14.005	-0.133	0.215
-11.0	-0.830	0.02442	-0.035	0.408	0.005	0.997	0.716	-33.975	-0.619	0.208
-10.0	-0.806	0.01786	-0.038	0.387	0.005	0.997	0.940	-45.138	0.296	0.203
-9.0	-0.736	0.01591	-0.039	0.360	0.006	0.997	0.981	-46.258	0.266	0.197
-8.0	-0.649	0.01245	-0.040	0.347	0.006	0.997	0.990	-52.137	0.262	0.188
-7.0	-0.551	0.01170	-0.041	0.313	0.008	0.997	0.992	-47.110	0.261	0.175
-6.0	-0.445	0.01108	-0.042	0.296	0.011	0.997	0.994	-40.215	0.260	0.155
-5.0	-0.334	0.01077	-0.044	0.261	0.015	0.997	0.995	-31.042	0.260	0.120
-4.0	-0.219	0.01045	-0.045	0.236	0.019	0.997	0.996	-20.939	0.260	0.046
-3.0	-0.101	0.01030	-0.046	0.210	0.027	0.996	0.997	-9.831	0.260	-0.203
-2.0	0.017	0.01099	-0.047	0.179	0.039	0.996	0.998	1.582	0.260	2.957
-1.0	0.137	0.01093	-0.048	0.153	0.056	0.996	0.998	12.491	0.260	0.604
0.0	0.256	0.01092	-0.050	0.127	0.079	0.995	0.998	23.405	0.260	0.444
1.0	0.374	0.01106	-0.051	0.096	0.106	0.995	0.998	33.844	0.260	0.386
2.0	0.493	0.01138	-0.052	0.068	0.135	0.994	0.998	43.308	0.261	0.356
3.0	0.610	0.01177	-0.053	0.045	0.167	0.994	0.998	51.839	0.261	0.337
4.0	0.726	0.01232	-0.055	0.029	0.195	0.993	0.998	58.899	0.261	0.325
5.0	0.839	0.01298	-0.056	0.018	0.227	0.992	0.999	64.654	0.261	0.317
6.0	0.948	0.01373	-0.057	0.013	0.265	0.990	0.999	69.027	0.262	0.310
7.0	1.048	0.01297	-0.058	0.010	0.306	0.986	0.999	80.774	0.263	0.306
8.0	1.137	0.01851	-0.060	0.007	0.357	0.980	0.999	61.443	0.264	0.302
9.0	1.214	0.02009	-0.061	0.005	0.431	0.969	0.999	60.436	0.266	0.300
10.0	1.276	0.02198	-0.062	0.004	0.465	0.953	0.999	58.029	0.270	0.298
11.0	1.318	0.02439	-0.063	0.004	0.503	0.927	0.999	54.051	0.275	0.298
12.0	1.339	0.02751	-0.063	0.003	0.542	0.883	0.999	48.674	0.301	0.297
13.0	1.334	0.03224	-0.064	0.003	0.588	0.810	0.999	41.391	0.264	0.298
14.0	1.303	0.04036	-0.063	0.003	0.644	0.698	0.999	32.278	0.281	0.298
15.0	1.242	0.05676	-0.061	0.003	0.707	0.531	0.999	21.882	0.287	0.299
16.0	1.179	0.07697	-0.058	0.003	0.775	0.395	0.999	15.320	0.308	0.299
17.0	1.094	0.11413	-0.052	0.003	0.843	0.205	0.999	9.587	0.316	0.298
18.0	1.036	0.13889	-0.049	0.003	0.896	0.136	0.999	7.457	0.306	0.297
19.0	0.979	0.16386	-0.046	0.002	0.931	0.090	0.999	5.975	0.295	0.297
20.0	0.908	0.19127	-0.043	0.002	0.950	0.061	0.999	4.747	0.287	0.297

Name = NACA 2411
Mach = 0; Re = 2830000; T.U. = 1.0; T.L. = 1.0
Surface Finish = 2; Stall model = 0; Transition model = 1; Aspect Ratio = 0; ground effect = 0
?	Cl	Cd	Cm 0.25	T.U.	T.L.	S.U.	S.L.	L/D	A.C.	C.P.
[°]	[-]	[-]	[-]	[-]	[-]	[-]	[-]	[-]	[-]	[-]
-20.0	-0.661	0.20476	-0.015	0.706	0.001	0.996	0.037	-3.229	0.236	0.227
-19.0	-0.703	0.18410	-0.016	0.665	0.001	0.996	0.039	-3.817	0.233	0.227
-18.0	-0.742	0.16116	-0.017	0.628	0.002	0.996	0.044	-4.604	0.223	0.227
-17.0	-0.778	0.14048	-0.018	0.595	0.003	0.996	0.057	-5.537	0.203	0.227
-16.0	-0.806	0.11937	-0.020	0.560	0.004	0.996	0.079	-6.756	0.165	0.226
-15.0	-0.814	0.10396	-0.021	0.518	0.004	0.996	0.097	-7.827	-0.185	0.224
-14.0	-0.814	0.08909	-0.023	0.481	0.004	0.996	0.128	-9.132	0.786	0.222
-13.0	-0.806	0.07386	-0.025	0.440	0.004	0.997	0.179	-10.916	0.718	0.219
-12.0	-0.801	0.05320	-0.029	0.410	0.004	0.996	0.309	-15.057	-0.056	0.214
-11.0	-0.840	0.02215	-0.035	0.397	0.005	0.997	0.774	-37.924	-1.123	0.208
-10.0	-0.808	0.01736	-0.038	0.363	0.005	0.997	0.950	-46.530	0.286	0.203
-9.0	-0.736	0.01194	-0.039	0.349	0.005	0.997	0.982	-61.676	0.265	0.197
-8.0	-0.649	0.01221	-0.040	0.317	0.006	0.997	0.990	-53.135	0.262	0.188
-7.0	-0.551	0.01144	-0.041	0.300	0.007	0.997	0.992	-48.165	0.261	0.175
-6.0	-0.445	0.01099	-0.042	0.266	0.010	0.997	0.994	-40.536	0.260	0.155
-5.0	-0.334	0.01054	-0.044	0.250	0.014	0.997	0.995	-31.723	0.260	0.120
-4.0	-0.219	0.01032	-0.045	0.216	0.018	0.997	0.997	-21.211	0.260	0.046
-3.0	-0.101	0.01100	-0.046	0.192	0.025	0.997	0.997	-9.210	0.260	-0.203
-2.0	0.017	0.01082	-0.047	0.167	0.035	0.996	0.998	1.608	0.260	2.957
-1.0	0.137	0.01080	-0.048	0.137	0.052	0.996	0.998	12.641	0.260	0.604
0.0	0.256	0.01078	-0.050	0.110	0.073	0.996	0.998	23.700	0.260	0.444
1.0	0.374	0.01094	-0.051	0.086	0.099	0.995	0.998	34.224	0.260	0.386
2.0	0.493	0.01121	-0.052	0.061	0.124	0.995	0.998	43.975	0.261	0.356
3.0	0.610	0.01157	-0.053	0.040	0.149	0.994	0.998	52.740	0.261	0.337
4.0	0.726	0.01212	-0.055	0.026	0.179	0.993	0.998	59.904	0.261	0.325
5.0	0.839	0.01276	-0.056	0.016	0.213	0.992	0.999	65.751	0.261	0.317
6.0	0.948	0.01352	-0.057	0.012	0.248	0.990	0.999	70.127	0.262	0.310
7.0	1.048	0.01271	-0.058	0.009	0.278	0.988	0.999	82.466	0.263	0.306
8.0	1.138	0.01815	-0.060	0.006	0.318	0.981	0.999	62.697	0.264	0.302
9.0	1.215	0.01969	-0.061	0.005	0.376	0.972	0.999	61.702	0.267	0.300
10.0	1.277	0.02147	-0.062	0.004	0.447	0.958	0.999	59.455	0.270	0.298
11.0	1.320	0.02383	-0.063	0.003	0.467	0.932	0.999	55.375	0.276	0.298
12.0	1.341	0.02680	-0.064	0.003	0.505	0.890	0.999	50.023	0.302	0.297
13.0	1.339	0.03103	-0.064	0.003	0.545	0.825	0.999	43.132	0.259	0.298
14.0	1.307	0.03890	-0.063	0.003	0.588	0.714	0.999	33.603	0.276	0.298
15.0	1.252	0.05271	-0.062	0.003	0.640	0.569	0.999	23.760	0.282	0.299
16.0	1.190	0.07130	-0.059	0.003	0.703	0.434	0.999	16.685	0.301	0.300
17.0	1.105	0.10634	-0.054	0.003	0.765	0.246	0.999	10.390	0.311	0.299
18.0	1.042	0.13313	-0.050	0.003	0.836	0.159	0.999	7.823	0.318	0.298
19.0	0.979	0.16452	-0.045	0.002	0.890	0.088	0.999	5.948	0.304	0.296
20.0	0.908	0.18998	-0.043	0.001	0.928	0.062	0.999	4.780	0.283	0.297

Name = NACA 2411
Mach = 0; Re = 3230000; T.U. = 1.0; T.L. = 1.0
Surface Finish = 2; Stall model = 0; Transition model = 1; Aspect Ratio = 0; ground effect = 0
?	Cl	Cd	Cm 0.25	T.U.	T.L.	S.U.	S.L.	L/D	A.C.	C.P.
[°]	[-]	[-]	[-]	[-]	[-]	[-]	[-]	[-]	[-]	[-]
-20.0	-0.661	0.20341	-0.015	0.666	0.001	0.996	0.038	-3.251	0.235	0.227
-19.0	-0.703	0.18262	-0.016	0.628	0.001	0.996	0.041	-3.850	0.234	0.227
-18.0	-0.742	0.16254	-0.017	0.600	0.002	0.996	0.044	-4.565	0.224	0.227
-17.0	-0.778	0.14067	-0.018	0.562	0.002	0.996	0.057	-5.530	0.200	0.227
-16.0	-0.808	0.11697	-0.020	0.523	0.004	0.996	0.086	-6.905	0.160	0.225
-15.0	-0.815	0.10230	-0.021	0.493	0.004	0.997	0.104	-7.967	-0.136	0.224
-14.0	-0.816	0.08680	-0.023	0.451	0.004	0.997	0.140	-9.401	1.089	0.221
-13.0	-0.810	0.07097	-0.026	0.414	0.004	0.997	0.198	-11.414	1.089	0.218
-12.0	-0.809	0.04903	-0.029	0.399	0.004	0.996	0.350	-16.495	-0.014	0.214
-11.0	-0.849	0.02052	-0.036	0.367	0.005	0.997	0.824	-41.363	-10.836	0.208
-10.0	-0.809	0.01681	-0.038	0.352	0.005	0.997	0.961	-48.142	0.279	0.203
-9.0	-0.737	0.01164	-0.039	0.326	0.005	0.997	0.984	-63.272	0.264	0.197
-8.0	-0.649	0.01196	-0.040	0.303	0.006	0.997	0.990	-54.272	0.262	0.188
-7.0	-0.551	0.01124	-0.041	0.277	0.007	0.997	0.992	-49.016	0.261	0.175
-6.0	-0.446	0.01082	-0.042	0.255	0.009	0.997	0.994	-41.167	0.260	0.155
-5.0	-0.334	0.01042	-0.044	0.226	0.014	0.997	0.995	-32.063	0.260	0.120
-4.0	-0.219	0.01013	-0.045	0.207	0.017	0.997	0.997	-21.619	0.260	0.046
-3.0	-0.101	0.01082	-0.046	0.176	0.023	0.997	0.998	-9.364	0.260	-0.203
-2.0	0.017	0.01064	-0.047	0.154	0.033	0.997	0.998	1.635	0.260	2.957
-1.0	0.137	0.01061	-0.048	0.130	0.049	0.996	0.998	12.874	0.260	0.604
0.0	0.256	0.01063	-0.050	0.101	0.068	0.996	0.998	24.047	0.260	0.444
1.0	0.374	0.01081	-0.051	0.076	0.090	0.995	0.998	34.634	0.260	0.386
2.0	0.493	0.01106	-0.052	0.054	0.113	0.995	0.998	44.557	0.261	0.356
3.0	0.610	0.01140	-0.053	0.036	0.140	0.994	0.998	53.558	0.261	0.337
4.0	0.726	0.01191	-0.055	0.024	0.171	0.993	0.999	60.929	0.261	0.325
5.0	0.839	0.01248	-0.056	0.015	0.198	0.992	0.999	67.226	0.261	0.317
6.0	0.948	0.01323	-0.057	0.011	0.226	0.991	0.999	71.643	0.262	0.310
7.0	1.048	0.01249	-0.058	0.009	0.261	0.989	0.999	83.886	0.263	0.306
8.0	1.138	0.01336	-0.060	0.006	0.301	0.982	0.999	85.174	0.264	0.302
9.0	1.215	0.01935	-0.061	0.004	0.338	0.974	0.999	62.819	0.267	0.300
10.0	1.277	0.02104	-0.062	0.004	0.400	0.960	0.999	60.701	0.270	0.298
11.0	1.321	0.02327	-0.063	0.003	0.451	0.937	0.999	56.770	0.276	0.298
12.0	1.343	0.02614	-0.064	0.003	0.472	0.898	0.999	51.369	0.303	0.297
13.0	1.342	0.03010	-0.064	0.003	0.509	0.837	0.999	44.585	0.252	0.298
14.0	1.313	0.03725	-0.064	0.003	0.553	0.734	0.999	35.242	0.272	0.298
15.0	1.261	0.04959	-0.062	0.003	0.595	0.598	0.999	25.419	0.282	0.299
16.0	1.193	0.06917	-0.060	0.003	0.644	0.449	0.999	17.253	0.295	0.300
17.0	1.115	0.09944	-0.056	0.003	0.703	0.284	0.999	11.210	0.305	0.300
18.0	1.048	0.12735	-0.052	0.003	0.763	0.184	0.999	8.226	0.327	0.299
19.0	0.978	0.16592	-0.045	0.001	0.833	0.083	0.999	5.892	0.312	0.296
20.0	0.908	0.19076	-0.043	0.001	0.888	0.062	0.999	4.761	0.277	0.297

Name = NACA 2411
Mach = 0; Re = 3630000; T.U. = 1.0; T.L. = 1.0
Surface Finish = 2; Stall model = 0; Transition model = 1; Aspect Ratio = 0; ground effect = 0
?	Cl	Cd	Cm 0.25	T.U.	T.L.	S.U.	S.L.	L/D	A.C.	C.P.
[°]	[-]	[-]	[-]	[-]	[-]	[-]	[-]	[-]	[-]	[-]
-20.0	-0.661	0.20004	-0.016	0.633	0.001	0.996	0.038	-3.306	0.235	0.227
-19.0	-0.703	0.17976	-0.016	0.607	0.001	0.996	0.042	-3.911	0.235	0.227
-18.0	-0.742	0.15997	-0.017	0.565	0.001	0.996	0.044	-4.638	0.225	0.227
-17.0	-0.778	0.14052	-0.018	0.530	0.002	0.996	0.057	-5.536	0.203	0.227
-16.0	-0.807	0.11850	-0.020	0.504	0.003	0.996	0.080	-6.808	0.155	0.225
-15.0	-0.817	0.10037	-0.022	0.458	0.004	0.997	0.113	-8.138	-0.077	0.223
-14.0	-0.819	0.08454	-0.024	0.421	0.004	0.997	0.153	-9.683	1.546	0.221
-13.0	-0.814	0.06840	-0.026	0.403	0.004	0.997	0.217	-11.895	2.027	0.218
-12.0	-0.815	0.04591	-0.030	0.377	0.004	0.997	0.384	-17.751	-0.002	0.213
-11.0	-0.853	0.01968	-0.036	0.356	0.005	0.997	0.849	-43.350	1.864	0.208
-10.0	-0.810	0.01646	-0.038	0.345	0.005	0.997	0.964	-49.200	0.277	0.203
-9.0	-0.737	0.01148	-0.039	0.309	0.005	0.997	0.985	-64.148	0.264	0.197
-8.0	-0.649	0.01176	-0.040	0.296	0.006	0.997	0.991	-55.199	0.262	0.188
-7.0	-0.551	0.01118	-0.041	0.262	0.006	0.997	0.992	-49.281	0.261	0.175
-6.0	-0.446	0.01062	-0.042	0.247	0.009	0.997	0.994	-41.955	0.260	0.155
-5.0	-0.334	0.01024	-0.044	0.214	0.014	0.997	0.996	-32.650	0.260	0.120
-4.0	-0.219	0.01004	-0.045	0.191	0.016	0.997	0.997	-21.806	0.260	0.046
-3.0	-0.101	0.01075	-0.046	0.168	0.021	0.997	0.998	-9.425	0.260	-0.203
-2.0	0.017	0.01050	-0.047	0.140	0.032	0.997	0.998	1.656	0.260	2.957
-1.0	0.137	0.01048	-0.048	0.120	0.047	0.997	0.998	13.032	0.260	0.604
0.0	0.256	0.01052	-0.050	0.095	0.063	0.996	0.998	24.286	0.260	0.444
1.0	0.374	0.01066	-0.051	0.070	0.083	0.996	0.998	35.108	0.260	0.386
2.0	0.493	0.01090	-0.052	0.049	0.107	0.995	0.998	45.197	0.261	0.356
3.0	0.610	0.01131	-0.053	0.033	0.134	0.994	0.998	53.981	0.261	0.337
4.0	0.726	0.01172	-0.055	0.022	0.160	0.994	0.999	61.920	0.261	0.325
5.0	0.839	0.01230	-0.056	0.014	0.183	0.993	0.999	68.216	0.261	0.317
6.0	0.948	0.01302	-0.057	0.011	0.216	0.991	0.999	72.827	0.262	0.310
7.0	1.048	0.01232	-0.058	0.008	0.252	0.989	0.999	85.052	0.263	0.306
8.0	1.138	0.01316	-0.060	0.005	0.276	0.983	0.999	86.473	0.265	0.302
9.0	1.216	0.01902	-0.061	0.004	0.312	0.976	0.999	63.913	0.267	0.300
10.0	1.278	0.02073	-0.062	0.004	0.359	0.962	0.999	61.647	0.270	0.298
11.0	1.322	0.02282	-0.063	0.003	0.414	0.940	0.999	57.926	0.277	0.298
12.0	1.345	0.02555	-0.064	0.003	0.455	0.904	0.999	52.623	0.303	0.297
13.0	1.344	0.02953	-0.064	0.003	0.481	0.844	0.999	45.507	0.245	0.298
14.0	1.318	0.03589	-0.064	0.003	0.515	0.751	0.999	36.706	0.269	0.298
15.0	1.267	0.04722	-0.063	0.003	0.558	0.622	0.999	26.832	0.278	0.299
16.0	1.201	0.06523	-0.061	0.003	0.605	0.478	0.999	18.416	0.290	0.300
17.0	1.124	0.09326	-0.057	0.003	0.655	0.319	0.999	12.050	0.308	0.301
18.0	1.047	0.12768	-0.052	0.002	0.707	0.180	0.999	8.198	0.334	0.299
19.0	0.976	0.16818	-0.044	0.001	0.765	0.078	0.999	5.805	0.310	0.296
20.0	0.908	0.19026	-0.043	0.001	0.835	0.063	0.999	4.774	0.267	0.298

Name = NACA 2411
Mach = 0; Re = 4030000; T.U. = 1.0; T.L. = 1.0
Surface Finish = 2; Stall model = 0; Transition model = 1; Aspect Ratio = 0; ground effect = 0
?	Cl	Cd	Cm 0.25	T.U.	T.L.	S.U.	S.L.	L/D	A.C.	C.P.
[°]	[-]	[-]	[-]	[-]	[-]	[-]	[-]	[-]	[-]	[-]
-20.0	-0.661	0.19829	-0.016	0.611	0.001	0.996	0.039	-3.336	0.235	0.226
-19.0	-0.703	0.17832	-0.016	0.572	0.001	0.996	0.042	-3.944	0.235	0.227
-18.0	-0.742	0.15877	-0.017	0.545	0.001	0.996	0.045	-4.674	0.225	0.227
-17.0	-0.778	0.14025	-0.018	0.509	0.002	0.997	0.057	-5.547	0.205	0.227
-16.0	-0.806	0.11915	-0.020	0.469	0.003	0.997	0.078	-6.766	0.152	0.226
-15.0	-0.818	0.09854	-0.022	0.434	0.004	0.997	0.120	-8.304	-0.058	0.223
-14.0	-0.820	0.08325	-0.024	0.408	0.004	0.997	0.159	-9.848	1.978	0.221
-13.0	-0.816	0.06675	-0.026	0.397	0.004	0.997	0.228	-12.222	-1.190	0.218
-12.0	-0.825	0.04157	-0.031	0.361	0.004	0.997	0.435	-19.837	0.013	0.213
-11.0	-0.858	0.01889	-0.036	0.349	0.005	0.997	0.875	-45.414	0.771	0.208
-10.0	-0.811	0.01621	-0.038	0.318	0.005	0.997	0.968	-49.993	0.274	0.203
-9.0	-0.737	0.01128	-0.039	0.301	0.005	1.000	0.987	-65.335	0.264	0.197
-8.0	-0.649	0.01167	-0.040	0.272	0.005	0.997	0.991	-55.589	0.262	0.188
-7.0	-0.551	0.01097	-0.041	0.253	0.006	0.997	0.993	-50.217	0.261	0.175
-6.0	-0.446	0.01061	-0.042	0.224	0.008	0.997	0.994	-42.010	0.260	0.155
-5.0	-0.334	0.01010	-0.044	0.208	0.013	0.997	0.996	-33.109	0.260	0.120
-4.0	-0.219	0.00994	-0.045	0.177	0.016	0.997	0.997	-22.032	0.260	0.046
-3.0	-0.101	0.01055	-0.046	0.164	0.020	0.997	0.998	-9.597	0.260	-0.203
-2.0	0.017	0.01040	-0.047	0.133	0.031	0.997	0.998	1.673	0.260	2.957
-1.0	0.137	0.01039	-0.048	0.108	0.043	0.997	0.998	13.141	0.260	0.604
0.0	0.256	0.01038	-0.050	0.091	0.059	0.996	0.998	24.625	0.260	0.444
1.0	0.374	0.01051	-0.051	0.067	0.078	0.996	0.998	35.623	0.260	0.386
2.0	0.493	0.01075	-0.052	0.046	0.103	0.995	0.998	45.843	0.261	0.356
3.0	0.610	0.01115	-0.053	0.030	0.128	0.995	0.998	54.734	0.261	0.337
4.0	0.726	0.01158	-0.055	0.020	0.148	0.994	0.999	62.715	0.261	0.325
5.0	0.839	0.01217	-0.056	0.014	0.176	0.993	0.999	68.968	0.261	0.317
6.0	0.948	0.01283	-0.057	0.011	0.210	0.991	0.999	73.866	0.262	0.310
7.0	1.048	0.01370	-0.058	0.007	0.230	0.990	0.999	76.508	0.263	0.306
8.0	1.138	0.01295	-0.060	0.005	0.263	0.984	0.999	87.883	0.265	0.302
9.0	1.216	0.01869	-0.061	0.004	0.301	0.977	0.999	65.090	0.267	0.300
10.0	1.278	0.02039	-0.062	0.004	0.333	0.964	0.999	62.701	0.270	0.298
11.0	1.322	0.02250	-0.063	0.003	0.388	0.943	0.999	58.778	0.277	0.298
12.0	1.346	0.02505	-0.064	0.003	0.439	0.910	0.999	53.737	0.303	0.297
13.0	1.346	0.02882	-0.064	0.003	0.462	0.852	0.999	46.713	0.239	0.298
14.0	1.321	0.03476	-0.064	0.003	0.499	0.764	0.999	38.008	0.269	0.298
15.0	1.269	0.04636	-0.063	0.002	0.526	0.629	0.999	27.368	0.276	0.299
16.0	1.207	0.06211	-0.061	0.003	0.566	0.501	0.999	19.441	0.286	0.301
17.0	1.131	0.08853	-0.058	0.003	0.612	0.346	0.999	12.774	0.319	0.301
18.0	1.038	0.13579	-0.049	0.002	0.661	0.145	0.999	7.643	0.335	0.298
19.0	0.977	0.16730	-0.045	0.001	0.714	0.081	0.999	5.839	0.297	0.296
20.0	0.908	0.18964	-0.043	0.001	0.773	0.063	0.999	4.791	0.270	0.298

Name = NACA 2411
Mach = 0; Re = 4430000; T.U. = 1.0; T.L. = 1.0
Surface Finish = 2; Stall model = 0; Transition model = 1; Aspect Ratio = 0; ground effect = 0
?	Cl	Cd	Cm 0.25	T.U.	T.L.	S.U.	S.L.	L/D	A.C.	C.P.
[°]	[-]	[-]	[-]	[-]	[-]	[-]	[-]	[-]	[-]	[-]
-20.0	-0.662	0.19773	-0.016	0.583	0.001	0.996	0.039	-3.346	0.235	0.226
-19.0	-0.703	0.17784	-0.016	0.557	0.001	0.996	0.043	-3.955	0.234	0.227
-18.0	-0.742	0.15848	-0.017	0.517	0.001	0.996	0.047	-4.685	0.225	0.227
-17.0	-0.778	0.13915	-0.018	0.489	0.001	0.997	0.059	-5.593	0.208	0.227
-16.0	-0.806	0.12009	-0.020	0.452	0.002	0.997	0.075	-6.709	0.151	0.226
-15.0	-0.820	0.09707	-0.022	0.415	0.004	0.997	0.126	-8.442	-0.040	0.223
-14.0	-0.822	0.08157	-0.024	0.400	0.004	0.997	0.168	-10.071	8.095	0.221
-13.0	-0.819	0.06456	-0.027	0.371	0.004	0.997	0.245	-12.685	-0.376	0.217
-12.0	-0.833	0.03798	-0.031	0.353	0.004	0.997	0.481	-21.935	0.019	0.212
-11.0	-0.861	0.01834	-0.036	0.338	0.005	0.997	0.894	-46.955	0.555	0.208
-10.0	-0.811	0.01592	-0.038	0.307	0.005	0.997	0.971	-50.960	0.272	0.203
-9.0	-0.737	0.01116	-0.039	0.296	0.005	1.000	0.987	-66.013	0.264	0.197
-8.0	-0.649	0.01151	-0.040	0.260	0.005	0.997	0.991	-56.375	0.262	0.188
-7.0	-0.551	0.01090	-0.041	0.249	0.006	0.997	0.993	-50.549	0.261	0.175
-6.0	-0.446	0.01043	-0.042	0.215	0.008	0.997	0.995	-42.703	0.260	0.155
-5.0	-0.334	0.01000	-0.044	0.199	0.013	0.997	0.996	-33.425	0.260	0.120
-4.0	-0.219	0.00977	-0.045	0.171	0.015	1.000	0.997	-22.401	0.260	0.046
-3.0	-0.101	0.01046	-0.046	0.147	0.019	0.997	0.998	-9.681	0.260	-0.203
-2.0	0.017	0.01026	-0.047	0.128	0.029	0.997	0.998	1.695	0.260	2.958
-1.0	0.137	0.01026	-0.048	0.101	0.040	0.997	0.998	13.310	0.260	0.604
0.0	0.256	0.01033	-0.050	0.081	0.055	0.997	0.998	24.751	0.260	0.444
1.0	0.374	0.01041	-0.051	0.064	0.075	0.996	0.998	35.962	0.260	0.386
2.0	0.493	0.01068	-0.052	0.043	0.100	0.995	0.998	46.145	0.261	0.356
3.0	0.610	0.01102	-0.053	0.028	0.118	0.995	0.998	55.399	0.261	0.337
4.0	0.726	0.01142	-0.055	0.019	0.141	0.994	0.999	63.565	0.261	0.325
5.0	0.839	0.01202	-0.056	0.013	0.171	0.993	0.999	69.839	0.261	0.317
6.0	0.948	0.01265	-0.057	0.010	0.193	0.992	0.999	74.961	0.262	0.310
7.0	1.048	0.01347	-0.058	0.007	0.220	0.990	0.999	77.819	0.263	0.306
8.0	1.139	0.01276	-0.060	0.005	0.255	0.985	0.999	89.215	0.265	0.302
9.0	1.217	0.01843	-0.061	0.004	0.281	0.978	0.999	66.012	0.267	0.300
10.0	1.279	0.02007	-0.062	0.004	0.314	0.966	0.999	63.706	0.270	0.298
11.0	1.323	0.02214	-0.063	0.003	0.358	0.945	0.999	59.747	0.277	0.298
12.0	1.347	0.02470	-0.064	0.003	0.408	0.913	0.999	54.545	0.304	0.297
13.0	1.348	0.02821	-0.064	0.003	0.451	0.860	0.999	47.794	0.230	0.298
14.0	1.325	0.03382	-0.064	0.003	0.470	0.777	0.999	39.171	0.266	0.299
15.0	1.274	0.04456	-0.063	0.002	0.507	0.647	0.999	28.587	0.274	0.300
16.0	1.213	0.05931	-0.062	0.003	0.545	0.523	0.999	20.460	0.283	0.301
17.0	1.137	0.08449	-0.059	0.003	0.579	0.370	0.999	13.458	0.323	0.302
18.0	1.036	0.13762	-0.049	0.001	0.623	0.136	0.999	7.525	0.336	0.297
19.0	0.977	0.16686	-0.045	0.001	0.671	0.081	0.999	5.856	0.293	0.296
20.0	0.908	0.18848	-0.043	0.001	0.724	0.063	0.999	4.820	0.271	0.298

Name = NACA 2411
Mach = 0; Re = 4830000; T.U. = 1.0; T.L. = 1.0
Surface Finish = 2; Stall model = 0; Transition model = 1; Aspect Ratio = 0; ground effect = 0
?	Cl	Cd	Cm 0.25	T.U.	T.L.	S.U.	S.L.	L/D	A.C.	C.P.
[°]	[-]	[-]	[-]	[-]	[-]	[-]	[-]	[-]	[-]	[-]
-20.0	-0.662	0.19823	-0.016	0.563	0.001	0.996	0.040	-3.338	0.236	0.226
-19.0	-0.703	0.17510	-0.016	0.530	0.001	0.996	0.043	-4.017	0.235	0.227
-18.0	-0.743	0.15832	-0.017	0.505	0.001	0.997	0.047	-4.690	0.225	0.227
-17.0	-0.778	0.13913	-0.018	0.463	0.001	0.997	0.059	-5.593	0.207	0.227
-16.0	-0.806	0.11923	-0.020	0.429	0.002	0.997	0.077	-6.761	0.156	0.226
-15.0	-0.817	0.09960	-0.022	0.406	0.003	0.997	0.115	-8.205	-0.021	0.223
-14.0	-0.824	0.07969	-0.024	0.391	0.004	0.997	0.179	-10.337	-0.835	0.220
-13.0	-0.822	0.06243	-0.027	0.360	0.004	0.997	0.261	-13.166	-0.191	0.217
-12.0	-0.841	0.03500	-0.032	0.349	0.004	0.997	0.522	-24.017	0.017	0.212
-11.0	-0.863	0.01801	-0.037	0.317	0.005	0.997	0.903	-47.894	0.463	0.208
-10.0	-0.812	0.01572	-0.038	0.301	0.004	0.997	0.974	-51.621	0.271	0.203
-9.0	-0.737	0.01106	-0.039	0.272	0.005	1.000	0.988	-66.656	0.264	0.197
-8.0	-0.649	0.01139	-0.040	0.254	0.005	0.997	0.991	-56.973	0.261	0.188
-7.0	-0.551	0.01080	-0.041	0.227	0.006	0.997	0.993	-51.035	0.261	0.175
-6.0	-0.446	0.01029	-0.042	0.210	0.008	0.997	0.995	-43.292	0.260	0.155
-5.0	-0.334	0.00992	-0.044	0.182	0.012	0.997	0.996	-33.694	0.260	0.120
-4.0	-0.219	0.00972	-0.045	0.166	0.015	1.000	0.997	-22.516	0.260	0.046
-3.0	-0.101	0.01038	-0.046	0.138	0.019	1.000	0.998	-9.760	0.260	-0.204
-2.0	0.017	0.01021	-0.047	0.125	0.028	0.997	0.998	1.704	0.260	2.958
-1.0	0.137	0.01017	-0.048	0.098	0.038	0.997	0.998	13.426	0.260	0.604
0.0	0.256	0.01023	-0.050	0.075	0.053	0.997	0.998	24.988	0.260	0.444
1.0	0.374	0.01033	-0.051	0.058	0.073	0.996	0.998	36.258	0.260	0.386
2.0	0.493	0.01055	-0.052	0.042	0.094	0.996	0.998	46.729	0.261	0.356
3.0	0.610	0.01087	-0.053	0.027	0.111	0.995	0.999	56.135	0.261	0.337
4.0	0.726	0.01130	-0.055	0.018	0.137	0.994	0.999	64.257	0.261	0.325
5.0	0.839	0.01183	-0.056	0.013	0.165	0.993	0.999	70.927	0.261	0.317
6.0	0.948	0.01252	-0.057	0.010	0.183	0.992	0.999	75.754	0.262	0.310
7.0	1.048	0.01338	-0.058	0.007	0.214	0.990	0.999	78.387	0.263	0.306
8.0	1.139	0.01265	-0.060	0.005	0.242	0.986	0.999	90.034	0.265	0.302
9.0	1.217	0.01818	-0.061	0.004	0.268	0.979	0.999	66.931	0.267	0.300
10.0	1.279	0.01980	-0.062	0.004	0.304	0.968	0.999	64.612	0.271	0.298
11.0	1.324	0.02182	-0.063	0.003	0.339	0.948	0.999	60.678	0.278	0.298
12.0	1.348	0.02430	-0.064	0.003	0.386	0.916	0.999	55.481	0.304	0.297
13.0	1.350	0.02765	-0.064	0.003	0.429	0.866	0.999	48.813	0.223	0.298
14.0	1.327	0.03296	-0.064	0.003	0.458	0.787	0.999	40.277	0.263	0.299
15.0	1.278	0.04306	-0.063	0.002	0.487	0.663	0.999	29.687	0.272	0.300
16.0	1.219	0.05700	-0.062	0.003	0.517	0.542	0.999	21.377	0.286	0.301
17.0	1.135	0.08571	-0.058	0.002	0.558	0.361	0.999	13.238	0.326	0.301
18.0	1.033	0.13958	-0.048	0.001	0.602	0.125	0.999	7.401	0.334	0.296
19.0	0.978	0.16506	-0.045	0.001	0.640	0.085	0.999	5.925	0.285	0.296
20.0	0.909	0.18755	-0.044	0.001	0.687	0.066	0.999	4.847	0.272	0.298

Name = NACA 2411
Mach = 0; Re = 5230000; T.U. = 1.0; T.L. = 1.0
Surface Finish = 2; Stall model = 0; Transition model = 1; Aspect Ratio = 0; ground effect = 0
?	Cl	Cd	Cm 0.25	T.U.	T.L.	S.U.	S.L.	L/D	A.C.	C.P.
[°]	[-]	[-]	[-]	[-]	[-]	[-]	[-]	[-]	[-]	[-]
-20.0	-0.662	0.19910	-0.016	0.554	0.001	0.996	0.040	-3.323	0.236	0.226
-19.0	-0.703	0.17576	-0.016	0.513	0.001	0.996	0.043	-4.002	0.234	0.227
-18.0	-0.743	0.15758	-0.017	0.481	0.001	0.997	0.048	-4.713	0.223	0.227
-17.0	-0.779	0.13847	-0.018	0.451	0.001	0.997	0.060	-5.623	0.213	0.227
-16.0	-0.805	0.12052	-0.019	0.414	0.002	0.997	0.071	-6.677	0.167	0.226
-15.0	-0.814	0.10258	-0.021	0.400	0.003	0.997	0.099	-7.937	-0.008	0.224
-14.0	-0.826	0.07800	-0.025	0.370	0.004	0.997	0.190	-10.588	-0.302	0.220
-13.0	-0.825	0.06029	-0.027	0.353	0.004	0.997	0.278	-13.690	-0.159	0.217
-12.0	-0.844	0.03372	-0.032	0.340	0.004	0.997	0.539	-25.026	0.015	0.212
-11.0	-0.865	0.01763	-0.037	0.308	0.005	0.997	0.914	-49.027	0.438	0.208
-10.0	-0.812	0.01552	-0.038	0.296	0.004	0.997	0.976	-52.325	0.271	0.203
-9.0	-0.737	0.01142	-0.039	0.262	0.005	1.000	0.989	-64.548	0.264	0.197
-8.0	-0.649	0.01128	-0.040	0.251	0.005	1.000	0.991	-57.518	0.262	0.188
-7.0	-0.551	0.01062	-0.041	0.218	0.006	1.000	0.993	-51.891	0.261	0.175
-6.0	-0.446	0.01020	-0.042	0.206	0.007	1.000	0.995	-43.670	0.260	0.155
-5.0	-0.334	0.00985	-0.044	0.174	0.012	1.000	0.996	-33.953	0.260	0.120
-4.0	-0.219	0.01118	-0.045	0.164	0.015	1.000	0.997	-19.580	0.260	0.046
-3.0	-0.101	0.01033	-0.046	0.133	0.018	1.000	0.998	-9.803	0.260	-0.204
-2.0	0.017	0.01009	-0.047	0.112	0.028	1.000	0.998	1.725	0.260	2.959
-1.0	0.137	0.01008	-0.048	0.095	0.036	0.997	0.998	13.551	0.260	0.604
0.0	0.256	0.01010	-0.050	0.071	0.051	0.997	0.998	25.312	0.260	0.444
1.0	0.374	0.01025	-0.051	0.053	0.071	0.996	0.998	36.521	0.260	0.386
2.0	0.493	0.01042	-0.052	0.040	0.087	0.996	0.998	47.288	0.261	0.356
3.0	0.610	0.01082	-0.053	0.026	0.107	0.995	0.999	56.424	0.261	0.337
4.0	0.726	0.01120	-0.055	0.017	0.134	0.994	0.999	64.805	0.261	0.325
5.0	0.839	0.01173	-0.056	0.012	0.153	0.994	0.999	71.575	0.261	0.317
6.0	0.948	0.01243	-0.057	0.010	0.177	0.992	0.999	76.303	0.262	0.310
7.0	1.048	0.01326	-0.058	0.006	0.210	0.990	0.999	79.058	0.263	0.306
8.0	1.139	0.01252	-0.060	0.004	0.228	0.987	0.999	90.960	0.265	0.302
9.0	1.217	0.01795	-0.061	0.004	0.260	0.980	0.999	67.807	0.267	0.300
10.0	1.280	0.01958	-0.062	0.003	0.296	0.969	0.999	65.350	0.271	0.298
11.0	1.325	0.02155	-0.063	0.003	0.319	0.951	0.999	61.470	0.278	0.298
12.0	1.349	0.02395	-0.064	0.003	0.361	0.920	0.999	56.324	0.304	0.297
13.0	1.352	0.02720	-0.065	0.003	0.407	0.872	0.999	49.690	0.219	0.298
14.0	1.329	0.03242	-0.065	0.002	0.451	0.793	0.999	41.000	0.261	0.299
15.0	1.282	0.04173	-0.064	0.002	0.467	0.677	0.999	30.725	0.270	0.300
16.0	1.223	0.05496	-0.062	0.003	0.504	0.559	0.999	22.253	0.296	0.301
17.0	1.120	0.09459	-0.056	0.002	0.534	0.304	0.999	11.839	0.326	0.300
18.0	1.033	0.13957	-0.048	0.001	0.570	0.125	0.999	7.400	0.332	0.296
19.0	0.977	0.16633	-0.045	0.001	0.613	0.079	0.999	5.871	0.285	0.296
20.0	0.909	0.18726	-0.044	0.001	0.659	0.066	0.999	4.854	0.264	0.298

Name = NACA 2411
Mach = 0; Re = 5630000; T.U. = 1.0; T.L. = 1.0
Surface Finish = 2; Stall model = 0; Transition model = 1; Aspect Ratio = 0; ground effect = 0
?	Cl	Cd	Cm 0.25	T.U.	T.L.	S.U.	S.L.	L/D	A.C.	C.P.
[°]	[-]	[-]	[-]	[-]	[-]	[-]	[-]	[-]	[-]	[-]
-20.0	-0.662	0.19688	-0.016	0.525	0.001	0.996	0.040	-3.361	0.235	0.226
-19.0	-0.703	0.17723	-0.016	0.504	0.001	0.997	0.044	-3.969	0.233	0.227
-18.0	-0.743	0.15713	-0.017	0.462	0.001	0.997	0.049	-4.728	0.227	0.227
-17.0	-0.778	0.13928	-0.018	0.430	0.001	0.997	0.056	-5.585	0.215	0.227
-16.0	-0.805	0.12113	-0.019	0.406	0.002	0.997	0.071	-6.644	0.165	0.226
-15.0	-0.813	0.10358	-0.021	0.397	0.002	0.997	0.095	-7.852	0.002	0.224
-14.0	-0.828	0.07649	-0.025	0.360	0.004	0.997	0.199	-10.821	-0.244	0.220
-13.0	-0.826	0.05951	-0.027	0.349	0.004	0.997	0.284	-13.887	-0.083	0.217
-12.0	-0.850	0.03146	-0.032	0.319	0.004	0.997	0.573	-27.023	0.019	0.212
-11.0	-0.866	0.01732	-0.037	0.302	0.005	0.997	0.923	-50.014	0.398	0.208
-10.0	-0.812	0.01531	-0.038	0.278	0.004	1.000	0.977	-53.040	0.270	0.203
-9.0	-0.737	0.01237	-0.039	0.256	0.005	1.000	0.989	-59.592	0.263	0.197
-8.0	-0.649	0.01116	-0.040	0.238	0.005	1.000	0.992	-58.175	0.262	0.188
-7.0	-0.551	0.01058	-0.041	0.212	0.006	1.000	0.993	-52.098	0.261	0.175
-6.0	-0.446	0.01018	-0.042	0.194	0.007	1.000	0.995	-43.787	0.260	0.155
-5.0	-0.334	0.00974	-0.044	0.170	0.011	1.000	0.997	-34.306	0.260	0.120
-4.0	-0.219	0.01118	-0.045	0.148	0.014	1.000	0.997	-19.591	0.260	0.046
-3.0	-0.101	0.01098	-0.046	0.130	0.017	1.000	0.998	-9.228	0.260	-0.204
-2.0	0.017	0.01006	-0.047	0.105	0.027	1.000	0.998	1.730	0.260	2.959
-1.0	0.137	0.00999	-0.048	0.093	0.034	0.997	0.998	13.667	0.260	0.604
0.0	0.256	0.01005	-0.050	0.069	0.049	0.997	0.998	25.429	0.260	0.444
1.0	0.374	0.01012	-0.051	0.050	0.068	0.997	0.998	37.007	0.260	0.386
2.0	0.493	0.01039	-0.052	0.036	0.083	0.996	0.998	47.423	0.261	0.356
3.0	0.610	0.01068	-0.053	0.025	0.105	0.995	0.999	57.170	0.261	0.337
4.0	0.726	0.01110	-0.055	0.016	0.132	0.995	0.999	65.448	0.261	0.325
5.0	0.839	0.01166	-0.056	0.012	0.145	0.994	0.999	71.971	0.261	0.317
6.0	0.948	0.01224	-0.057	0.010	0.174	0.992	0.999	77.463	0.262	0.310
7.0	1.049	0.01302	-0.058	0.006	0.198	0.991	0.999	80.513	0.263	0.306
8.0	1.139	0.01238	-0.060	0.004	0.220	0.988	0.999	91.983	0.265	0.302
9.0	1.217	0.01775	-0.061	0.004	0.255	0.981	0.999	68.573	0.267	0.300
10.0	1.280	0.01935	-0.062	0.003	0.276	0.970	0.999	66.154	0.271	0.298
11.0	1.325	0.02126	-0.063	0.003	0.308	0.953	0.999	62.319	0.278	0.298
12.0	1.350	0.02363	-0.064	0.003	0.350	0.923	0.999	57.120	0.304	0.297
13.0	1.353	0.02678	-0.065	0.003	0.396	0.877	0.999	50.529	0.212	0.298
14.0	1.331	0.03179	-0.065	0.002	0.430	0.801	0.999	41.879	0.259	0.299
15.0	1.286	0.04058	-0.064	0.002	0.457	0.689	0.999	31.679	0.268	0.300
16.0	1.227	0.05316	-0.063	0.003	0.485	0.574	0.999	23.084	0.300	0.301
17.0	1.113	0.09856	-0.055	0.001	0.514	0.279	0.999	11.298	0.327	0.300
18.0	1.033	0.13968	-0.048	0.001	0.556	0.124	0.999	7.393	0.327	0.296
19.0	0.977	0.16504	-0.045	0.001	0.590	0.082	0.999	5.922	0.281	0.296
20.0	0.910	0.18591	-0.044	0.001	0.628	0.069	0.999	4.893	0.263	0.298

Name = NACA 2411
Mach = 0; Re = 6030000; T.U. = 1.0; T.L. = 1.0
Surface Finish = 2; Stall model = 0; Transition model = 1; Aspect Ratio = 0; ground effect = 0
?	Cl	Cd	Cm 0.25	T.U.	T.L.	S.U.	S.L.	L/D	A.C.	C.P.
[°]	[-]	[-]	[-]	[-]	[-]	[-]	[-]	[-]	[-]	[-]
-20.0	-0.662	0.19519	-0.016	0.512	0.001	0.997	0.041	-3.391	0.236	0.226
-19.0	-0.703	0.17573	-0.016	0.483	0.001	0.997	0.044	-4.003	0.233	0.227
-18.0	-0.743	0.15590	-0.017	0.452	0.001	0.997	0.049	-4.765	0.227	0.227
-17.0	-0.778	0.13812	-0.018	0.416	0.001	0.997	0.057	-5.633	0.214	0.227
-16.0	-0.805	0.12058	-0.019	0.401	0.001	0.997	0.072	-6.676	0.167	0.226
-15.0	-0.813	0.10365	-0.021	0.374	0.002	0.997	0.095	-7.846	0.011	0.224
-14.0	-0.829	0.07515	-0.025	0.354	0.004	0.997	0.207	-11.034	-0.178	0.220
-13.0	-0.829	0.05784	-0.028	0.346	0.004	0.997	0.297	-14.332	-0.036	0.217
-12.0	-0.856	0.02954	-0.033	0.310	0.004	0.997	0.605	-28.976	0.017	0.212
-11.0	-0.868	0.01701	-0.037	0.298	0.005	1.000	0.931	-51.000	0.370	0.208
-10.0	-0.812	0.01517	-0.038	0.266	0.004	1.000	0.978	-53.532	0.269	0.203
-9.0	-0.737	0.01216	-0.039	0.252	0.005	1.000	0.989	-60.617	0.263	0.197
-8.0	-0.649	0.01113	-0.040	0.223	0.005	1.000	0.992	-58.330	0.262	0.188
-7.0	-0.551	0.01107	-0.041	0.208	0.005	1.000	0.993	-49.803	0.261	0.175
-6.0	-0.446	0.01066	-0.042	0.182	0.007	1.000	0.995	-41.789	0.260	0.155
-5.0	-0.334	0.00971	-0.044	0.167	0.010	1.000	0.997	-34.445	0.260	0.120
-4.0	-0.219	0.01114	-0.045	0.140	0.014	1.000	0.997	-19.657	0.260	0.046
-3.0	-0.101	0.01088	-0.046	0.128	0.017	1.000	0.998	-9.306	0.260	-0.204
-2.0	0.017	0.01001	-0.047	0.101	0.025	1.000	0.998	1.739	0.260	2.959
-1.0	0.137	0.00989	-0.048	0.085	0.033	1.000	0.998	13.814	0.260	0.604
0.0	0.256	0.00993	-0.050	0.067	0.048	0.997	0.998	25.752	0.260	0.444
1.0	0.374	0.01009	-0.051	0.048	0.064	0.997	0.998	37.123	0.260	0.386
2.0	0.493	0.01028	-0.052	0.034	0.080	0.996	0.998	47.969	0.261	0.356
3.0	0.610	0.01059	-0.053	0.024	0.103	0.995	0.999	57.620	0.261	0.337
4.0	0.726	0.01103	-0.055	0.015	0.122	0.995	0.999	65.833	0.261	0.325
5.0	0.839	0.01153	-0.056	0.011	0.141	0.994	0.999	72.797	0.261	0.317
6.0	0.948	0.01217	-0.057	0.009	0.171	0.992	0.999	77.944	0.262	0.310
7.0	1.049	0.01300	-0.058	0.005	0.187	0.991	0.999	80.657	0.263	0.306
8.0	1.139	0.01226	-0.060	0.004	0.216	0.988	0.999	92.929	0.265	0.302
9.0	1.217	0.01319	-0.061	0.004	0.246	0.981	0.999	92.294	0.267	0.300
10.0	1.280	0.01914	-0.062	0.003	0.266	0.972	0.999	66.878	0.271	0.298
11.0	1.326	0.02107	-0.063	0.003	0.303	0.954	0.999	62.901	0.278	0.298
12.0	1.351	0.02334	-0.064	0.003	0.329	0.927	0.999	57.875	0.304	0.297
13.0	1.354	0.02639	-0.065	0.003	0.368	0.882	0.999	51.313	0.206	0.298
14.0	1.333	0.03121	-0.065	0.002	0.410	0.808	0.999	42.724	0.257	0.299
15.0	1.289	0.03956	-0.064	0.002	0.451	0.701	0.999	32.574	0.266	0.300
16.0	1.231	0.05156	-0.063	0.003	0.467	0.588	0.999	23.871	0.304	0.301
17.0	1.107	0.10288	-0.054	0.001	0.504	0.253	0.999	10.756	0.325	0.299
18.0	1.034	0.13810	-0.048	0.001	0.532	0.130	0.999	7.489	0.323	0.297
19.0	0.977	0.16504	-0.045	0.000	0.568	0.081	0.999	5.920	0.282	0.296
20.0	0.910	0.18426	-0.044	0.001	0.610	0.071	0.999	4.940	0.256	0.299

Name = NACA 2411
Mach = 0; Re = 6430000; T.U. = 1.0; T.L. = 1.0
Surface Finish = 2; Stall model = 0; Transition model = 1; Aspect Ratio = 0; ground effect = 0
?	Cl	Cd	Cm 0.25	T.U.	T.L.	S.U.	S.L.	L/D	A.C.	C.P.
[°]	[-]	[-]	[-]	[-]	[-]	[-]	[-]	[-]	[-]	[-]
-20.0	-0.662	0.19396	-0.016	0.504	0.000	0.997	0.041	-3.412	0.235	0.226
-19.0	-0.704	0.17477	-0.016	0.464	0.001	0.997	0.044	-4.026	0.232	0.227
-18.0	-0.743	0.15488	-0.017	0.438	0.001	0.997	0.051	-4.798	0.226	0.227
-17.0	-0.778	0.13821	-0.018	0.408	0.001	0.997	0.059	-5.632	0.213	0.227
-16.0	-0.805	0.11976	-0.019	0.398	0.001	0.997	0.074	-6.725	0.170	0.226
-15.0	-0.813	0.10377	-0.021	0.363	0.002	0.997	0.094	-7.834	-0.035	0.224
-14.0	-0.822	0.08053	-0.024	0.351	0.003	0.997	0.170	-10.206	-0.122	0.221
-13.0	-0.832	0.05602	-0.028	0.328	0.004	0.997	0.313	-14.854	0.024	0.216
-12.0	-0.861	0.02782	-0.033	0.304	0.004	0.997	0.634	-30.967	0.010	0.212
-11.0	-0.869	0.01675	-0.037	0.295	0.005	1.000	0.937	-51.848	0.351	0.208
-10.0	-0.812	0.01498	-0.038	0.260	0.004	1.000	0.979	-54.237	0.268	0.203
-9.0	-0.737	0.01211	-0.039	0.250	0.004	1.000	0.989	-60.857	0.263	0.197
-8.0	-0.649	0.01148	-0.040	0.216	0.005	1.000	0.992	-56.539	0.262	0.188
-7.0	-0.551	0.01093	-0.041	0.206	0.005	1.000	0.994	-50.410	0.261	0.175
-6.0	-0.446	0.01063	-0.042	0.175	0.006	1.000	0.995	-41.909	0.260	0.155
-5.0	-0.334	0.01030	-0.044	0.165	0.010	1.000	0.997	-32.453	0.260	0.120
-4.0	-0.219	0.01097	-0.045	0.136	0.014	1.000	0.998	-19.954	0.260	0.046
-3.0	-0.101	0.01084	-0.046	0.126	0.016	1.000	0.998	-9.346	0.260	-0.204
-2.0	0.017	0.01073	-0.047	0.098	0.024	1.000	0.998	1.621	0.260	2.959
-1.0	0.137	0.00987	-0.048	0.079	0.032	1.000	0.998	13.843	0.260	0.604
0.0	0.256	0.00984	-0.050	0.066	0.048	0.997	0.998	25.971	0.260	0.444
1.0	0.374	0.00997	-0.051	0.046	0.060	0.997	0.998	37.546	0.260	0.386
2.0	0.493	0.01024	-0.052	0.032	0.077	0.996	0.998	48.142	0.261	0.356
3.0	0.610	0.01050	-0.053	0.024	0.101	0.996	0.999	58.159	0.261	0.337
4.0	0.726	0.01093	-0.055	0.014	0.116	0.995	0.999	66.450	0.261	0.325
5.0	0.839	0.01139	-0.056	0.011	0.138	0.994	0.999	73.687	0.261	0.317
6.0	0.948	0.01208	-0.057	0.008	0.169	0.992	0.999	78.482	0.262	0.310
7.0	1.049	0.01291	-0.058	0.005	0.181	0.991	0.999	81.228	0.263	0.306
8.0	1.139	0.01214	-0.060	0.004	0.212	0.989	0.999	93.862	0.265	0.302
9.0	1.217	0.01305	-0.061	0.004	0.231	0.982	0.999	93.254	0.267	0.300
10.0	1.281	0.01893	-0.062	0.003	0.261	0.973	0.999	67.655	0.271	0.298
11.0	1.326	0.02084	-0.063	0.003	0.297	0.956	0.999	63.619	0.278	0.298
12.0	1.352	0.02308	-0.064	0.003	0.315	0.929	0.999	58.572	0.304	0.297
13.0	1.355	0.02617	-0.065	0.002	0.356	0.884	0.999	51.778	0.198	0.298
14.0	1.335	0.03070	-0.065	0.002	0.401	0.815	0.999	43.500	0.255	0.299
15.0	1.291	0.03864	-0.064	0.002	0.440	0.711	0.999	33.425	0.274	0.300
16.0	1.219	0.05593	-0.062	0.002	0.459	0.544	0.999	21.794	0.305	0.301
17.0	1.105	0.10378	-0.054	0.001	0.489	0.247	0.999	10.648	0.326	0.299
18.0	1.033	0.13877	-0.048	0.001	0.515	0.125	0.999	7.444	0.318	0.296
19.0	0.979	0.16283	-0.045	0.000	0.556	0.088	0.999	6.010	0.283	0.296
20.0	0.909	0.18522	-0.044	0.000	0.589	0.068	0.999	4.910	0.273	0.298


