Name = NACA 2412
Mach = 0; Re = 30000; T.U. = 1.0; T.L. = 1.0
Surface Finish = 2; Stall model = 0; Transition model = 1; Aspect Ratio = 0; ground effect = 0
?	Cl	Cd	Cm 0.25	T.U.	T.L.	S.U.	S.L.	L/D	A.C.	C.P.
[°]	[-]	[-]	[-]	[-]	[-]	[-]	[-]	[-]	[-]	[-]
-20.0	-0.783	0.44795	-0.010	0.960	0.005	0.978	0.007	-1.749	0.244	0.237
-19.0	-0.820	0.39480	-0.011	0.958	0.005	0.977	0.007	-2.078	0.240	0.237
-18.0	-0.841	0.33729	-0.011	0.955	0.005	0.976	0.007	-2.492	0.222	0.237
-17.0	-0.854	0.28781	-0.012	0.949	0.006	0.975	0.008	-2.966	0.200	0.236
-16.0	-0.859	0.26781	-0.012	0.943	0.006	0.973	0.008	-3.206	-0.435	0.236
-15.0	-0.855	0.22045	-0.012	0.939	0.007	0.971	0.009	-3.877	0.311	0.236
-14.0	-0.841	0.19192	-0.013	0.934	0.007	0.968	0.009	-4.381	0.282	0.235
-13.0	-0.816	0.16947	-0.014	0.925	0.007	0.966	0.010	-4.815	0.269	0.233
-12.0	-0.780	0.14515	-0.014	0.915	0.007	0.964	0.011	-5.372	0.265	0.232
-11.0	-0.733	0.12515	-0.015	0.907	0.008	0.961	0.012	-5.855	0.267	0.230
-10.0	-0.675	0.10681	-0.016	0.893	0.009	0.960	0.015	-6.323	0.268	0.226
-9.0	-0.608	0.09166	-0.017	0.879	0.012	0.958	0.018	-6.638	0.267	0.222
-8.0	-0.533	0.08086	-0.018	0.862	0.015	0.954	0.023	-6.596	0.265	0.216
-7.0	-0.451	0.07061	-0.020	0.842	0.018	0.949	0.027	-6.393	0.270	0.207
-6.0	-0.365	0.06217	-0.022	0.817	0.023	0.947	0.040	-5.866	0.289	0.190
-5.0	-0.276	0.05431	-0.026	0.789	0.037	0.944	0.090	-5.082	0.401	0.154
-4.0	-0.219	0.03115	-0.044	0.755	0.062	0.943	0.976	-7.034	0.357	0.050
-3.0	-0.101	0.02596	-0.045	0.713	0.130	0.942	0.985	-3.894	0.261	-0.196
-2.0	0.018	0.02585	-0.046	0.664	0.250	0.942	0.989	0.707	0.261	2.788
-1.0	0.138	0.02902	-0.048	0.605	0.555	0.943	0.981	4.755	0.261	0.595
0.0	0.256	0.02937	-0.049	0.531	0.669	0.945	0.979	8.708	0.261	0.442
1.0	0.374	0.03006	-0.050	0.448	0.769	0.947	0.976	12.455	0.260	0.384
2.0	0.491	0.03115	-0.051	0.412	0.837	0.931	0.972	15.765	0.260	0.355
3.0	0.605	0.03262	-0.053	0.375	0.879	0.908	0.972	18.551	0.259	0.337
4.0	0.716	0.03461	-0.054	0.335	0.907	0.877	0.974	20.685	0.260	0.325
5.0	0.824	0.03711	-0.055	0.272	0.926	0.855	0.976	22.200	0.262	0.316
6.0	0.933	0.04027	-0.056	0.160	0.939	0.858	0.978	23.161	0.262	0.310
7.0	1.032	0.04368	-0.057	0.034	0.949	0.837	0.981	23.625	-2.350	0.305
8.0	0.942	0.07491	-0.033	0.019	0.958	0.046	0.982	12.569	1.328	0.285
9.0	1.006	0.08575	-0.029	0.015	0.963	0.024	0.984	11.733	0.218	0.279
10.0	1.065	0.09944	-0.029	0.011	0.968	0.019	0.987	10.709	0.238	0.277
11.0	1.112	0.11498	-0.028	0.009	0.974	0.015	0.989	9.673	0.233	0.275
12.0	1.147	0.13352	-0.027	0.007	0.978	0.012	0.990	8.593	0.229	0.274
13.0	1.170	0.15615	-0.027	0.006	0.979	0.010	0.991	7.490	0.216	0.273
14.0	1.179	0.18018	-0.026	0.005	0.982	0.008	0.992	6.543	0.215	0.272
15.0	1.176	0.21524	-0.027	0.005	0.984	0.008	0.994	5.464	0.215	0.273
16.0	1.162	0.24775	-0.027	0.005	0.988	0.007	0.995	4.688	0.250	0.273
17.0	1.137	0.27444	-0.027	0.005	0.990	0.006	0.998	4.143	0.252	0.273
18.0	1.104	0.32743	-0.027	0.004	0.992	0.006	0.998	3.372	0.241	0.274
19.0	1.065	0.38429	-0.027	0.004	0.996	0.006	0.998	2.772	0.246	0.276
20.0	1.021	0.42105	-0.027	0.004	0.998	0.005	0.998	2.425	0.254	0.277

Name = NACA 2412
Mach = 0; Re = 430000; T.U. = 1.0; T.L. = 1.0
Surface Finish = 2; Stall model = 0; Transition model = 1; Aspect Ratio = 0; ground effect = 0
?	Cl	Cd	Cm 0.25	T.U.	T.L.	S.U.	S.L.	L/D	A.C.	C.P.
[°]	[-]	[-]	[-]	[-]	[-]	[-]	[-]	[-]	[-]	[-]
-20.0	-0.786	0.23066	-0.013	0.924	0.005	0.992	0.018	-3.406	0.247	0.234
-19.0	-0.822	0.20934	-0.013	0.914	0.005	0.992	0.017	-3.929	0.232	0.235
-18.0	-0.843	0.18332	-0.014	0.906	0.005	0.992	0.021	-4.601	0.209	0.234
-17.0	-0.856	0.16433	-0.014	0.890	0.006	0.993	0.022	-5.211	0.176	0.234
-16.0	-0.862	0.14783	-0.015	0.876	0.005	0.993	0.026	-5.834	-0.423	0.233
-15.0	-0.859	0.12839	-0.016	0.855	0.006	0.993	0.027	-6.688	0.360	0.232
-14.0	-0.846	0.11390	-0.017	0.837	0.007	0.993	0.034	-7.427	0.328	0.230
-13.0	-0.823	0.09921	-0.018	0.809	0.007	0.994	0.046	-8.298	0.313	0.228
-12.0	-0.790	0.08647	-0.020	0.780	0.007	0.994	0.065	-9.141	0.321	0.224
-11.0	-0.752	0.07152	-0.023	0.749	0.008	0.994	0.116	-10.509	0.408	0.219
-10.0	-0.729	0.04633	-0.030	0.710	0.009	0.994	0.337	-15.745	1.863	0.209
-9.0	-0.743	0.02127	-0.038	0.668	0.012	0.994	0.906	-34.929	0.382	0.199
-8.0	-0.659	0.01893	-0.039	0.622	0.015	0.994	0.970	-34.817	0.266	0.190
-7.0	-0.559	0.01341	-0.041	0.574	0.018	0.994	0.984	-41.647	0.262	0.177
-6.0	-0.450	0.01411	-0.042	0.521	0.022	0.994	0.990	-31.915	0.261	0.157
-5.0	-0.337	0.01345	-0.043	0.462	0.032	0.994	0.992	-25.046	0.261	0.122
-4.0	-0.220	0.01302	-0.044	0.421	0.043	0.994	0.993	-16.887	0.261	0.048
-3.0	-0.101	0.01260	-0.046	0.397	0.069	0.993	0.994	-8.038	0.261	-0.201
-2.0	0.018	0.01234	-0.047	0.366	0.108	0.993	0.995	1.483	0.261	2.815
-1.0	0.138	0.01216	-0.048	0.342	0.154	0.992	0.996	11.378	0.261	0.599
0.0	0.258	0.01219	-0.050	0.305	0.205	0.992	0.997	21.168	0.261	0.442
1.0	0.378	0.01308	-0.051	0.266	0.263	0.991	0.997	28.883	0.261	0.385
2.0	0.497	0.01330	-0.052	0.224	0.333	0.990	0.997	37.367	0.262	0.355
3.0	0.615	0.01354	-0.054	0.179	0.470	0.990	0.997	45.442	0.262	0.337
4.0	0.732	0.01296	-0.055	0.125	0.523	0.985	0.998	56.455	0.262	0.325
5.0	0.845	0.01853	-0.056	0.076	0.587	0.980	0.998	45.606	0.262	0.317
6.0	0.955	0.02033	-0.058	0.038	0.666	0.973	0.998	46.958	0.262	0.310
7.0	1.059	0.02209	-0.059	0.022	0.752	0.961	0.998	47.931	0.263	0.306
8.0	1.151	0.02404	-0.060	0.017	0.819	0.945	0.998	47.884	0.263	0.302
9.0	1.231	0.02645	-0.061	0.014	0.867	0.922	0.998	46.531	0.264	0.300
10.0	1.295	0.02955	-0.062	0.011	0.897	0.888	0.998	43.829	0.264	0.298
11.0	1.339	0.03377	-0.063	0.008	0.918	0.832	0.998	39.636	0.257	0.297
12.0	1.355	0.04046	-0.063	0.007	0.936	0.739	0.998	33.498	-2.214	0.296
13.0	1.339	0.05234	-0.061	0.006	0.946	0.591	0.998	25.588	0.341	0.296
14.0	1.262	0.08591	-0.054	0.005	0.958	0.290	0.998	14.687	0.375	0.293
15.0	1.200	0.12114	-0.044	0.005	0.963	0.091	0.998	9.910	0.411	0.287
16.0	1.175	0.14078	-0.040	0.005	0.970	0.053	0.998	8.346	0.353	0.284
17.0	1.146	0.15940	-0.038	0.004	0.976	0.038	0.998	7.189	0.290	0.283
18.0	1.111	0.18141	-0.038	0.004	0.979	0.032	0.998	6.127	0.284	0.284
19.0	1.069	0.20112	-0.036	0.004	0.983	0.022	0.998	5.317	0.270	0.283
20.0	1.025	0.22377	-0.036	0.003	0.987	0.021	0.998	4.581	0.243	0.285

Name = NACA 2412
Mach = 0; Re = 830000; T.U. = 1.0; T.L. = 1.0
Surface Finish = 2; Stall model = 0; Transition model = 1; Aspect Ratio = 0; ground effect = 0
?	Cl	Cd	Cm 0.25	T.U.	T.L.	S.U.	S.L.	L/D	A.C.	C.P.
[°]	[-]	[-]	[-]	[-]	[-]	[-]	[-]	[-]	[-]	[-]
-20.0	-0.788	0.20824	-0.014	0.889	0.005	0.994	0.030	-3.784	0.232	0.232
-19.0	-0.826	0.18885	-0.015	0.876	0.005	0.994	0.034	-4.373	0.223	0.232
-18.0	-0.847	0.16844	-0.015	0.854	0.005	0.994	0.040	-5.031	0.200	0.232
-17.0	-0.861	0.14846	-0.016	0.837	0.005	0.995	0.045	-5.802	0.160	0.231
-16.0	-0.868	0.13299	-0.017	0.808	0.005	0.995	0.053	-6.529	-0.172	0.230
-15.0	-0.867	0.11592	-0.019	0.778	0.006	0.995	0.066	-7.478	0.494	0.229
-14.0	-0.857	0.10127	-0.020	0.749	0.006	0.995	0.085	-8.459	0.392	0.226
-13.0	-0.840	0.08505	-0.023	0.711	0.006	0.995	0.126	-9.870	0.360	0.223
-12.0	-0.813	0.07004	-0.025	0.669	0.006	0.995	0.183	-11.611	0.436	0.219
-11.0	-0.800	0.04583	-0.030	0.627	0.007	0.995	0.382	-17.459	-825.686	0.213
-10.0	-0.813	0.02233	-0.036	0.583	0.008	0.995	0.835	-36.428	0.417	0.206
-9.0	-0.751	0.01874	-0.038	0.538	0.010	0.995	0.959	-40.070	0.272	0.199
-8.0	-0.660	0.01709	-0.039	0.488	0.013	0.995	0.980	-38.637	0.263	0.190
-7.0	-0.559	0.01233	-0.041	0.436	0.016	0.995	0.989	-45.352	0.262	0.177
-6.0	-0.451	0.01290	-0.042	0.408	0.019	0.994	0.991	-34.942	0.261	0.157
-5.0	-0.337	0.01229	-0.043	0.382	0.024	0.994	0.992	-27.402	0.261	0.122
-4.0	-0.220	0.01190	-0.044	0.357	0.036	0.994	0.994	-18.480	0.261	0.048
-3.0	-0.101	0.01160	-0.046	0.331	0.051	0.994	0.995	-8.732	0.261	-0.201
-2.0	0.018	0.01138	-0.047	0.302	0.077	0.993	0.996	1.609	0.261	2.815
-1.0	0.138	0.01129	-0.048	0.265	0.110	0.993	0.997	12.258	0.261	0.599
0.0	0.258	0.01214	-0.050	0.231	0.148	0.993	0.997	21.269	0.261	0.442
1.0	0.378	0.01224	-0.051	0.196	0.189	0.992	0.997	30.854	0.261	0.385
2.0	0.497	0.01261	-0.052	0.157	0.233	0.991	0.997	39.406	0.262	0.355
3.0	0.615	0.01313	-0.054	0.115	0.282	0.990	0.998	46.864	0.262	0.337
4.0	0.732	0.01240	-0.055	0.076	0.343	0.989	0.998	59.048	0.262	0.325
5.0	0.846	0.01297	-0.056	0.041	0.459	0.984	0.998	65.224	0.262	0.317
6.0	0.956	0.01857	-0.058	0.028	0.503	0.979	0.998	51.484	0.262	0.310
7.0	1.060	0.02010	-0.059	0.018	0.554	0.971	0.998	52.773	0.263	0.306
8.0	1.154	0.02177	-0.060	0.014	0.615	0.959	0.998	53.022	0.264	0.302
9.0	1.236	0.02370	-0.062	0.011	0.689	0.941	0.998	52.130	0.265	0.300
10.0	1.302	0.02617	-0.063	0.009	0.765	0.915	0.999	49.753	0.266	0.298
11.0	1.350	0.02943	-0.063	0.007	0.832	0.874	0.999	45.878	0.267	0.297
12.0	1.376	0.03401	-0.064	0.006	0.875	0.811	0.998	40.456	0.259	0.296
13.0	1.377	0.04097	-0.064	0.005	0.906	0.720	0.998	33.602	0.307	0.296
14.0	1.344	0.05472	-0.062	0.004	0.925	0.570	0.998	24.568	0.304	0.296
15.0	1.294	0.07583	-0.059	0.004	0.939	0.409	0.998	17.063	0.317	0.296
16.0	1.230	0.10558	-0.054	0.004	0.952	0.243	0.998	11.649	0.334	0.294
17.0	1.172	0.13571	-0.049	0.004	0.960	0.131	0.998	8.639	0.334	0.292
18.0	1.126	0.16011	-0.046	0.003	0.968	0.084	0.998	7.031	0.306	0.291
19.0	1.080	0.18196	-0.044	0.003	0.976	0.063	0.998	5.936	0.279	0.291
20.0	1.033	0.20450	-0.043	0.003	0.979	0.052	0.998	5.051	0.268	0.292

Name = NACA 2412
Mach = 0; Re = 1230000; T.U. = 1.0; T.L. = 1.0
Surface Finish = 2; Stall model = 0; Transition model = 1; Aspect Ratio = 0; ground effect = 0
?	Cl	Cd	Cm 0.25	T.U.	T.L.	S.U.	S.L.	L/D	A.C.	C.P.
[°]	[-]	[-]	[-]	[-]	[-]	[-]	[-]	[-]	[-]	[-]
-20.0	-0.790	0.19908	-0.015	0.851	0.005	0.995	0.043	-3.970	0.235	0.231
-19.0	-0.828	0.17875	-0.015	0.831	0.004	0.995	0.045	-4.633	0.226	0.231
-18.0	-0.850	0.15973	-0.016	0.803	0.005	0.995	0.052	-5.321	0.194	0.231
-17.0	-0.865	0.14104	-0.017	0.772	0.005	0.995	0.064	-6.136	0.157	0.230
-16.0	-0.872	0.12560	-0.018	0.741	0.005	0.995	0.070	-6.942	-0.092	0.229
-15.0	-0.873	0.10899	-0.020	0.707	0.005	0.995	0.093	-8.007	0.679	0.227
-14.0	-0.864	0.09359	-0.022	0.665	0.006	0.995	0.121	-9.234	0.429	0.225
-13.0	-0.850	0.07700	-0.024	0.624	0.006	0.995	0.176	-11.035	0.398	0.222
-12.0	-0.829	0.06029	-0.027	0.583	0.006	0.995	0.264	-13.749	0.794	0.218
-11.0	-0.835	0.03304	-0.032	0.542	0.006	0.995	0.570	-25.256	2.324	0.211
-10.0	-0.824	0.02015	-0.036	0.501	0.007	0.995	0.901	-40.902	0.321	0.206
-9.0	-0.752	0.01770	-0.038	0.445	0.009	0.995	0.968	-42.495	0.268	0.199
-8.0	-0.661	0.01238	-0.039	0.413	0.011	0.995	0.984	-53.393	0.263	0.190
-7.0	-0.559	0.01280	-0.041	0.394	0.014	0.995	0.990	-43.695	0.262	0.177
-6.0	-0.451	0.01221	-0.042	0.364	0.017	0.995	0.992	-36.894	0.261	0.157
-5.0	-0.337	0.01163	-0.043	0.347	0.022	0.995	0.993	-28.970	0.261	0.122
-4.0	-0.220	0.01134	-0.044	0.312	0.030	0.995	0.994	-19.398	0.261	0.048
-3.0	-0.101	0.01110	-0.046	0.285	0.042	0.994	0.995	-9.128	0.261	-0.201
-2.0	0.018	0.01094	-0.047	0.255	0.062	0.994	0.997	1.674	0.261	2.816
-1.0	0.138	0.01173	-0.048	0.220	0.089	0.993	0.997	11.803	0.261	0.599
0.0	0.258	0.01168	-0.050	0.189	0.120	0.993	0.997	22.103	0.261	0.442
1.0	0.378	0.01188	-0.051	0.156	0.154	0.993	0.997	31.812	0.261	0.385
2.0	0.497	0.01218	-0.052	0.120	0.190	0.992	0.998	40.805	0.262	0.355
3.0	0.615	0.01268	-0.054	0.085	0.230	0.991	0.998	48.534	0.262	0.337
4.0	0.732	0.01334	-0.055	0.055	0.273	0.990	0.998	54.880	0.262	0.325
5.0	0.846	0.01260	-0.057	0.034	0.323	0.987	0.998	67.168	0.262	0.317
6.0	0.956	0.01770	-0.058	0.021	0.423	0.981	0.998	54.024	0.263	0.310
7.0	1.062	0.01901	-0.059	0.016	0.470	0.976	0.998	55.838	0.263	0.306
8.0	1.156	0.02057	-0.060	0.012	0.511	0.965	0.998	56.171	0.264	0.302
9.0	1.238	0.02241	-0.062	0.010	0.561	0.951	0.999	55.240	0.266	0.300
10.0	1.306	0.02473	-0.063	0.007	0.619	0.928	0.999	52.802	0.267	0.298
11.0	1.355	0.02767	-0.064	0.006	0.688	0.891	0.999	48.969	0.269	0.297
12.0	1.384	0.03151	-0.064	0.005	0.761	0.838	0.998	43.913	0.273	0.296
13.0	1.390	0.03683	-0.065	0.005	0.827	0.766	0.998	37.750	0.292	0.296
14.0	1.365	0.04760	-0.064	0.004	0.874	0.639	0.998	28.670	0.289	0.297
15.0	1.322	0.06309	-0.062	0.004	0.906	0.506	0.999	20.959	0.292	0.297
16.0	1.270	0.08358	-0.060	0.004	0.927	0.381	0.998	15.195	0.306	0.297
17.0	1.202	0.11435	-0.055	0.003	0.941	0.235	0.999	10.510	0.322	0.296
18.0	1.139	0.14570	-0.050	0.003	0.956	0.133	0.999	7.819	0.315	0.294
19.0	1.089	0.16911	-0.048	0.003	0.963	0.095	0.999	6.439	0.287	0.294
20.0	1.039	0.19171	-0.046	0.003	0.971	0.076	0.999	5.420	0.277	0.295

Name = NACA 2412
Mach = 0; Re = 1630000; T.U. = 1.0; T.L. = 1.0
Surface Finish = 2; Stall model = 0; Transition model = 1; Aspect Ratio = 0; ground effect = 0
?	Cl	Cd	Cm 0.25	T.U.	T.L.	S.U.	S.L.	L/D	A.C.	C.P.
[°]	[-]	[-]	[-]	[-]	[-]	[-]	[-]	[-]	[-]	[-]
-20.0	-0.792	0.19159	-0.015	0.808	0.005	0.995	0.049	-4.132	0.231	0.231
-19.0	-0.830	0.17246	-0.016	0.780	0.004	0.995	0.054	-4.813	0.223	0.231
-18.0	-0.852	0.15399	-0.017	0.753	0.004	0.995	0.062	-5.533	0.196	0.230
-17.0	-0.868	0.13546	-0.018	0.714	0.005	0.995	0.074	-6.405	0.156	0.229
-16.0	-0.875	0.12101	-0.019	0.675	0.005	0.995	0.086	-7.233	-0.044	0.228
-15.0	-0.877	0.10381	-0.021	0.638	0.005	0.995	0.113	-8.447	0.815	0.226
-14.0	-0.869	0.08879	-0.022	0.606	0.005	0.995	0.145	-9.789	0.507	0.224
-13.0	-0.859	0.07010	-0.025	0.562	0.006	0.995	0.224	-12.259	0.458	0.221
-12.0	-0.842	0.05312	-0.028	0.518	0.005	0.995	0.331	-15.850	2.537	0.217
-11.0	-0.856	0.02699	-0.034	0.471	0.006	0.995	0.686	-31.705	0.902	0.211
-10.0	-0.829	0.01908	-0.037	0.429	0.007	0.995	0.928	-43.448	0.295	0.206
-9.0	-0.753	0.01696	-0.038	0.406	0.008	0.995	0.975	-44.423	0.266	0.199
-8.0	-0.661	0.01189	-0.039	0.380	0.010	0.995	0.986	-55.601	0.263	0.190
-7.0	-0.559	0.01224	-0.041	0.357	0.014	0.995	0.991	-45.702	0.262	0.177
-6.0	-0.451	0.01172	-0.042	0.337	0.016	0.995	0.992	-38.464	0.261	0.157
-5.0	-0.337	0.01123	-0.043	0.307	0.020	0.995	0.994	-30.000	0.261	0.122
-4.0	-0.220	0.01097	-0.044	0.278	0.026	0.995	0.995	-20.058	0.261	0.048
-3.0	-0.101	0.01075	-0.046	0.253	0.037	0.995	0.996	-9.425	0.261	-0.201
-2.0	0.018	0.01064	-0.047	0.220	0.054	0.994	0.997	1.721	0.261	2.816
-1.0	0.138	0.01140	-0.048	0.191	0.076	0.994	0.997	12.140	0.261	0.599
0.0	0.258	0.01141	-0.050	0.164	0.104	0.994	0.997	22.634	0.261	0.442
1.0	0.378	0.01162	-0.051	0.130	0.134	0.993	0.997	32.509	0.261	0.385
2.0	0.497	0.01191	-0.052	0.098	0.167	0.992	0.998	41.724	0.262	0.355
3.0	0.615	0.01239	-0.054	0.068	0.201	0.991	0.998	49.663	0.262	0.337
4.0	0.732	0.01295	-0.055	0.044	0.236	0.990	0.998	56.541	0.262	0.325
5.0	0.846	0.01223	-0.057	0.029	0.276	0.988	0.998	69.205	0.262	0.317
6.0	0.957	0.01287	-0.058	0.019	0.322	0.983	0.998	74.317	0.263	0.310
7.0	1.062	0.01833	-0.059	0.014	0.402	0.978	0.998	57.934	0.263	0.306
8.0	1.157	0.01971	-0.061	0.011	0.459	0.969	0.999	58.664	0.265	0.302
9.0	1.239	0.02151	-0.062	0.009	0.497	0.957	0.999	57.634	0.266	0.300
10.0	1.308	0.02378	-0.063	0.006	0.536	0.935	0.999	54.979	0.268	0.298
11.0	1.358	0.02648	-0.064	0.005	0.587	0.904	0.999	51.294	0.271	0.297
12.0	1.389	0.02992	-0.065	0.004	0.649	0.856	0.998	46.417	0.277	0.297
13.0	1.398	0.03457	-0.065	0.004	0.714	0.792	0.998	40.438	0.267	0.296
14.0	1.378	0.04323	-0.064	0.004	0.784	0.685	0.998	31.878	0.281	0.297
15.0	1.338	0.05672	-0.063	0.003	0.842	0.558	0.999	23.581	0.285	0.297
16.0	1.286	0.07493	-0.061	0.003	0.884	0.436	0.999	17.158	0.292	0.298
17.0	1.223	0.09996	-0.058	0.003	0.913	0.311	0.999	12.238	0.311	0.298
18.0	1.151	0.13524	-0.053	0.003	0.936	0.174	0.999	8.508	0.314	0.296
19.0	1.096	0.15985	-0.050	0.003	0.949	0.122	0.999	6.857	0.292	0.296
20.0	1.044	0.18273	-0.048	0.003	0.960	0.094	0.999	5.711	0.284	0.296

Name = NACA 2412
Mach = 0; Re = 2030000; T.U. = 1.0; T.L. = 1.0
Surface Finish = 2; Stall model = 0; Transition model = 1; Aspect Ratio = 0; ground effect = 0
?	Cl	Cd	Cm 0.25	T.U.	T.L.	S.U.	S.L.	L/D	A.C.	C.P.
[°]	[-]	[-]	[-]	[-]	[-]	[-]	[-]	[-]	[-]	[-]
-20.0	-0.793	0.18641	-0.016	0.765	0.004	0.995	0.056	-4.254	0.231	0.230
-19.0	-0.832	0.16866	-0.016	0.731	0.004	0.995	0.061	-4.930	0.224	0.230
-18.0	-0.853	0.15002	-0.017	0.701	0.004	0.995	0.068	-5.688	0.194	0.230
-17.0	-0.870	0.13117	-0.019	0.663	0.005	0.995	0.086	-6.633	0.154	0.229
-16.0	-0.877	0.11734	-0.020	0.623	0.005	0.995	0.096	-7.478	-0.026	0.228
-15.0	-0.880	0.10067	-0.021	0.584	0.005	0.996	0.126	-8.739	1.316	0.226
-14.0	-0.874	0.08453	-0.023	0.554	0.005	0.996	0.168	-10.340	0.578	0.224
-13.0	-0.866	0.06598	-0.026	0.510	0.005	0.996	0.254	-13.118	0.627	0.220
-12.0	-0.858	0.04570	-0.029	0.463	0.005	0.996	0.411	-18.762	-1.233	0.216
-11.0	-0.871	0.02347	-0.034	0.424	0.006	0.996	0.770	-37.114	0.531	0.211
-10.0	-0.831	0.01832	-0.037	0.403	0.006	0.996	0.941	-45.367	0.283	0.206
-9.0	-0.754	0.01633	-0.038	0.377	0.008	0.996	0.978	-46.168	0.266	0.199
-8.0	-0.661	0.01153	-0.039	0.355	0.009	0.996	0.988	-57.333	0.263	0.190
-7.0	-0.559	0.01197	-0.041	0.335	0.012	0.995	0.991	-46.728	0.262	0.177
-6.0	-0.451	0.01144	-0.042	0.306	0.015	0.995	0.992	-39.414	0.261	0.157
-5.0	-0.337	0.01097	-0.043	0.279	0.018	0.995	0.994	-30.706	0.261	0.122
-4.0	-0.220	0.01072	-0.044	0.254	0.024	0.995	0.995	-20.520	0.261	0.048
-3.0	-0.101	0.01055	-0.046	0.223	0.034	0.995	0.996	-9.607	0.261	-0.201
-2.0	0.018	0.01041	-0.047	0.202	0.048	0.994	0.997	1.760	0.261	2.816
-1.0	0.138	0.01117	-0.048	0.170	0.068	0.994	0.997	12.391	0.261	0.599
0.0	0.258	0.01122	-0.050	0.139	0.091	0.994	0.997	23.012	0.261	0.442
1.0	0.378	0.01142	-0.051	0.111	0.117	0.993	0.998	33.091	0.261	0.385
2.0	0.497	0.01164	-0.052	0.083	0.146	0.993	0.998	42.699	0.262	0.355
3.0	0.616	0.01208	-0.054	0.057	0.179	0.992	0.998	50.943	0.262	0.337
4.0	0.732	0.01267	-0.055	0.037	0.214	0.991	0.998	57.827	0.262	0.325
5.0	0.847	0.01329	-0.057	0.025	0.251	0.990	0.998	63.725	0.262	0.317
6.0	0.957	0.01253	-0.058	0.017	0.286	0.985	0.998	76.370	0.263	0.310
7.0	1.063	0.01780	-0.059	0.013	0.328	0.980	0.998	59.681	0.263	0.306
8.0	1.157	0.01915	-0.061	0.011	0.402	0.973	0.999	60.422	0.265	0.302
9.0	1.240	0.02082	-0.062	0.008	0.457	0.960	0.999	59.588	0.266	0.300
10.0	1.309	0.02304	-0.063	0.006	0.487	0.941	0.999	56.819	0.268	0.298
11.0	1.361	0.02554	-0.064	0.005	0.525	0.912	0.999	53.270	0.271	0.297
12.0	1.392	0.02877	-0.065	0.004	0.571	0.869	0.998	48.400	0.279	0.297
13.0	1.403	0.03307	-0.065	0.004	0.625	0.809	0.998	42.417	0.236	0.297
14.0	1.386	0.04085	-0.065	0.003	0.686	0.710	0.999	33.918	0.276	0.297
15.0	1.347	0.05291	-0.064	0.003	0.754	0.591	0.999	25.464	0.278	0.297
16.0	1.299	0.06830	-0.062	0.003	0.816	0.482	0.999	19.020	0.286	0.298
17.0	1.235	0.09240	-0.060	0.003	0.872	0.352	0.999	13.366	0.303	0.298
18.0	1.162	0.12522	-0.055	0.003	0.907	0.215	0.999	9.279	0.307	0.298
19.0	1.104	0.15102	-0.052	0.003	0.931	0.151	0.999	7.307	0.295	0.297
20.0	1.048	0.17602	-0.050	0.002	0.945	0.110	0.999	5.953	0.291	0.298

Name = NACA 2412
Mach = 0; Re = 2430000; T.U. = 1.0; T.L. = 1.0
Surface Finish = 2; Stall model = 0; Transition model = 1; Aspect Ratio = 0; ground effect = 0
?	Cl	Cd	Cm 0.25	T.U.	T.L.	S.U.	S.L.	L/D	A.C.	C.P.
[°]	[-]	[-]	[-]	[-]	[-]	[-]	[-]	[-]	[-]	[-]
-20.0	-0.793	0.18783	-0.016	0.722	0.003	0.995	0.056	-4.222	0.226	0.230
-19.0	-0.832	0.16402	-0.017	0.688	0.004	0.995	0.066	-5.075	0.220	0.230
-18.0	-0.855	0.14753	-0.018	0.658	0.004	0.995	0.074	-5.793	0.194	0.229
-17.0	-0.871	0.12926	-0.019	0.617	0.005	0.996	0.092	-6.741	0.153	0.228
-16.0	-0.880	0.11420	-0.020	0.578	0.005	0.996	0.107	-7.704	-0.003	0.227
-15.0	-0.883	0.09734	-0.022	0.547	0.005	0.996	0.140	-9.068	1.781	0.225
-14.0	-0.877	0.08169	-0.024	0.508	0.005	0.996	0.184	-10.741	0.766	0.223
-13.0	-0.873	0.06127	-0.027	0.462	0.005	0.996	0.291	-14.250	0.964	0.220
-12.0	-0.868	0.04112	-0.030	0.424	0.005	0.996	0.466	-21.116	-1.331	0.215
-11.0	-0.878	0.02194	-0.035	0.404	0.005	0.996	0.809	-40.031	0.438	0.211
-10.0	-0.832	0.01777	-0.037	0.378	0.006	0.996	0.949	-46.836	0.279	0.206
-9.0	-0.754	0.01587	-0.038	0.356	0.007	0.996	0.979	-47.515	0.265	0.199
-8.0	-0.661	0.01126	-0.039	0.340	0.008	0.996	0.989	-58.737	0.262	0.190
-7.0	-0.559	0.01172	-0.041	0.308	0.011	0.996	0.991	-47.735	0.262	0.177
-6.0	-0.451	0.01117	-0.042	0.286	0.014	0.996	0.993	-40.345	0.261	0.157
-5.0	-0.337	0.01080	-0.043	0.258	0.017	0.995	0.994	-31.218	0.261	0.122
-4.0	-0.220	0.01052	-0.044	0.230	0.022	0.995	0.995	-20.909	0.261	0.048
-3.0	-0.101	0.01033	-0.046	0.208	0.031	0.995	0.997	-9.809	0.261	-0.201
-2.0	0.018	0.01111	-0.047	0.177	0.043	0.995	0.997	1.648	0.261	2.816
-1.0	0.138	0.01097	-0.048	0.152	0.061	0.994	0.997	12.619	0.261	0.599
0.0	0.258	0.01100	-0.050	0.127	0.082	0.994	0.997	23.474	0.261	0.442
1.0	0.378	0.01121	-0.051	0.098	0.107	0.994	0.998	33.714	0.261	0.385
2.0	0.497	0.01142	-0.052	0.072	0.136	0.993	0.998	43.519	0.262	0.355
3.0	0.616	0.01185	-0.054	0.049	0.166	0.992	0.998	51.957	0.262	0.337
4.0	0.732	0.01242	-0.055	0.033	0.192	0.991	0.998	58.999	0.262	0.325
5.0	0.847	0.01303	-0.057	0.023	0.224	0.990	0.998	65.006	0.262	0.317
6.0	0.957	0.01224	-0.058	0.015	0.260	0.987	0.998	78.210	0.263	0.311
7.0	1.063	0.01741	-0.059	0.012	0.300	0.981	0.999	61.048	0.263	0.306
8.0	1.158	0.01870	-0.061	0.010	0.342	0.975	0.999	61.930	0.265	0.302
9.0	1.241	0.02033	-0.062	0.007	0.409	0.963	0.999	61.043	0.266	0.300
10.0	1.310	0.02242	-0.063	0.005	0.457	0.944	0.999	58.433	0.268	0.298
11.0	1.362	0.02482	-0.064	0.004	0.486	0.918	0.999	54.890	0.272	0.297
12.0	1.395	0.02788	-0.065	0.004	0.522	0.878	0.998	50.036	0.280	0.297
13.0	1.406	0.03193	-0.065	0.004	0.567	0.822	0.999	44.050	0.110	0.297
14.0	1.392	0.03877	-0.065	0.003	0.617	0.734	0.999	35.913	0.269	0.297
15.0	1.356	0.04954	-0.064	0.003	0.673	0.622	0.999	27.380	0.274	0.298
16.0	1.309	0.06350	-0.063	0.003	0.737	0.517	0.999	20.618	0.281	0.298
17.0	1.246	0.08570	-0.061	0.003	0.801	0.389	0.999	14.535	0.297	0.299
18.0	1.172	0.11702	-0.057	0.003	0.856	0.252	0.999	10.015	0.305	0.299
19.0	1.108	0.14635	-0.053	0.002	0.899	0.166	0.999	7.568	0.297	0.298
20.0	1.051	0.17046	-0.051	0.002	0.926	0.124	0.999	6.168	0.287	0.299

Name = NACA 2412
Mach = 0; Re = 2830000; T.U. = 1.0; T.L. = 1.0
Surface Finish = 2; Stall model = 0; Transition model = 1; Aspect Ratio = 0; ground effect = 0
?	Cl	Cd	Cm 0.25	T.U.	T.L.	S.U.	S.L.	L/D	A.C.	C.P.
[°]	[-]	[-]	[-]	[-]	[-]	[-]	[-]	[-]	[-]	[-]
-20.0	-0.793	0.18747	-0.016	0.684	0.002	0.995	0.055	-4.229	0.222	0.230
-19.0	-0.833	0.16381	-0.017	0.656	0.003	0.996	0.068	-5.084	0.215	0.230
-18.0	-0.856	0.14472	-0.018	0.615	0.004	0.996	0.081	-5.915	0.192	0.229
-17.0	-0.873	0.12664	-0.019	0.577	0.005	0.996	0.098	-6.891	0.156	0.228
-16.0	-0.881	0.11254	-0.020	0.549	0.004	0.996	0.113	-7.829	0.017	0.227
-15.0	-0.886	0.09437	-0.022	0.509	0.005	0.996	0.154	-9.386	-15.100	0.225
-14.0	-0.881	0.07859	-0.024	0.465	0.005	0.996	0.203	-11.216	1.176	0.223
-13.0	-0.880	0.05714	-0.027	0.428	0.005	0.996	0.326	-15.406	-6.216	0.219
-12.0	-0.882	0.03567	-0.031	0.406	0.005	0.996	0.539	-24.736	-1.136	0.215
-11.0	-0.886	0.02052	-0.035	0.384	0.005	0.996	0.851	-43.160	0.372	0.210
-10.0	-0.834	0.01727	-0.037	0.359	0.006	0.996	0.958	-48.303	0.274	0.206
-9.0	-0.754	0.01554	-0.038	0.347	0.007	0.996	0.981	-48.542	0.265	0.199
-8.0	-0.662	0.01221	-0.039	0.312	0.008	0.996	0.990	-54.187	0.262	0.190
-7.0	-0.559	0.01146	-0.041	0.297	0.010	0.996	0.992	-48.832	0.261	0.177
-6.0	-0.451	0.01101	-0.042	0.262	0.014	0.996	0.993	-40.940	0.261	0.157
-5.0	-0.337	0.01056	-0.043	0.247	0.017	0.996	0.994	-31.924	0.261	0.122
-4.0	-0.220	0.01033	-0.044	0.214	0.021	0.996	0.996	-21.303	0.261	0.048
-3.0	-0.101	0.01016	-0.046	0.189	0.030	0.995	0.997	-9.978	0.261	-0.201
-2.0	0.018	0.01089	-0.047	0.167	0.040	0.995	0.998	1.682	0.261	2.816
-1.0	0.138	0.01092	-0.048	0.136	0.056	0.994	0.997	12.681	0.261	0.599
0.0	0.258	0.01089	-0.050	0.112	0.076	0.994	0.997	23.707	0.261	0.442
1.0	0.378	0.01100	-0.051	0.090	0.101	0.994	0.998	34.364	0.261	0.385
2.0	0.497	0.01127	-0.052	0.066	0.125	0.993	0.998	44.107	0.262	0.355
3.0	0.616	0.01164	-0.054	0.045	0.149	0.992	0.998	52.880	0.262	0.337
4.0	0.733	0.01218	-0.055	0.029	0.178	0.991	0.998	60.124	0.262	0.325
5.0	0.847	0.01277	-0.057	0.020	0.212	0.990	0.998	66.308	0.262	0.317
6.0	0.958	0.01202	-0.058	0.014	0.241	0.988	0.998	79.670	0.263	0.311
7.0	1.063	0.01267	-0.059	0.011	0.272	0.983	0.999	83.887	0.264	0.306
8.0	1.158	0.01831	-0.061	0.010	0.310	0.977	0.999	63.262	0.265	0.302
9.0	1.242	0.01996	-0.062	0.007	0.359	0.965	0.999	62.206	0.266	0.300
10.0	1.311	0.02193	-0.063	0.005	0.420	0.948	0.999	59.785	0.269	0.298
11.0	1.364	0.02422	-0.064	0.004	0.459	0.923	0.999	56.307	0.272	0.297
12.0	1.397	0.02709	-0.065	0.004	0.491	0.886	0.998	51.580	0.282	0.297
13.0	1.410	0.03086	-0.066	0.004	0.524	0.835	0.999	45.696	-0.220	0.297
14.0	1.396	0.03750	-0.066	0.003	0.567	0.747	0.999	37.236	0.264	0.297
15.0	1.363	0.04694	-0.065	0.003	0.617	0.646	0.999	29.047	0.272	0.298
16.0	1.315	0.06100	-0.064	0.003	0.669	0.535	0.999	21.549	0.278	0.299
17.0	1.254	0.08072	-0.062	0.003	0.728	0.418	0.999	15.534	0.290	0.299
18.0	1.181	0.11003	-0.058	0.003	0.794	0.285	0.999	10.734	0.301	0.299
19.0	1.114	0.13983	-0.055	0.002	0.848	0.189	0.999	7.966	0.296	0.299
20.0	1.056	0.16439	-0.053	0.002	0.894	0.141	0.999	6.422	0.288	0.300

Name = NACA 2412
Mach = 0; Re = 3230000; T.U. = 1.0; T.L. = 1.0
Surface Finish = 2; Stall model = 0; Transition model = 1; Aspect Ratio = 0; ground effect = 0
?	Cl	Cd	Cm 0.25	T.U.	T.L.	S.U.	S.L.	L/D	A.C.	C.P.
[°]	[-]	[-]	[-]	[-]	[-]	[-]	[-]	[-]	[-]	[-]
-20.0	-0.793	0.18812	-0.016	0.657	0.002	0.996	0.055	-4.214	0.228	0.230
-19.0	-0.832	0.16639	-0.016	0.617	0.003	0.996	0.063	-4.999	0.213	0.230
-18.0	-0.857	0.14198	-0.018	0.580	0.004	0.996	0.086	-6.036	0.183	0.229
-17.0	-0.874	0.12435	-0.019	0.555	0.005	0.996	0.105	-7.029	0.156	0.228
-16.0	-0.883	0.11012	-0.020	0.512	0.004	0.996	0.121	-8.016	0.029	0.227
-15.0	-0.888	0.09193	-0.022	0.473	0.005	0.996	0.165	-9.660	-1.425	0.225
-14.0	-0.885	0.07563	-0.024	0.437	0.005	0.996	0.221	-11.704	1.527	0.222
-13.0	-0.884	0.05485	-0.028	0.410	0.005	0.996	0.345	-16.119	-0.736	0.219
-12.0	-0.892	0.03220	-0.032	0.397	0.005	0.996	0.590	-27.711	-1.445	0.215
-11.0	-0.889	0.01992	-0.035	0.363	0.005	0.996	0.865	-44.607	0.343	0.210
-10.0	-0.834	0.01691	-0.037	0.350	0.005	0.996	0.960	-49.350	0.273	0.206
-9.0	-0.754	0.01526	-0.038	0.319	0.006	0.996	0.982	-49.434	0.265	0.199
-8.0	-0.662	0.01196	-0.039	0.301	0.007	0.996	0.990	-55.341	0.262	0.190
-7.0	-0.560	0.01132	-0.041	0.271	0.009	0.996	0.992	-49.434	0.261	0.177
-6.0	-0.451	0.01078	-0.042	0.252	0.013	0.996	0.993	-41.804	0.261	0.157
-5.0	-0.337	0.01039	-0.043	0.222	0.016	0.996	0.995	-32.430	0.261	0.122
-4.0	-0.220	0.01017	-0.044	0.205	0.020	0.996	0.996	-21.627	0.261	0.048
-3.0	-0.101	0.01004	-0.046	0.174	0.028	0.995	0.997	-10.095	0.261	-0.201
-2.0	0.018	0.01084	-0.047	0.153	0.037	0.995	0.998	1.690	0.261	2.816
-1.0	0.138	0.01071	-0.048	0.129	0.052	0.995	0.997	12.921	0.261	0.599
0.0	0.258	0.01071	-0.050	0.102	0.072	0.995	0.998	24.117	0.261	0.442
1.0	0.378	0.01084	-0.051	0.079	0.093	0.994	0.998	34.863	0.261	0.385
2.0	0.497	0.01116	-0.052	0.059	0.114	0.993	0.998	44.553	0.262	0.355
3.0	0.616	0.01149	-0.054	0.041	0.140	0.993	0.998	53.579	0.262	0.337
4.0	0.733	0.01195	-0.055	0.027	0.171	0.991	0.998	61.298	0.262	0.325
5.0	0.847	0.01256	-0.057	0.019	0.195	0.990	0.998	67.446	0.262	0.317
6.0	0.958	0.01182	-0.058	0.013	0.223	0.989	0.998	81.052	0.263	0.311
7.0	1.063	0.01244	-0.059	0.011	0.258	0.984	0.999	85.495	0.264	0.306
8.0	1.158	0.01798	-0.061	0.009	0.294	0.978	0.999	64.448	0.265	0.302
9.0	1.242	0.01963	-0.062	0.006	0.325	0.967	0.999	63.267	0.266	0.300
10.0	1.312	0.02153	-0.063	0.004	0.380	0.951	0.999	60.918	0.269	0.298
11.0	1.365	0.02373	-0.064	0.004	0.439	0.928	0.999	57.519	0.273	0.297
12.0	1.399	0.02652	-0.065	0.003	0.463	0.892	0.999	52.761	0.282	0.297
13.0	1.413	0.03000	-0.066	0.004	0.501	0.844	0.999	47.107	0.653	0.297
14.0	1.401	0.03616	-0.066	0.003	0.531	0.762	0.999	38.739	0.263	0.297
15.0	1.367	0.04557	-0.065	0.003	0.572	0.659	0.999	29.999	0.269	0.298
16.0	1.321	0.05797	-0.064	0.003	0.620	0.557	0.999	22.789	0.275	0.299
17.0	1.260	0.07683	-0.063	0.003	0.671	0.441	0.999	16.405	0.290	0.300
18.0	1.185	0.10725	-0.059	0.002	0.727	0.297	0.999	11.045	0.297	0.300
19.0	1.119	0.13457	-0.056	0.002	0.793	0.209	0.999	8.317	0.292	0.300
20.0	1.059	0.15953	-0.054	0.002	0.847	0.155	0.999	6.641	0.289	0.301

Name = NACA 2412
Mach = 0; Re = 3630000; T.U. = 1.0; T.L. = 1.0
Surface Finish = 2; Stall model = 0; Transition model = 1; Aspect Ratio = 0; ground effect = 0
?	Cl	Cd	Cm 0.25	T.U.	T.L.	S.U.	S.L.	L/D	A.C.	C.P.
[°]	[-]	[-]	[-]	[-]	[-]	[-]	[-]	[-]	[-]	[-]
-20.0	-0.793	0.18662	-0.016	0.621	0.002	0.996	0.056	-4.249	0.229	0.230
-19.0	-0.832	0.16691	-0.016	0.588	0.002	0.996	0.062	-4.983	0.216	0.230
-18.0	-0.856	0.14451	-0.018	0.559	0.003	0.996	0.081	-5.924	0.180	0.229
-17.0	-0.876	0.12212	-0.020	0.518	0.005	0.996	0.112	-7.170	0.149	0.228
-16.0	-0.884	0.10835	-0.021	0.489	0.004	0.996	0.128	-8.161	0.028	0.227
-15.0	-0.889	0.09111	-0.022	0.451	0.005	0.996	0.169	-9.756	-0.664	0.225
-14.0	-0.889	0.07295	-0.025	0.414	0.005	0.996	0.238	-12.183	-2.249	0.222
-13.0	-0.891	0.05116	-0.028	0.400	0.005	0.996	0.380	-17.419	-0.343	0.218
-12.0	-0.901	0.02954	-0.032	0.370	0.005	0.996	0.634	-30.499	-7.500	0.214
-11.0	-0.892	0.01924	-0.035	0.353	0.005	0.996	0.884	-46.352	0.325	0.210
-10.0	-0.835	0.01659	-0.037	0.332	0.005	0.996	0.964	-50.312	0.272	0.206
-9.0	-0.755	0.01143	-0.038	0.306	0.006	0.996	0.983	-66.015	0.264	0.199
-8.0	-0.662	0.01189	-0.039	0.287	0.007	0.996	0.990	-55.668	0.262	0.190
-7.0	-0.560	0.01120	-0.041	0.259	0.009	0.996	0.992	-49.943	0.261	0.177
-6.0	-0.451	0.01058	-0.042	0.238	0.013	0.996	0.994	-42.610	0.261	0.157
-5.0	-0.337	0.01033	-0.043	0.211	0.016	0.996	0.995	-32.623	0.261	0.122
-4.0	-0.220	0.01010	-0.044	0.187	0.018	0.996	0.996	-21.787	0.261	0.048
-3.0	-0.101	0.00992	-0.046	0.167	0.027	0.996	0.997	-10.213	0.261	-0.201
-2.0	0.018	0.01067	-0.047	0.139	0.035	0.995	0.998	1.716	0.261	2.816
-1.0	0.138	0.01053	-0.048	0.121	0.050	0.995	0.997	13.151	0.261	0.599
0.0	0.258	0.01058	-0.050	0.096	0.068	0.995	0.998	24.417	0.261	0.442
1.0	0.378	0.01074	-0.051	0.072	0.085	0.994	0.998	35.197	0.261	0.385
2.0	0.497	0.01098	-0.052	0.053	0.108	0.993	0.998	45.273	0.262	0.355
3.0	0.616	0.01136	-0.054	0.037	0.135	0.993	0.998	54.207	0.262	0.337
4.0	0.733	0.01181	-0.055	0.025	0.158	0.992	0.998	62.020	0.262	0.325
5.0	0.847	0.01240	-0.057	0.017	0.182	0.991	0.998	68.295	0.262	0.317
6.0	0.958	0.01165	-0.058	0.013	0.215	0.989	0.999	82.204	0.263	0.311
7.0	1.063	0.01224	-0.059	0.011	0.244	0.984	0.999	86.880	0.264	0.306
8.0	1.159	0.01772	-0.061	0.008	0.271	0.979	0.999	65.375	0.265	0.302
9.0	1.243	0.01930	-0.062	0.006	0.307	0.969	0.999	64.379	0.266	0.300
10.0	1.313	0.02114	-0.063	0.004	0.350	0.955	0.999	62.096	0.269	0.298
11.0	1.366	0.02328	-0.064	0.004	0.402	0.932	0.999	58.696	0.273	0.297
12.0	1.401	0.02590	-0.065	0.003	0.451	0.898	0.999	54.089	0.283	0.297
13.0	1.415	0.02941	-0.066	0.003	0.470	0.850	0.999	48.096	0.471	0.297
14.0	1.404	0.03505	-0.066	0.003	0.506	0.774	0.999	40.061	0.258	0.297
15.0	1.372	0.04381	-0.066	0.003	0.545	0.676	0.999	31.317	0.267	0.298
16.0	1.325	0.05596	-0.065	0.003	0.582	0.573	0.999	23.685	0.274	0.299
17.0	1.264	0.07432	-0.063	0.003	0.627	0.455	0.999	17.012	0.287	0.300
18.0	1.191	0.10279	-0.060	0.002	0.677	0.319	0.999	11.583	0.294	0.300
19.0	1.124	0.12993	-0.057	0.002	0.733	0.227	0.999	8.651	0.292	0.301
20.0	1.062	0.15585	-0.054	0.002	0.795	0.167	0.999	6.817	0.290	0.301

Name = NACA 2412
Mach = 0; Re = 4030000; T.U. = 1.0; T.L. = 1.0
Surface Finish = 2; Stall model = 0; Transition model = 1; Aspect Ratio = 0; ground effect = 0
?	Cl	Cd	Cm 0.25	T.U.	T.L.	S.U.	S.L.	L/D	A.C.	C.P.
[°]	[-]	[-]	[-]	[-]	[-]	[-]	[-]	[-]	[-]	[-]
-20.0	-0.793	0.18637	-0.016	0.603	0.001	0.996	0.056	-4.255	0.229	0.230
-19.0	-0.832	0.16663	-0.016	0.563	0.002	0.996	0.063	-4.992	0.217	0.230
-18.0	-0.856	0.14479	-0.018	0.528	0.003	0.996	0.079	-5.910	0.177	0.229
-17.0	-0.877	0.12039	-0.020	0.504	0.005	0.996	0.118	-7.284	0.146	0.227
-16.0	-0.886	0.10662	-0.021	0.459	0.004	0.996	0.134	-8.306	0.039	0.226
-15.0	-0.891	0.08894	-0.023	0.424	0.005	0.996	0.180	-10.021	-0.445	0.224
-14.0	-0.892	0.07071	-0.025	0.404	0.005	0.996	0.252	-12.611	-0.612	0.222
-13.0	-0.898	0.04777	-0.029	0.382	0.005	0.996	0.413	-18.799	-0.347	0.218
-12.0	-0.904	0.02865	-0.032	0.358	0.005	0.996	0.647	-31.534	2.353	0.214
-11.0	-0.895	0.01868	-0.035	0.347	0.005	0.996	0.899	-47.894	0.321	0.210
-10.0	-0.836	0.01628	-0.037	0.313	0.005	0.997	0.967	-51.317	0.270	0.206
-9.0	-0.755	0.01120	-0.038	0.299	0.006	0.997	0.984	-67.354	0.264	0.199
-8.0	-0.662	0.01169	-0.039	0.267	0.006	0.997	0.990	-56.621	0.262	0.190
-7.0	-0.560	0.01104	-0.041	0.252	0.008	0.996	0.992	-50.665	0.261	0.177
-6.0	-0.451	0.01055	-0.042	0.221	0.013	0.996	0.994	-42.727	0.261	0.157
-5.0	-0.337	0.01014	-0.043	0.206	0.015	0.996	0.995	-33.255	0.261	0.122
-4.0	-0.220	0.00999	-0.044	0.175	0.017	0.996	0.996	-22.025	0.261	0.048
-3.0	-0.101	0.01066	-0.046	0.162	0.025	0.996	0.997	-9.505	0.261	-0.201
-2.0	0.018	0.01049	-0.047	0.132	0.034	0.995	0.998	1.747	0.261	2.817
-1.0	0.138	0.01050	-0.048	0.108	0.048	0.995	0.997	13.187	0.261	0.599
0.0	0.258	0.01047	-0.050	0.093	0.062	0.995	0.998	24.674	0.261	0.442
1.0	0.378	0.01062	-0.051	0.068	0.080	0.994	0.998	35.602	0.261	0.385
2.0	0.497	0.01087	-0.052	0.048	0.104	0.994	0.998	45.754	0.262	0.355
3.0	0.616	0.01124	-0.054	0.034	0.129	0.993	0.998	54.797	0.262	0.337
4.0	0.733	0.01163	-0.055	0.024	0.147	0.992	0.998	63.005	0.262	0.325
5.0	0.847	0.01220	-0.057	0.016	0.176	0.991	0.998	69.423	0.262	0.317
6.0	0.958	0.01292	-0.058	0.012	0.207	0.990	0.999	74.124	0.263	0.311
7.0	1.064	0.01206	-0.059	0.010	0.227	0.985	0.999	88.212	0.264	0.306
8.0	1.159	0.01748	-0.061	0.007	0.260	0.980	0.999	66.287	0.265	0.302
9.0	1.243	0.01900	-0.062	0.005	0.296	0.971	0.999	65.415	0.267	0.300
10.0	1.313	0.02084	-0.063	0.004	0.322	0.957	0.999	63.032	0.269	0.298
11.0	1.367	0.02294	-0.064	0.003	0.369	0.935	0.999	59.583	0.273	0.297
12.0	1.402	0.02543	-0.065	0.003	0.418	0.903	0.999	55.145	0.283	0.297
13.0	1.417	0.02876	-0.066	0.003	0.456	0.857	0.999	49.257	0.460	0.297
14.0	1.406	0.03441	-0.066	0.003	0.481	0.781	0.999	40.866	0.254	0.297
15.0	1.376	0.04234	-0.066	0.003	0.514	0.690	0.999	32.502	0.264	0.298
16.0	1.331	0.05379	-0.065	0.003	0.557	0.590	0.999	24.737	0.274	0.299
17.0	1.266	0.07306	-0.063	0.003	0.598	0.462	0.999	17.333	0.284	0.300
18.0	1.196	0.09865	-0.060	0.002	0.639	0.339	0.999	12.126	0.290	0.301
19.0	1.128	0.12565	-0.058	0.002	0.688	0.244	0.999	8.980	0.301	0.301
20.0	1.059	0.15900	-0.054	0.002	0.745	0.155	0.999	6.662	0.309	0.301

Name = NACA 2412
Mach = 0; Re = 4430000; T.U. = 1.0; T.L. = 1.0
Surface Finish = 2; Stall model = 0; Transition model = 1; Aspect Ratio = 0; ground effect = 0
?	Cl	Cd	Cm 0.25	T.U.	T.L.	S.U.	S.L.	L/D	A.C.	C.P.
[°]	[-]	[-]	[-]	[-]	[-]	[-]	[-]	[-]	[-]	[-]
-20.0	-0.793	0.18534	-0.016	0.571	0.001	0.996	0.056	-4.279	0.229	0.230
-19.0	-0.832	0.16569	-0.016	0.546	0.002	0.996	0.063	-5.020	0.221	0.230
-18.0	-0.854	0.14713	-0.017	0.510	0.002	0.996	0.074	-5.808	0.177	0.230
-17.0	-0.877	0.12007	-0.020	0.472	0.004	0.996	0.119	-7.304	0.140	0.227
-16.0	-0.887	0.10467	-0.021	0.443	0.004	0.996	0.142	-8.476	0.051	0.226
-15.0	-0.893	0.08697	-0.023	0.410	0.005	0.996	0.190	-10.272	-0.548	0.224
-14.0	-0.892	0.07017	-0.025	0.398	0.005	0.996	0.255	-12.716	-0.268	0.222
-13.0	-0.905	0.04461	-0.029	0.365	0.005	0.996	0.447	-20.286	-0.164	0.218
-12.0	-0.910	0.02681	-0.033	0.351	0.005	0.997	0.680	-33.941	1.041	0.214
-11.0	-0.897	0.01827	-0.035	0.326	0.005	0.997	0.910	-49.068	0.311	0.210
-10.0	-0.836	0.01611	-0.037	0.304	0.005	0.997	0.968	-51.885	0.270	0.206
-9.0	-0.755	0.01111	-0.038	0.284	0.006	0.997	0.985	-67.916	0.264	0.199
-8.0	-0.662	0.01151	-0.039	0.258	0.006	0.997	0.991	-57.508	0.262	0.190
-7.0	-0.560	0.01095	-0.041	0.240	0.008	0.997	0.992	-51.094	0.261	0.177
-6.0	-0.451	0.01038	-0.042	0.213	0.012	0.997	0.994	-43.442	0.261	0.157
-5.0	-0.337	0.01010	-0.043	0.193	0.015	0.996	0.995	-33.359	0.261	0.122
-4.0	-0.220	0.00981	-0.044	0.169	0.017	0.996	0.997	-22.418	0.261	0.048
-3.0	-0.101	0.01058	-0.046	0.145	0.023	0.996	0.997	-9.578	0.261	-0.201
-2.0	0.018	0.01043	-0.047	0.129	0.032	0.995	0.998	1.756	0.261	2.817
-1.0	0.138	0.01036	-0.048	0.102	0.046	0.995	0.998	13.365	0.261	0.599
0.0	0.258	0.01033	-0.050	0.083	0.059	0.995	0.998	25.008	0.261	0.442
1.0	0.378	0.01050	-0.051	0.066	0.077	0.995	0.998	35.990	0.261	0.385
2.0	0.497	0.01074	-0.052	0.046	0.101	0.994	0.998	46.294	0.262	0.355
3.0	0.616	0.01108	-0.054	0.031	0.119	0.993	0.998	55.572	0.262	0.337
4.0	0.733	0.01149	-0.055	0.023	0.142	0.992	0.998	63.750	0.262	0.325
5.0	0.847	0.01205	-0.057	0.015	0.172	0.991	0.998	70.290	0.262	0.317
6.0	0.958	0.01275	-0.058	0.012	0.191	0.990	0.999	75.117	0.263	0.311
7.0	1.064	0.01190	-0.059	0.010	0.218	0.986	0.999	89.388	0.264	0.306
8.0	1.159	0.01725	-0.061	0.007	0.254	0.981	0.999	67.207	0.265	0.302
9.0	1.243	0.01876	-0.062	0.005	0.274	0.972	0.999	66.288	0.267	0.300
10.0	1.314	0.02055	-0.063	0.004	0.308	0.959	0.999	63.925	0.269	0.298
11.0	1.368	0.02257	-0.064	0.003	0.350	0.937	0.999	60.598	0.273	0.297
12.0	1.403	0.02505	-0.065	0.003	0.399	0.906	0.999	56.020	0.284	0.297
13.0	1.419	0.02816	-0.066	0.003	0.448	0.863	0.999	50.376	0.414	0.297
14.0	1.409	0.03357	-0.066	0.003	0.463	0.790	0.999	41.971	0.251	0.297
15.0	1.380	0.04109	-0.066	0.003	0.501	0.703	0.999	33.589	0.262	0.298
16.0	1.335	0.05196	-0.065	0.003	0.526	0.606	0.999	25.695	0.273	0.299
17.0	1.271	0.07037	-0.064	0.003	0.565	0.479	0.999	18.064	0.282	0.300
18.0	1.201	0.09509	-0.061	0.002	0.610	0.357	0.999	12.630	0.287	0.301
19.0	1.133	0.12156	-0.058	0.002	0.656	0.261	0.999	9.321	0.309	0.302
20.0	1.056	0.16278	-0.053	0.001	0.704	0.141	0.999	6.486	0.326	0.300

Name = NACA 2412
Mach = 0; Re = 4830000; T.U. = 1.0; T.L. = 1.0
Surface Finish = 2; Stall model = 0; Transition model = 1; Aspect Ratio = 0; ground effect = 0
?	Cl	Cd	Cm 0.25	T.U.	T.L.	S.U.	S.L.	L/D	A.C.	C.P.
[°]	[-]	[-]	[-]	[-]	[-]	[-]	[-]	[-]	[-]	[-]
-20.0	-0.793	0.18448	-0.016	0.558	0.001	0.996	0.058	-4.300	0.232	0.230
-19.0	-0.832	0.16539	-0.016	0.519	0.001	0.996	0.063	-5.030	0.222	0.230
-18.0	-0.854	0.14683	-0.017	0.498	0.002	0.996	0.074	-5.820	0.182	0.230
-17.0	-0.875	0.12276	-0.019	0.456	0.003	0.996	0.108	-7.127	0.139	0.228
-16.0	-0.889	0.10305	-0.021	0.420	0.004	0.996	0.149	-8.624	0.063	0.226
-15.0	-0.895	0.08527	-0.023	0.403	0.005	0.996	0.199	-10.500	-0.365	0.224
-14.0	-0.895	0.06803	-0.025	0.379	0.005	0.996	0.270	-13.161	-0.145	0.222
-13.0	-0.911	0.04197	-0.029	0.357	0.005	0.997	0.477	-21.703	-0.113	0.218
-12.0	-0.916	0.02535	-0.033	0.347	0.005	0.997	0.709	-36.113	0.742	0.214
-11.0	-0.898	0.01794	-0.036	0.312	0.005	0.997	0.919	-50.076	0.304	0.210
-10.0	-0.836	0.01585	-0.037	0.299	0.005	0.997	0.971	-52.764	0.269	0.206
-9.0	-0.755	0.01099	-0.038	0.267	0.006	0.997	0.985	-68.713	0.264	0.199
-8.0	-0.662	0.01145	-0.039	0.253	0.006	0.997	0.991	-57.782	0.262	0.190
-7.0	-0.560	0.01084	-0.041	0.223	0.007	0.997	0.992	-51.642	0.261	0.177
-6.0	-0.451	0.01034	-0.042	0.208	0.011	0.997	0.994	-43.621	0.261	0.157
-5.0	-0.337	0.00995	-0.043	0.180	0.015	0.997	0.995	-33.883	0.261	0.122
-4.0	-0.220	0.00977	-0.044	0.165	0.016	0.996	0.997	-22.528	0.261	0.048
-3.0	-0.101	0.01055	-0.046	0.137	0.022	0.996	0.997	-9.609	0.261	-0.201
-2.0	0.018	0.01025	-0.047	0.126	0.031	0.996	0.998	1.787	0.261	2.817
-1.0	0.138	0.01031	-0.048	0.098	0.043	0.995	0.998	13.420	0.261	0.599
0.0	0.258	0.01030	-0.050	0.076	0.056	0.995	0.998	25.075	0.261	0.442
1.0	0.378	0.01039	-0.051	0.063	0.074	0.995	0.998	36.388	0.261	0.385
2.0	0.497	0.01064	-0.052	0.044	0.096	0.994	0.998	46.750	0.262	0.355
3.0	0.616	0.01103	-0.054	0.029	0.112	0.993	0.998	55.834	0.262	0.337
4.0	0.733	0.01137	-0.055	0.023	0.138	0.992	0.998	64.467	0.262	0.325
5.0	0.847	0.01188	-0.057	0.014	0.162	0.991	0.998	71.318	0.262	0.317
6.0	0.958	0.01261	-0.058	0.011	0.182	0.990	0.999	75.964	0.263	0.311
7.0	1.064	0.01175	-0.059	0.010	0.214	0.987	0.999	90.544	0.264	0.306
8.0	1.159	0.01707	-0.061	0.006	0.235	0.981	0.999	67.894	0.265	0.302
9.0	1.244	0.01852	-0.062	0.005	0.264	0.974	0.999	67.163	0.267	0.300
10.0	1.314	0.02025	-0.063	0.004	0.300	0.960	0.999	64.911	0.269	0.298
11.0	1.368	0.02227	-0.064	0.003	0.326	0.940	0.999	61.443	0.274	0.297
12.0	1.404	0.02469	-0.065	0.003	0.369	0.910	0.999	56.864	0.284	0.297
13.0	1.420	0.02770	-0.066	0.003	0.414	0.869	0.999	51.285	0.393	0.297
14.0	1.411	0.03281	-0.066	0.003	0.453	0.798	0.999	43.015	0.247	0.297
15.0	1.383	0.04000	-0.066	0.003	0.473	0.714	0.999	34.581	0.263	0.298
16.0	1.336	0.05134	-0.065	0.003	0.509	0.609	0.999	26.023	0.271	0.299
17.0	1.275	0.06807	-0.064	0.003	0.548	0.494	0.999	18.738	0.279	0.300
18.0	1.205	0.09201	-0.062	0.002	0.578	0.373	0.999	13.101	0.289	0.301
19.0	1.133	0.12109	-0.058	0.002	0.620	0.262	0.999	9.358	0.316	0.302
20.0	1.052	0.16714	-0.052	0.001	0.666	0.128	0.999	6.296	0.336	0.299

Name = NACA 2412
Mach = 0; Re = 5230000; T.U. = 1.0; T.L. = 1.0
Surface Finish = 2; Stall model = 0; Transition model = 1; Aspect Ratio = 0; ground effect = 0
?	Cl	Cd	Cm 0.25	T.U.	T.L.	S.U.	S.L.	L/D	A.C.	C.P.
[°]	[-]	[-]	[-]	[-]	[-]	[-]	[-]	[-]	[-]	[-]
-20.0	-0.793	0.18479	-0.016	0.535	0.001	0.996	0.058	-4.293	0.232	0.230
-19.0	-0.832	0.16557	-0.016	0.508	0.001	0.996	0.063	-5.024	0.222	0.230
-18.0	-0.854	0.14696	-0.017	0.469	0.002	0.996	0.074	-5.815	0.186	0.230
-17.0	-0.873	0.12505	-0.019	0.442	0.003	0.996	0.100	-6.982	0.138	0.228
-16.0	-0.890	0.10161	-0.021	0.410	0.004	0.996	0.155	-8.759	0.069	0.226
-15.0	-0.897	0.08372	-0.023	0.398	0.005	0.997	0.207	-10.713	-0.266	0.224
-14.0	-0.898	0.06614	-0.026	0.365	0.005	0.997	0.283	-13.579	-0.079	0.221
-13.0	-0.916	0.03975	-0.030	0.351	0.005	0.997	0.502	-23.040	-0.077	0.218
-12.0	-0.920	0.02414	-0.033	0.328	0.005	0.997	0.734	-38.134	0.589	0.214
-11.0	-0.899	0.01775	-0.036	0.305	0.005	0.997	0.920	-50.616	0.298	0.210
-10.0	-0.836	0.01563	-0.037	0.291	0.005	0.997	0.973	-53.507	0.269	0.206
-9.0	-0.755	0.01089	-0.038	0.259	0.006	0.997	0.986	-69.322	0.264	0.199
-8.0	-0.662	0.01124	-0.039	0.249	0.006	0.997	0.991	-58.898	0.262	0.190
-7.0	-0.560	0.01074	-0.041	0.215	0.007	0.997	0.992	-52.102	0.261	0.177
-6.0	-0.451	0.01020	-0.042	0.205	0.010	0.997	0.994	-44.182	0.261	0.157
-5.0	-0.337	0.00991	-0.043	0.173	0.014	0.997	0.995	-34.007	0.261	0.122
-4.0	-0.220	0.00960	-0.044	0.161	0.016	0.997	0.997	-22.914	0.261	0.048
-3.0	-0.101	0.01045	-0.046	0.132	0.021	0.996	0.997	-9.694	0.261	-0.201
-2.0	0.018	0.01024	-0.047	0.112	0.030	0.996	0.998	1.788	0.261	2.817
-1.0	0.138	0.01015	-0.048	0.096	0.040	0.995	0.998	13.638	0.261	0.599
0.0	0.258	0.01023	-0.050	0.072	0.053	0.995	0.998	25.257	0.261	0.442
1.0	0.378	0.01030	-0.051	0.057	0.073	0.995	0.998	36.684	0.261	0.385
2.0	0.497	0.01054	-0.052	0.042	0.089	0.994	0.998	47.172	0.262	0.355
3.0	0.616	0.01086	-0.054	0.028	0.108	0.993	0.998	56.670	0.262	0.337
4.0	0.733	0.01125	-0.055	0.021	0.135	0.993	0.998	65.121	0.262	0.325
5.0	0.847	0.01182	-0.057	0.014	0.151	0.991	0.998	71.644	0.262	0.317
6.0	0.958	0.01245	-0.058	0.011	0.177	0.991	0.999	76.945	0.263	0.311
7.0	1.064	0.01161	-0.059	0.010	0.210	0.988	0.999	91.671	0.264	0.306
8.0	1.159	0.01244	-0.061	0.006	0.224	0.982	0.999	93.230	0.265	0.302
9.0	1.244	0.01833	-0.062	0.004	0.258	0.975	0.999	67.883	0.267	0.300
10.0	1.315	0.01998	-0.063	0.004	0.284	0.961	0.999	65.794	0.269	0.298
11.0	1.369	0.02196	-0.064	0.003	0.312	0.942	0.999	62.342	0.274	0.297
12.0	1.405	0.02435	-0.065	0.003	0.353	0.913	0.999	57.710	0.284	0.297
13.0	1.421	0.02737	-0.066	0.003	0.400	0.873	0.999	51.924	0.381	0.297
14.0	1.414	0.03218	-0.067	0.003	0.445	0.806	0.999	43.928	0.244	0.297
15.0	1.386	0.03902	-0.066	0.003	0.461	0.724	0.999	35.526	0.261	0.298
16.0	1.340	0.04988	-0.066	0.003	0.495	0.622	0.999	26.862	0.270	0.299
17.0	1.279	0.06602	-0.064	0.003	0.519	0.508	0.999	19.376	0.278	0.300
18.0	1.209	0.08932	-0.062	0.002	0.559	0.386	0.999	13.536	0.299	0.301
19.0	1.123	0.12946	-0.057	0.001	0.604	0.224	0.999	8.675	0.317	0.300
20.0	1.052	0.16676	-0.051	0.001	0.638	0.127	0.999	6.309	0.323	0.299

Name = NACA 2412
Mach = 0; Re = 5630000; T.U. = 1.0; T.L. = 1.0
Surface Finish = 2; Stall model = 0; Transition model = 1; Aspect Ratio = 0; ground effect = 0
?	Cl	Cd	Cm 0.25	T.U.	T.L.	S.U.	S.L.	L/D	A.C.	C.P.
[°]	[-]	[-]	[-]	[-]	[-]	[-]	[-]	[-]	[-]	[-]
-20.0	-0.794	0.18331	-0.016	0.517	0.001	0.996	0.059	-4.329	0.230	0.230
-19.0	-0.832	0.16322	-0.017	0.495	0.001	0.996	0.066	-5.100	0.222	0.230
-18.0	-0.855	0.14616	-0.018	0.456	0.001	0.996	0.075	-5.848	0.189	0.229
-17.0	-0.873	0.12500	-0.019	0.421	0.002	0.996	0.100	-6.984	0.139	0.228
-16.0	-0.890	0.10167	-0.021	0.403	0.004	0.997	0.153	-8.750	0.075	0.226
-15.0	-0.899	0.08214	-0.024	0.382	0.005	0.997	0.215	-10.941	-0.158	0.224
-14.0	-0.901	0.06448	-0.026	0.357	0.005	0.997	0.295	-13.968	-0.111	0.221
-13.0	-0.915	0.03982	-0.030	0.347	0.005	0.997	0.499	-22.992	-0.052	0.218
-12.0	-0.925	0.02314	-0.033	0.314	0.005	0.997	0.756	-39.960	0.632	0.214
-11.0	-0.900	0.01745	-0.036	0.300	0.005	0.997	0.927	-51.568	0.294	0.210
-10.0	-0.837	0.01547	-0.037	0.272	0.005	0.997	0.975	-54.097	0.268	0.206
-9.0	-0.755	0.01079	-0.038	0.254	0.005	0.997	0.987	-69.985	0.264	0.199
-8.0	-0.662	0.01122	-0.039	0.230	0.006	0.997	0.991	-58.991	0.262	0.190
-7.0	-0.560	0.01061	-0.041	0.210	0.007	0.997	0.993	-52.764	0.261	0.177
-6.0	-0.451	0.01015	-0.042	0.189	0.010	0.997	0.994	-44.414	0.261	0.157
-5.0	-0.337	0.00979	-0.043	0.169	0.014	0.997	0.996	-34.426	0.261	0.122
-4.0	-0.220	0.00960	-0.044	0.146	0.016	0.997	0.997	-22.924	0.261	0.048
-3.0	-0.101	0.01033	-0.046	0.129	0.020	0.996	0.998	-9.806	0.261	-0.201
-2.0	0.018	0.01017	-0.047	0.105	0.030	0.996	0.998	1.801	0.261	2.817
-1.0	0.138	0.01011	-0.048	0.094	0.038	0.995	0.998	13.689	0.261	0.599
0.0	0.258	0.01012	-0.050	0.069	0.052	0.995	0.998	25.519	0.261	0.442
1.0	0.378	0.01026	-0.051	0.052	0.071	0.995	0.998	36.839	0.261	0.385
2.0	0.497	0.01044	-0.052	0.041	0.084	0.994	0.998	47.616	0.262	0.355
3.0	0.616	0.01076	-0.054	0.026	0.105	0.994	0.998	57.229	0.262	0.337
4.0	0.733	0.01114	-0.055	0.019	0.133	0.993	0.998	65.754	0.262	0.325
5.0	0.847	0.01171	-0.057	0.013	0.145	0.992	0.998	72.364	0.262	0.317
6.0	0.958	0.01231	-0.058	0.011	0.173	0.991	0.999	77.837	0.263	0.311
7.0	1.064	0.01153	-0.059	0.009	0.194	0.988	0.999	92.267	0.264	0.306
8.0	1.159	0.01233	-0.061	0.006	0.218	0.982	0.999	94.016	0.265	0.302
9.0	1.244	0.01809	-0.062	0.004	0.254	0.976	0.999	68.766	0.267	0.300
10.0	1.315	0.01981	-0.063	0.003	0.271	0.963	0.999	66.390	0.269	0.298
11.0	1.370	0.02173	-0.064	0.003	0.304	0.944	0.999	63.013	0.274	0.297
12.0	1.406	0.02401	-0.065	0.003	0.338	0.917	0.999	58.564	0.284	0.297
13.0	1.423	0.02698	-0.066	0.003	0.375	0.877	0.999	52.717	0.373	0.297
14.0	1.415	0.03163	-0.067	0.003	0.416	0.812	0.999	44.755	0.244	0.297
15.0	1.387	0.03868	-0.066	0.002	0.453	0.726	0.999	35.854	0.259	0.298
16.0	1.343	0.04855	-0.066	0.003	0.472	0.632	0.999	27.657	0.268	0.299
17.0	1.283	0.06411	-0.065	0.003	0.507	0.521	0.999	20.011	0.277	0.300
18.0	1.213	0.08698	-0.062	0.002	0.542	0.399	0.999	13.941	0.306	0.302
19.0	1.116	0.13530	-0.055	0.001	0.573	0.199	0.999	8.251	0.319	0.300
20.0	1.051	0.16752	-0.051	0.001	0.614	0.124	0.999	6.277	0.313	0.299

Name = NACA 2412
Mach = 0; Re = 6030000; T.U. = 1.0; T.L. = 1.0
Surface Finish = 2; Stall model = 0; Transition model = 1; Aspect Ratio = 0; ground effect = 0
?	Cl	Cd	Cm 0.25	T.U.	T.L.	S.U.	S.L.	L/D	A.C.	C.P.
[°]	[-]	[-]	[-]	[-]	[-]	[-]	[-]	[-]	[-]	[-]
-20.0	-0.794	0.18224	-0.016	0.508	0.001	0.996	0.060	-4.356	0.232	0.230
-19.0	-0.832	0.16408	-0.017	0.470	0.001	0.996	0.065	-5.073	0.223	0.230
-18.0	-0.855	0.14626	-0.018	0.449	0.001	0.996	0.074	-5.843	0.190	0.229
-17.0	-0.872	0.12623	-0.019	0.411	0.002	0.997	0.097	-6.911	0.141	0.228
-16.0	-0.886	0.10534	-0.021	0.399	0.003	0.997	0.136	-8.412	0.080	0.226
-15.0	-0.901	0.08057	-0.024	0.367	0.005	0.997	0.224	-11.179	-0.050	0.224
-14.0	-0.903	0.06273	-0.026	0.352	0.005	0.997	0.308	-14.401	-0.065	0.221
-13.0	-0.920	0.03791	-0.030	0.338	0.005	0.997	0.522	-24.270	-0.038	0.217
-12.0	-0.928	0.02232	-0.033	0.307	0.005	0.997	0.776	-41.606	0.549	0.214
-11.0	-0.901	0.01721	-0.036	0.297	0.005	0.997	0.933	-52.339	0.291	0.210
-10.0	-0.837	0.01527	-0.037	0.262	0.005	0.997	0.976	-54.801	0.268	0.206
-9.0	-0.755	0.01065	-0.038	0.250	0.005	0.997	0.987	-70.910	0.264	0.199
-8.0	-0.662	0.01115	-0.039	0.220	0.005	0.997	0.991	-59.372	0.262	0.190
-7.0	-0.560	0.01056	-0.041	0.207	0.007	0.997	0.993	-53.001	0.261	0.177
-6.0	-0.451	0.01005	-0.042	0.179	0.009	0.997	0.994	-44.863	0.261	0.157
-5.0	-0.337	0.00970	-0.043	0.166	0.014	0.997	0.996	-34.753	0.261	0.122
-4.0	-0.220	0.00957	-0.044	0.139	0.015	0.997	0.997	-22.984	0.261	0.048
-3.0	-0.101	0.01025	-0.046	0.127	0.019	0.997	0.998	-9.890	0.261	-0.201
-2.0	0.018	0.01008	-0.047	0.101	0.029	0.996	0.998	1.816	0.261	2.817
-1.0	0.138	0.01004	-0.048	0.088	0.036	0.996	0.998	13.790	0.261	0.599
0.0	0.258	0.01008	-0.050	0.067	0.051	0.995	0.998	25.626	0.261	0.442
1.0	0.378	0.01012	-0.051	0.049	0.069	0.995	0.998	37.368	0.261	0.385
2.0	0.497	0.01035	-0.052	0.039	0.080	0.994	0.998	48.035	0.262	0.355
3.0	0.616	0.01071	-0.054	0.026	0.103	0.994	0.998	57.512	0.262	0.337
4.0	0.733	0.01106	-0.055	0.019	0.122	0.993	0.998	66.229	0.262	0.325
5.0	0.847	0.01160	-0.057	0.013	0.140	0.992	0.998	73.022	0.262	0.317
6.0	0.958	0.01222	-0.058	0.011	0.171	0.991	0.999	78.425	0.263	0.311
7.0	1.064	0.01144	-0.059	0.009	0.185	0.989	0.999	93.078	0.264	0.306
8.0	1.160	0.01221	-0.061	0.005	0.214	0.983	0.999	94.987	0.265	0.302
9.0	1.245	0.01792	-0.062	0.004	0.238	0.977	0.999	69.433	0.267	0.300
10.0	1.315	0.01957	-0.063	0.003	0.263	0.964	0.999	67.208	0.269	0.298
11.0	1.370	0.02149	-0.065	0.003	0.300	0.946	0.999	63.765	0.274	0.297
12.0	1.407	0.02373	-0.066	0.003	0.319	0.919	0.999	59.293	0.285	0.297
13.0	1.424	0.02660	-0.066	0.003	0.359	0.881	0.999	53.517	0.368	0.297
14.0	1.417	0.03108	-0.067	0.003	0.403	0.818	0.999	45.602	0.241	0.297
15.0	1.389	0.03787	-0.067	0.002	0.448	0.735	0.999	36.684	0.258	0.298
16.0	1.346	0.04739	-0.066	0.003	0.461	0.643	0.999	28.398	0.267	0.299
17.0	1.286	0.06241	-0.065	0.003	0.498	0.532	0.999	20.610	0.280	0.300
18.0	1.209	0.08913	-0.062	0.002	0.519	0.385	0.999	13.562	0.307	0.301
19.0	1.116	0.13536	-0.055	0.001	0.558	0.197	0.999	8.244	0.319	0.299
20.0	1.051	0.16786	-0.051	0.001	0.598	0.124	0.999	6.263	0.312	0.299

Name = NACA 2412
Mach = 0; Re = 6430000; T.U. = 1.0; T.L. = 1.0
Surface Finish = 2; Stall model = 0; Transition model = 1; Aspect Ratio = 0; ground effect = 0
?	Cl	Cd	Cm 0.25	T.U.	T.L.	S.U.	S.L.	L/D	A.C.	C.P.
[°]	[-]	[-]	[-]	[-]	[-]	[-]	[-]	[-]	[-]	[-]
-20.0	-0.794	0.18228	-0.016	0.502	0.001	0.996	0.059	-4.353	0.229	0.230
-19.0	-0.833	0.16349	-0.017	0.458	0.001	0.996	0.066	-5.092	0.221	0.230
-18.0	-0.855	0.14519	-0.018	0.426	0.001	0.996	0.076	-5.889	0.190	0.229
-17.0	-0.873	0.12539	-0.019	0.405	0.002	0.997	0.098	-6.960	0.144	0.228
-16.0	-0.885	0.10637	-0.021	0.394	0.003	0.997	0.132	-8.321	0.084	0.226
-15.0	-0.902	0.07916	-0.024	0.359	0.005	0.997	0.233	-11.400	-0.015	0.223
-14.0	-0.906	0.06103	-0.026	0.349	0.005	0.997	0.321	-14.845	-0.033	0.221
-13.0	-0.924	0.03631	-0.030	0.320	0.005	0.997	0.542	-25.450	-0.027	0.217
-12.0	-0.932	0.02159	-0.034	0.303	0.005	0.997	0.793	-43.159	0.496	0.214
-11.0	-0.902	0.01698	-0.036	0.283	0.005	0.997	0.937	-53.087	0.288	0.210
-10.0	-0.837	0.01513	-0.037	0.258	0.005	0.997	0.977	-55.329	0.268	0.206
-9.0	-0.755	0.01056	-0.038	0.248	0.005	0.997	0.988	-71.528	0.264	0.199
-8.0	-0.662	0.01100	-0.039	0.214	0.005	0.997	0.991	-60.158	0.262	0.190
-7.0	-0.560	0.01038	-0.041	0.204	0.006	0.997	0.993	-53.906	0.261	0.177
-6.0	-0.451	0.01003	-0.042	0.174	0.009	0.997	0.994	-44.974	0.261	0.157
-5.0	-0.337	0.00959	-0.043	0.164	0.014	0.997	0.996	-35.151	0.261	0.122
-4.0	-0.220	0.00942	-0.044	0.134	0.015	0.997	0.997	-23.347	0.261	0.048
-3.0	-0.101	0.01013	-0.046	0.126	0.018	0.997	0.998	-10.006	0.261	-0.201
-2.0	0.018	0.01000	-0.047	0.098	0.029	0.996	0.998	1.831	0.261	2.817
-1.0	0.138	0.00996	-0.048	0.080	0.035	0.996	0.998	13.904	0.261	0.599
0.0	0.258	0.00992	-0.050	0.066	0.050	0.996	0.998	26.037	0.261	0.442
1.0	0.378	0.01012	-0.051	0.047	0.064	0.995	0.998	37.339	0.261	0.385
2.0	0.497	0.01027	-0.052	0.036	0.078	0.994	0.998	48.432	0.262	0.355
3.0	0.616	0.01055	-0.054	0.025	0.102	0.994	0.998	58.358	0.262	0.337
4.0	0.733	0.01098	-0.055	0.017	0.116	0.993	0.998	66.762	0.262	0.325
5.0	0.847	0.01149	-0.057	0.012	0.138	0.992	0.998	73.734	0.262	0.317
6.0	0.958	0.01210	-0.058	0.011	0.165	0.991	0.999	79.214	0.263	0.311
7.0	1.064	0.01136	-0.059	0.008	0.180	0.989	0.999	93.689	0.264	0.306
8.0	1.160	0.01211	-0.061	0.005	0.211	0.983	0.999	95.731	0.265	0.302
9.0	1.245	0.01777	-0.062	0.004	0.227	0.977	0.999	70.059	0.267	0.300
10.0	1.316	0.01937	-0.063	0.003	0.259	0.965	0.999	67.915	0.269	0.298
11.0	1.371	0.02125	-0.065	0.003	0.284	0.948	0.999	64.512	0.274	0.297
12.0	1.407	0.02352	-0.066	0.003	0.310	0.921	0.999	59.841	0.285	0.297
13.0	1.425	0.02626	-0.066	0.003	0.350	0.884	0.999	54.248	0.361	0.297
14.0	1.419	0.03061	-0.067	0.003	0.392	0.824	0.999	46.348	0.239	0.297
15.0	1.392	0.03718	-0.067	0.002	0.422	0.742	0.999	37.431	0.257	0.298
16.0	1.348	0.04634	-0.066	0.003	0.454	0.652	0.999	29.102	0.266	0.299
17.0	1.289	0.06091	-0.065	0.003	0.475	0.542	0.999	21.165	0.286	0.301
18.0	1.200	0.09448	-0.061	0.001	0.508	0.353	0.999	12.701	0.311	0.301
19.0	1.112	0.13896	-0.054	0.001	0.545	0.182	0.999	8.002	0.316	0.299
20.0	1.051	0.16804	-0.051	0.001	0.573	0.123	0.999	6.255	0.303	0.299


