Name = NACA 2415
Mach = 0; Re = 30000; T.U. = 1.0; T.L. = 1.0
Surface Finish = 2; Stall model = 0; Transition model = 1; Aspect Ratio = 0; ground effect = 0
?	Cl	Cd	Cm 0.25	T.U.	T.L.	S.U.	S.L.	L/D	A.C.	C.P.
[°]	[-]	[-]	[-]	[-]	[-]	[-]	[-]	[-]	[-]	[-]
-20.0	-1.046	0.35384	-0.009	0.944	0.007	0.971	0.012	-2.955	0.186	0.242
-19.0	-1.054	0.31508	-0.009	0.940	0.008	0.968	0.013	-3.345	0.127	0.241
-18.0	-1.055	0.27656	-0.010	0.936	0.009	0.966	0.014	-3.814	0.449	0.241
-17.0	-1.047	0.24750	-0.011	0.930	0.009	0.964	0.016	-4.231	0.307	0.240
-16.0	-1.030	0.21588	-0.011	0.921	0.011	0.962	0.017	-4.771	0.283	0.239
-15.0	-1.003	0.19536	-0.012	0.914	0.011	0.961	0.019	-5.135	0.273	0.238
-14.0	-0.966	0.16947	-0.013	0.907	0.014	0.958	0.020	-5.700	0.269	0.237
-13.0	-0.919	0.14951	-0.014	0.895	0.015	0.955	0.023	-6.149	0.267	0.235
-12.0	-0.863	0.13019	-0.015	0.883	0.017	0.951	0.025	-6.628	0.265	0.233
-11.0	-0.798	0.11414	-0.016	0.871	0.019	0.947	0.027	-6.989	0.266	0.230
-10.0	-0.725	0.09985	-0.017	0.852	0.021	0.944	0.032	-7.263	0.269	0.227
-9.0	-0.646	0.08755	-0.018	0.838	0.024	0.939	0.041	-7.381	0.271	0.221
-8.0	-0.561	0.07728	-0.020	0.813	0.030	0.938	0.055	-7.258	0.277	0.214
-7.0	-0.472	0.06792	-0.023	0.789	0.039	0.934	0.083	-6.957	0.302	0.201
-6.0	-0.390	0.05544	-0.029	0.760	0.051	0.931	0.222	-7.043	0.370	0.175
-5.0	-0.333	0.03581	-0.040	0.725	0.072	0.928	0.848	-9.306	0.326	0.131
-4.0	-0.220	0.03379	-0.042	0.685	0.121	0.926	0.936	-6.518	0.268	0.059
-3.0	-0.100	0.03267	-0.044	0.638	0.181	0.925	0.961	-3.073	0.265	-0.188
-2.0	0.021	0.03203	-0.046	0.585	0.252	0.925	0.972	0.664	0.264	2.402
-1.0	0.143	0.03168	-0.047	0.524	0.456	0.924	0.965	4.523	0.264	0.581
0.0	0.263	0.03208	-0.049	0.458	0.541	0.923	0.967	8.195	0.264	0.437
1.0	0.382	0.03280	-0.051	0.421	0.626	0.907	0.966	11.654	0.262	0.382
2.0	0.499	0.03392	-0.052	0.392	0.712	0.879	0.963	14.716	0.262	0.354
3.0	0.614	0.03558	-0.053	0.359	0.780	0.846	0.961	17.244	0.261	0.337
4.0	0.725	0.03774	-0.055	0.321	0.830	0.810	0.960	19.206	0.262	0.325
5.0	0.834	0.04049	-0.056	0.273	0.865	0.779	0.961	20.587	0.263	0.317
6.0	0.940	0.04386	-0.057	0.213	0.888	0.756	0.963	21.440	0.264	0.311
7.0	1.043	0.04811	-0.059	0.138	0.908	0.735	0.966	21.675	0.264	0.306
8.0	1.138	0.05310	-0.060	0.061	0.921	0.704	0.969	21.425	0.254	0.303
9.0	1.201	0.06192	-0.059	0.037	0.934	0.579	0.973	19.399	-0.217	0.299
10.0	1.167	0.09235	-0.046	0.029	0.941	0.144	0.976	12.638	-1.524	0.290
11.0	1.213	0.10927	-0.039	0.020	0.949	0.053	0.978	11.100	0.154	0.282
12.0	1.266	0.12501	-0.037	0.017	0.957	0.035	0.979	10.126	0.217	0.279
13.0	1.311	0.14289	-0.036	0.014	0.960	0.027	0.981	9.176	0.229	0.277
14.0	1.346	0.16328	-0.035	0.013	0.964	0.021	0.983	8.246	0.241	0.276
15.0	1.371	0.18429	-0.035	0.012	0.968	0.019	0.984	7.439	0.254	0.276
16.0	1.384	0.21046	-0.035	0.010	0.972	0.017	0.987	6.576	0.270	0.275
17.0	1.386	0.23948	-0.035	0.009	0.976	0.016	0.988	5.788	0.177	0.276
18.0	1.378	0.26741	-0.036	0.008	0.978	0.015	0.989	5.152	0.237	0.276
19.0	1.360	0.30303	-0.036	0.007	0.979	0.014	0.991	4.486	0.251	0.276
20.0	1.333	0.33534	-0.036	0.006	0.981	0.012	0.992	3.975	0.257	0.277

Name = NACA 2415
Mach = 0; Re = 430000; T.U. = 1.0; T.L. = 1.0
Surface Finish = 2; Stall model = 0; Transition model = 1; Aspect Ratio = 0; ground effect = 0
?	Cl	Cd	Cm 0.25	T.U.	T.L.	S.U.	S.L.	L/D	A.C.	C.P.
[°]	[-]	[-]	[-]	[-]	[-]	[-]	[-]	[-]	[-]	[-]
-20.0	-1.059	0.19957	-0.012	0.895	0.007	0.991	0.064	-5.307	0.166	0.238
-19.0	-1.069	0.17923	-0.013	0.883	0.007	0.991	0.071	-5.965	0.110	0.238
-18.0	-1.073	0.15892	-0.014	0.871	0.008	0.992	0.084	-6.752	2.298	0.237
-17.0	-1.068	0.14056	-0.015	0.851	0.008	0.992	0.096	-7.597	0.394	0.236
-16.0	-1.056	0.12307	-0.017	0.835	0.009	0.992	0.117	-8.577	0.341	0.234
-15.0	-1.035	0.10648	-0.018	0.809	0.010	0.992	0.146	-9.719	0.324	0.232
-14.0	-1.008	0.08912	-0.020	0.784	0.011	0.992	0.193	-11.305	0.327	0.230
-13.0	-0.977	0.07050	-0.023	0.756	0.014	0.992	0.275	-13.858	0.351	0.227
-12.0	-0.950	0.05017	-0.026	0.722	0.016	0.992	0.431	-18.938	0.374	0.222
-11.0	-0.922	0.03312	-0.030	0.686	0.017	0.992	0.652	-27.821	0.327	0.218
-10.0	-0.867	0.02521	-0.033	0.650	0.019	0.992	0.823	-34.404	0.286	0.212
-9.0	-0.786	0.02177	-0.035	0.609	0.022	0.992	0.913	-36.081	0.272	0.206
-8.0	-0.685	0.01970	-0.037	0.563	0.026	0.992	0.952	-34.768	0.267	0.197
-7.0	-0.575	0.01821	-0.038	0.516	0.033	0.992	0.970	-31.581	0.265	0.184
-6.0	-0.460	0.01711	-0.040	0.464	0.041	0.991	0.979	-26.920	0.264	0.163
-5.0	-0.343	0.01254	-0.042	0.426	0.054	0.991	0.984	-27.333	0.264	0.129
-4.0	-0.223	0.01211	-0.043	0.402	0.071	0.991	0.989	-18.382	0.264	0.056
-3.0	-0.101	0.01277	-0.045	0.374	0.096	0.990	0.991	-7.910	0.264	-0.194
-2.0	0.021	0.01257	-0.047	0.352	0.129	0.990	0.992	1.699	0.264	2.432
-1.0	0.144	0.01142	-0.048	0.321	0.165	0.990	0.992	12.618	0.264	0.585
0.0	0.266	0.01139	-0.050	0.292	0.206	0.988	0.993	23.389	0.264	0.438
1.0	0.388	0.01154	-0.052	0.257	0.250	0.985	0.994	33.654	0.264	0.383
2.0	0.510	0.01175	-0.054	0.221	0.300	0.982	0.994	43.406	0.264	0.355
3.0	0.630	0.01635	-0.055	0.184	0.378	0.979	0.995	38.559	0.265	0.338
4.0	0.749	0.01741	-0.057	0.147	0.467	0.973	0.996	43.038	0.265	0.326
5.0	0.866	0.01889	-0.059	0.109	0.513	0.965	0.997	45.847	0.265	0.318
6.0	0.980	0.02112	-0.060	0.077	0.565	0.955	0.997	46.383	0.265	0.312
7.0	1.088	0.02308	-0.062	0.052	0.626	0.940	0.997	47.124	0.265	0.307
8.0	1.190	0.02530	-0.064	0.036	0.694	0.920	0.997	47.031	0.265	0.303
9.0	1.284	0.02772	-0.065	0.028	0.758	0.896	0.997	46.328	0.265	0.301
10.0	1.369	0.03090	-0.066	0.021	0.809	0.863	0.997	44.325	0.265	0.298
11.0	1.443	0.03473	-0.067	0.017	0.848	0.822	0.997	41.540	0.266	0.297
12.0	1.496	0.03962	-0.068	0.014	0.877	0.770	0.998	37.771	0.265	0.296
13.0	1.533	0.04623	-0.069	0.012	0.901	0.707	0.997	33.148	0.264	0.295
14.0	1.552	0.05465	-0.069	0.012	0.915	0.637	0.998	28.408	0.248	0.294
15.0	1.554	0.06645	-0.069	0.010	0.930	0.555	0.997	23.382	0.331	0.294
16.0	1.538	0.08249	-0.068	0.009	0.939	0.464	0.998	18.646	0.301	0.294
17.0	1.511	0.10265	-0.067	0.007	0.948	0.377	0.997	14.716	0.302	0.294
18.0	1.471	0.12767	-0.064	0.006	0.957	0.287	0.998	11.520	0.308	0.294
19.0	1.425	0.15569	-0.062	0.006	0.961	0.207	0.998	9.153	0.306	0.293
20.0	1.380	0.18278	-0.059	0.005	0.966	0.155	0.998	7.553	0.301	0.293

Name = NACA 2415
Mach = 0; Re = 830000; T.U. = 1.0; T.L. = 1.0
Surface Finish = 2; Stall model = 0; Transition model = 1; Aspect Ratio = 0; ground effect = 0
?	Cl	Cd	Cm 0.25	T.U.	T.L.	S.U.	S.L.	L/D	A.C.	C.P.
[°]	[-]	[-]	[-]	[-]	[-]	[-]	[-]	[-]	[-]	[-]
-20.0	-1.067	0.17951	-0.013	0.851	0.006	0.993	0.094	-5.943	0.165	0.237
-19.0	-1.078	0.16091	-0.014	0.836	0.006	0.993	0.106	-6.702	0.122	0.237
-18.0	-1.084	0.14181	-0.016	0.809	0.007	0.993	0.125	-7.643	-0.665	0.236
-17.0	-1.081	0.12456	-0.017	0.785	0.007	0.993	0.146	-8.679	0.480	0.234
-16.0	-1.072	0.10678	-0.018	0.757	0.008	0.993	0.180	-10.037	0.373	0.233
-15.0	-1.054	0.09020	-0.020	0.723	0.008	0.993	0.224	-11.689	0.349	0.231
-14.0	-1.032	0.07245	-0.022	0.689	0.009	0.993	0.296	-14.250	0.373	0.228
-13.0	-1.013	0.05223	-0.025	0.656	0.011	0.993	0.434	-19.403	0.407	0.225
-12.0	-0.993	0.03435	-0.028	0.615	0.014	0.993	0.633	-28.925	0.344	0.221
-11.0	-0.951	0.02539	-0.031	0.573	0.015	0.993	0.798	-37.440	0.292	0.217
-10.0	-0.880	0.02156	-0.033	0.531	0.016	0.993	0.894	-40.826	0.275	0.212
-9.0	-0.790	0.01937	-0.035	0.486	0.018	0.993	0.942	-40.789	0.268	0.206
-8.0	-0.687	0.01778	-0.037	0.440	0.021	0.993	0.965	-38.635	0.265	0.197
-7.0	-0.576	0.01648	-0.038	0.412	0.027	0.992	0.978	-34.953	0.264	0.184
-6.0	-0.461	0.01173	-0.040	0.392	0.033	0.992	0.983	-39.295	0.264	0.163
-5.0	-0.343	0.01132	-0.042	0.363	0.042	0.992	0.988	-30.291	0.264	0.129
-4.0	-0.223	0.01198	-0.043	0.346	0.055	0.991	0.990	-18.584	0.264	0.056
-3.0	-0.101	0.01173	-0.045	0.312	0.072	0.991	0.992	-8.608	0.264	-0.195
-2.0	0.021	0.01155	-0.047	0.286	0.096	0.991	0.992	1.849	0.264	2.432
-1.0	0.144	0.01150	-0.048	0.255	0.124	0.991	0.993	12.536	0.264	0.585
0.0	0.267	0.01164	-0.050	0.223	0.155	0.990	0.994	22.887	0.264	0.438
1.0	0.389	0.01078	-0.052	0.194	0.189	0.988	0.994	36.061	0.264	0.383
2.0	0.510	0.01099	-0.054	0.163	0.225	0.985	0.995	46.414	0.265	0.355
3.0	0.631	0.01140	-0.055	0.129	0.265	0.982	0.996	55.312	0.265	0.338
4.0	0.750	0.01637	-0.057	0.098	0.310	0.978	0.997	45.829	0.265	0.326
5.0	0.867	0.01811	-0.059	0.071	0.377	0.971	0.998	47.870	0.265	0.318
6.0	0.981	0.01944	-0.061	0.051	0.457	0.963	0.997	50.483	0.265	0.312
7.0	1.090	0.02111	-0.062	0.035	0.496	0.951	0.997	51.648	0.265	0.307
8.0	1.194	0.02287	-0.064	0.027	0.538	0.936	0.998	52.188	0.266	0.303
9.0	1.290	0.02497	-0.065	0.021	0.590	0.916	0.998	51.645	0.266	0.301
10.0	1.377	0.02753	-0.067	0.017	0.651	0.889	0.998	50.016	0.266	0.298
11.0	1.453	0.03058	-0.068	0.014	0.712	0.855	0.998	47.505	0.268	0.297
12.0	1.510	0.03439	-0.069	0.012	0.770	0.814	0.998	43.911	0.269	0.296
13.0	1.550	0.03946	-0.070	0.010	0.819	0.761	0.998	39.281	0.271	0.295
14.0	1.574	0.04597	-0.070	0.010	0.855	0.702	0.998	34.245	0.273	0.295
15.0	1.578	0.05552	-0.071	0.008	0.883	0.627	0.998	28.429	0.290	0.295
16.0	1.565	0.06870	-0.070	0.006	0.906	0.543	0.998	22.784	0.280	0.295
17.0	1.540	0.08482	-0.069	0.006	0.919	0.462	0.998	18.157	0.277	0.295
18.0	1.506	0.10340	-0.068	0.005	0.935	0.389	0.998	14.566	0.280	0.295
19.0	1.461	0.12648	-0.067	0.004	0.942	0.315	0.998	11.555	0.285	0.296
20.0	1.411	0.15188	-0.065	0.004	0.952	0.248	0.998	9.293	0.286	0.296

Name = NACA 2415
Mach = 0; Re = 1230000; T.U. = 1.0; T.L. = 1.0
Surface Finish = 2; Stall model = 0; Transition model = 1; Aspect Ratio = 0; ground effect = 0
?	Cl	Cd	Cm 0.25	T.U.	T.L.	S.U.	S.L.	L/D	A.C.	C.P.
[°]	[-]	[-]	[-]	[-]	[-]	[-]	[-]	[-]	[-]	[-]
-20.0	-1.071	0.17053	-0.014	0.807	0.005	0.994	0.111	-6.282	0.166	0.237
-19.0	-1.083	0.15250	-0.015	0.780	0.005	0.994	0.125	-7.104	0.129	0.236
-18.0	-1.090	0.13290	-0.016	0.755	0.006	0.994	0.149	-8.203	-0.219	0.235
-17.0	-1.089	0.11564	-0.017	0.719	0.007	0.994	0.176	-9.416	0.563	0.234
-16.0	-1.081	0.09831	-0.019	0.686	0.007	0.993	0.215	-10.994	0.385	0.232
-15.0	-1.064	0.08243	-0.021	0.655	0.007	0.993	0.264	-12.912	0.361	0.230
-14.0	-1.045	0.06467	-0.023	0.614	0.008	0.993	0.349	-16.162	0.400	0.228
-13.0	-1.030	0.04492	-0.026	0.574	0.009	0.993	0.507	-22.927	0.400	0.225
-12.0	-1.006	0.03036	-0.029	0.536	0.011	0.993	0.692	-33.132	0.329	0.221
-11.0	-0.960	0.02281	-0.031	0.500	0.014	0.993	0.848	-42.104	0.287	0.217
-10.0	-0.884	0.02004	-0.033	0.450	0.015	0.993	0.918	-44.142	0.272	0.212
-9.0	-0.792	0.01816	-0.035	0.417	0.017	0.993	0.954	-43.612	0.267	0.206
-8.0	-0.688	0.01673	-0.037	0.399	0.019	0.993	0.971	-41.090	0.265	0.197
-7.0	-0.576	0.01559	-0.038	0.369	0.023	0.993	0.980	-36.961	0.264	0.184
-6.0	-0.461	0.01114	-0.040	0.352	0.030	0.992	0.985	-41.374	0.264	0.163
-5.0	-0.343	0.01183	-0.042	0.323	0.036	0.992	0.990	-28.994	0.264	0.129
-4.0	-0.223	0.01147	-0.043	0.300	0.046	0.992	0.991	-19.416	0.264	0.056
-3.0	-0.101	0.01119	-0.045	0.269	0.060	0.991	0.992	-9.030	0.264	-0.195
-2.0	0.021	0.01110	-0.047	0.248	0.080	0.991	0.993	1.925	0.264	2.432
-1.0	0.144	0.01117	-0.048	0.214	0.103	0.991	0.993	12.898	0.264	0.585
0.0	0.267	0.01125	-0.050	0.185	0.130	0.990	0.995	23.699	0.264	0.438
1.0	0.389	0.01037	-0.052	0.160	0.158	0.989	0.995	37.464	0.264	0.383
2.0	0.510	0.01061	-0.054	0.129	0.189	0.987	0.996	48.082	0.265	0.355
3.0	0.631	0.01101	-0.055	0.100	0.222	0.983	0.997	57.294	0.265	0.338
4.0	0.750	0.01631	-0.057	0.075	0.260	0.980	0.997	46.020	0.265	0.326
5.0	0.868	0.01741	-0.059	0.054	0.300	0.975	0.997	49.827	0.265	0.318
6.0	0.982	0.01865	-0.061	0.040	0.345	0.966	0.997	52.660	0.265	0.312
7.0	1.092	0.01997	-0.062	0.029	0.427	0.957	0.997	54.668	0.266	0.307
8.0	1.195	0.02163	-0.064	0.023	0.467	0.943	0.998	55.270	0.266	0.303
9.0	1.292	0.02357	-0.065	0.017	0.506	0.926	0.998	54.815	0.266	0.301
10.0	1.381	0.02587	-0.067	0.014	0.551	0.903	0.998	53.373	0.267	0.298
11.0	1.458	0.02861	-0.068	0.012	0.599	0.873	0.998	50.965	0.268	0.297
12.0	1.517	0.03193	-0.069	0.011	0.655	0.836	0.998	47.514	0.271	0.296
13.0	1.559	0.03626	-0.070	0.010	0.712	0.788	0.998	43.002	0.273	0.295
14.0	1.583	0.04234	-0.071	0.008	0.768	0.730	0.998	37.400	0.277	0.295
15.0	1.589	0.05101	-0.071	0.006	0.817	0.658	0.998	31.144	0.248	0.295
16.0	1.578	0.06238	-0.071	0.005	0.855	0.580	0.998	25.294	0.271	0.295
17.0	1.553	0.07730	-0.070	0.004	0.883	0.499	0.998	20.085	0.270	0.295
18.0	1.520	0.09379	-0.070	0.004	0.907	0.429	0.998	16.204	0.270	0.296
19.0	1.478	0.11346	-0.069	0.004	0.921	0.364	0.998	13.028	0.274	0.297
20.0	1.428	0.13670	-0.068	0.004	0.935	0.298	0.998	10.446	0.277	0.297

Name = NACA 2415
Mach = 0; Re = 1630000; T.U. = 1.0; T.L. = 1.0
Surface Finish = 2; Stall model = 0; Transition model = 1; Aspect Ratio = 0; ground effect = 0
?	Cl	Cd	Cm 0.25	T.U.	T.L.	S.U.	S.L.	L/D	A.C.	C.P.
[°]	[-]	[-]	[-]	[-]	[-]	[-]	[-]	[-]	[-]	[-]
-20.0	-1.074	0.16451	-0.014	0.762	0.005	0.994	0.123	-6.530	0.167	0.237
-19.0	-1.087	0.14570	-0.015	0.729	0.005	0.994	0.140	-7.462	0.134	0.236
-18.0	-1.094	0.12743	-0.016	0.701	0.006	0.994	0.165	-8.587	-0.121	0.235
-17.0	-1.094	0.10993	-0.018	0.664	0.006	0.994	0.197	-9.955	0.632	0.234
-16.0	-1.086	0.09337	-0.019	0.626	0.006	0.994	0.238	-11.636	0.392	0.232
-15.0	-1.071	0.07760	-0.021	0.592	0.006	0.994	0.291	-13.803	0.380	0.230
-14.0	-1.055	0.05926	-0.024	0.558	0.007	0.994	0.390	-17.804	0.410	0.228
-13.0	-1.039	0.04114	-0.026	0.516	0.008	0.994	0.546	-25.254	0.385	0.225
-12.0	-1.013	0.02821	-0.029	0.473	0.009	0.993	0.726	-35.924	0.320	0.221
-11.0	-0.964	0.02177	-0.032	0.434	0.012	0.993	0.867	-44.285	0.284	0.217
-10.0	-0.887	0.01907	-0.033	0.409	0.014	0.993	0.932	-46.501	0.271	0.212
-9.0	-0.793	0.01734	-0.035	0.391	0.016	0.993	0.960	-45.732	0.267	0.206
-8.0	-0.688	0.01605	-0.037	0.362	0.018	0.993	0.975	-42.881	0.265	0.197
-7.0	-0.577	0.01497	-0.038	0.348	0.021	0.993	0.982	-38.525	0.264	0.184
-6.0	-0.461	0.01078	-0.040	0.315	0.027	0.993	0.987	-42.773	0.264	0.163
-5.0	-0.343	0.01147	-0.042	0.297	0.032	0.992	0.990	-29.913	0.264	0.129
-4.0	-0.223	0.01118	-0.043	0.264	0.041	0.992	0.991	-19.913	0.264	0.056
-3.0	-0.101	0.01088	-0.045	0.245	0.054	0.992	0.992	-9.289	0.264	-0.195
-2.0	0.021	0.01085	-0.047	0.213	0.071	0.991	0.993	1.968	0.264	2.433
-1.0	0.144	0.01085	-0.048	0.187	0.089	0.991	0.994	13.282	0.264	0.585
0.0	0.267	0.01098	-0.050	0.164	0.112	0.991	0.995	24.271	0.264	0.438
1.0	0.389	0.01119	-0.052	0.134	0.139	0.990	0.996	34.741	0.264	0.383
2.0	0.510	0.01032	-0.054	0.107	0.170	0.988	0.997	49.438	0.265	0.355
3.0	0.631	0.01076	-0.055	0.083	0.196	0.984	0.997	58.656	0.265	0.338
4.0	0.751	0.01582	-0.057	0.063	0.226	0.981	0.998	47.456	0.265	0.326
5.0	0.868	0.01682	-0.059	0.045	0.261	0.977	0.997	51.598	0.265	0.318
6.0	0.983	0.01802	-0.061	0.033	0.301	0.970	0.997	54.526	0.265	0.312
7.0	1.092	0.01934	-0.062	0.026	0.342	0.961	0.998	56.492	0.266	0.307
8.0	1.197	0.02084	-0.064	0.020	0.409	0.949	0.998	57.433	0.266	0.303
9.0	1.294	0.02261	-0.066	0.015	0.458	0.933	0.998	57.229	0.267	0.301
10.0	1.383	0.02473	-0.067	0.013	0.491	0.911	0.998	55.929	0.267	0.298
11.0	1.461	0.02725	-0.068	0.011	0.526	0.884	0.998	53.637	0.269	0.297
12.0	1.521	0.03036	-0.070	0.010	0.571	0.849	0.998	50.113	0.272	0.296
13.0	1.565	0.03447	-0.071	0.008	0.622	0.805	0.998	45.397	0.274	0.295
14.0	1.589	0.04039	-0.071	0.006	0.676	0.746	0.998	39.340	0.280	0.295
15.0	1.595	0.04823	-0.072	0.005	0.734	0.677	0.998	33.072	0.184	0.295
16.0	1.585	0.05880	-0.072	0.004	0.791	0.601	0.999	26.961	0.263	0.295
17.0	1.562	0.07224	-0.071	0.004	0.836	0.525	0.998	21.619	0.267	0.296
18.0	1.528	0.08815	-0.071	0.004	0.871	0.453	0.999	17.332	0.265	0.296
19.0	1.488	0.10570	-0.070	0.004	0.892	0.393	0.999	14.079	0.268	0.297
20.0	1.439	0.12713	-0.069	0.003	0.912	0.330	0.999	11.317	0.271	0.298

Name = NACA 2415
Mach = 0; Re = 2030000; T.U. = 1.0; T.L. = 1.0
Surface Finish = 2; Stall model = 0; Transition model = 1; Aspect Ratio = 0; ground effect = 0
?	Cl	Cd	Cm 0.25	T.U.	T.L.	S.U.	S.L.	L/D	A.C.	C.P.
[°]	[-]	[-]	[-]	[-]	[-]	[-]	[-]	[-]	[-]	[-]
-20.0	-1.077	0.15917	-0.014	0.717	0.005	0.994	0.132	-6.764	0.169	0.237
-19.0	-1.090	0.14166	-0.015	0.683	0.005	0.994	0.151	-7.695	0.137	0.236
-18.0	-1.097	0.12330	-0.017	0.656	0.005	0.994	0.176	-8.900	-0.093	0.235
-17.0	-1.098	0.10615	-0.018	0.615	0.006	0.994	0.211	-10.343	0.849	0.234
-16.0	-1.092	0.08865	-0.020	0.578	0.006	0.994	0.260	-12.320	0.412	0.232
-15.0	-1.077	0.07354	-0.022	0.548	0.006	0.994	0.314	-14.643	0.400	0.230
-14.0	-1.064	0.05460	-0.024	0.509	0.007	0.994	0.429	-19.490	0.417	0.227
-13.0	-1.046	0.03834	-0.027	0.466	0.007	0.994	0.578	-27.289	0.366	0.225
-12.0	-1.018	0.02676	-0.029	0.429	0.008	0.994	0.748	-38.050	0.313	0.221
-11.0	-0.966	0.02101	-0.032	0.407	0.011	0.994	0.879	-46.001	0.282	0.217
-10.0	-0.888	0.01834	-0.033	0.386	0.014	0.993	0.939	-48.438	0.270	0.212
-9.0	-0.794	0.01678	-0.035	0.360	0.015	0.993	0.964	-47.295	0.266	0.206
-8.0	-0.688	0.01550	-0.037	0.347	0.017	0.993	0.977	-44.404	0.265	0.197
-7.0	-0.577	0.01091	-0.038	0.314	0.019	0.993	0.983	-52.849	0.264	0.184
-6.0	-0.461	0.01050	-0.040	0.297	0.024	0.993	0.988	-43.944	0.264	0.163
-5.0	-0.343	0.01110	-0.042	0.265	0.030	0.993	0.991	-30.917	0.264	0.129
-4.0	-0.223	0.01089	-0.043	0.248	0.037	0.992	0.992	-20.445	0.264	0.056
-3.0	-0.101	0.01066	-0.045	0.216	0.049	0.992	0.993	-9.480	0.264	-0.195
-2.0	0.021	0.01063	-0.047	0.193	0.062	0.991	0.994	2.010	0.264	2.433
-1.0	0.144	0.01063	-0.048	0.168	0.080	0.991	0.994	13.566	0.264	0.585
0.0	0.267	0.01079	-0.050	0.140	0.102	0.991	0.995	24.702	0.264	0.438
1.0	0.389	0.01096	-0.052	0.119	0.125	0.990	0.996	35.473	0.264	0.383
2.0	0.510	0.01012	-0.054	0.095	0.149	0.989	0.997	50.438	0.265	0.355
3.0	0.631	0.01109	-0.055	0.072	0.178	0.986	0.997	56.915	0.265	0.338
4.0	0.751	0.01144	-0.057	0.053	0.210	0.982	0.997	65.655	0.265	0.326
5.0	0.868	0.01635	-0.059	0.041	0.235	0.979	0.997	53.119	0.265	0.318
6.0	0.983	0.01754	-0.061	0.029	0.267	0.972	0.998	56.030	0.265	0.312
7.0	1.093	0.01877	-0.062	0.023	0.306	0.964	0.998	58.247	0.266	0.307
8.0	1.198	0.02030	-0.064	0.017	0.348	0.953	0.998	59.004	0.266	0.303
9.0	1.295	0.02197	-0.066	0.014	0.408	0.938	0.998	58.968	0.267	0.301
10.0	1.385	0.02387	-0.067	0.012	0.456	0.918	0.998	58.022	0.267	0.298
11.0	1.464	0.02624	-0.069	0.011	0.484	0.893	0.998	55.797	0.269	0.297
12.0	1.525	0.02915	-0.070	0.010	0.519	0.860	0.998	52.296	0.272	0.296
13.0	1.568	0.03338	-0.071	0.007	0.562	0.814	0.998	46.958	0.275	0.295
14.0	1.593	0.03884	-0.072	0.006	0.610	0.758	0.998	41.014	0.283	0.295
15.0	1.600	0.04635	-0.072	0.004	0.661	0.691	0.998	34.519	0.023	0.295
16.0	1.591	0.05611	-0.072	0.004	0.713	0.619	0.999	28.358	0.256	0.295
17.0	1.569	0.06846	-0.072	0.004	0.766	0.546	0.998	22.917	0.262	0.296
18.0	1.535	0.08352	-0.071	0.003	0.815	0.474	0.999	18.382	0.263	0.296
19.0	1.495	0.10033	-0.071	0.003	0.854	0.414	0.999	14.901	0.265	0.297
20.0	1.446	0.12092	-0.070	0.003	0.883	0.352	0.999	11.956	0.268	0.298

Name = NACA 2415
Mach = 0; Re = 2430000; T.U. = 1.0; T.L. = 1.0
Surface Finish = 2; Stall model = 0; Transition model = 1; Aspect Ratio = 0; ground effect = 0
?	Cl	Cd	Cm 0.25	T.U.	T.L.	S.U.	S.L.	L/D	A.C.	C.P.
[°]	[-]	[-]	[-]	[-]	[-]	[-]	[-]	[-]	[-]	[-]
-20.0	-1.078	0.15608	-0.014	0.675	0.005	0.994	0.139	-6.910	0.170	0.237
-19.0	-1.093	0.13761	-0.016	0.645	0.005	0.994	0.161	-7.940	0.141	0.236
-18.0	-1.101	0.11930	-0.017	0.612	0.005	0.994	0.190	-9.229	-0.070	0.235
-17.0	-1.101	0.10296	-0.018	0.573	0.005	0.994	0.223	-10.694	0.886	0.233
-16.0	-1.096	0.08554	-0.020	0.543	0.006	0.994	0.275	-12.815	0.443	0.232
-15.0	-1.083	0.06966	-0.022	0.508	0.006	0.994	0.338	-15.545	0.419	0.230
-14.0	-1.071	0.05133	-0.024	0.465	0.006	0.994	0.457	-20.863	0.417	0.227
-13.0	-1.053	0.03597	-0.027	0.429	0.007	0.994	0.606	-29.266	0.356	0.224
-12.0	-1.022	0.02560	-0.029	0.407	0.007	0.994	0.767	-39.922	0.307	0.221
-11.0	-0.968	0.02043	-0.032	0.389	0.009	0.994	0.887	-47.383	0.281	0.217
-10.0	-0.889	0.01788	-0.034	0.360	0.013	0.994	0.945	-49.738	0.270	0.212
-9.0	-0.794	0.01630	-0.035	0.348	0.014	0.994	0.967	-48.713	0.266	0.206
-8.0	-0.689	0.01519	-0.037	0.316	0.016	0.993	0.978	-45.321	0.265	0.197
-7.0	-0.577	0.01063	-0.038	0.299	0.018	0.993	0.984	-54.264	0.264	0.184
-6.0	-0.461	0.01029	-0.040	0.268	0.022	0.993	0.989	-44.827	0.264	0.163
-5.0	-0.343	0.01093	-0.042	0.251	0.029	0.993	0.991	-31.384	0.264	0.129
-4.0	-0.223	0.01070	-0.043	0.220	0.034	0.993	0.992	-20.819	0.264	0.056
-3.0	-0.101	0.01040	-0.045	0.205	0.045	0.992	0.993	-9.711	0.264	-0.195
-2.0	0.021	0.01044	-0.047	0.173	0.057	0.992	0.994	2.047	0.264	2.433
-1.0	0.144	0.01042	-0.048	0.152	0.074	0.992	0.994	13.835	0.264	0.585
0.0	0.267	0.01057	-0.050	0.129	0.093	0.991	0.996	25.208	0.264	0.438
1.0	0.389	0.01078	-0.052	0.103	0.113	0.991	0.996	36.053	0.264	0.383
2.0	0.511	0.00993	-0.054	0.083	0.139	0.990	0.997	51.422	0.265	0.355
3.0	0.631	0.01091	-0.055	0.065	0.165	0.987	0.997	57.860	0.265	0.338
4.0	0.751	0.01127	-0.057	0.047	0.188	0.983	0.997	66.607	0.265	0.326
5.0	0.869	0.01599	-0.059	0.035	0.218	0.980	0.997	54.327	0.265	0.318
6.0	0.983	0.01717	-0.061	0.027	0.252	0.974	0.998	57.286	0.265	0.312
7.0	1.094	0.01830	-0.062	0.021	0.277	0.966	0.998	59.743	0.266	0.307
8.0	1.198	0.01982	-0.064	0.015	0.313	0.956	0.998	60.456	0.266	0.303
9.0	1.296	0.02141	-0.066	0.013	0.358	0.941	0.998	60.530	0.267	0.301
10.0	1.386	0.02323	-0.067	0.011	0.414	0.923	0.998	59.684	0.268	0.298
11.0	1.466	0.02548	-0.069	0.010	0.457	0.899	0.998	57.547	0.269	0.297
12.0	1.527	0.02828	-0.070	0.009	0.484	0.868	0.998	53.992	0.272	0.296
13.0	1.570	0.03242	-0.071	0.006	0.517	0.823	0.998	48.445	0.275	0.295
14.0	1.596	0.03775	-0.072	0.005	0.560	0.767	0.999	42.278	0.285	0.295
15.0	1.605	0.04453	-0.072	0.004	0.607	0.705	0.998	36.036	1.353	0.295
16.0	1.597	0.05384	-0.072	0.004	0.656	0.634	0.999	29.655	0.250	0.295
17.0	1.575	0.06530	-0.072	0.003	0.706	0.564	0.998	24.122	0.259	0.296
18.0	1.542	0.07951	-0.072	0.003	0.757	0.494	0.999	19.394	0.262	0.297
19.0	1.500	0.09654	-0.071	0.003	0.805	0.428	0.999	15.538	0.265	0.298
20.0	1.451	0.11636	-0.070	0.003	0.846	0.367	0.999	12.470	0.266	0.299

Name = NACA 2415
Mach = 0; Re = 2830000; T.U. = 1.0; T.L. = 1.0
Surface Finish = 2; Stall model = 0; Transition model = 1; Aspect Ratio = 0; ground effect = 0
?	Cl	Cd	Cm 0.25	T.U.	T.L.	S.U.	S.L.	L/D	A.C.	C.P.
[°]	[-]	[-]	[-]	[-]	[-]	[-]	[-]	[-]	[-]	[-]
-20.0	-1.081	0.15262	-0.015	0.643	0.005	0.994	0.147	-7.081	0.170	0.236
-19.0	-1.094	0.13551	-0.016	0.612	0.005	0.994	0.166	-8.074	0.143	0.236
-18.0	-1.104	0.11597	-0.017	0.573	0.005	0.994	0.201	-9.518	-0.014	0.235
-17.0	-1.105	0.09967	-0.019	0.546	0.005	0.994	0.237	-11.084	1.162	0.233
-16.0	-1.100	0.08232	-0.020	0.510	0.006	0.994	0.292	-13.366	0.443	0.232
-15.0	-1.087	0.06730	-0.022	0.469	0.005	0.994	0.354	-16.147	0.426	0.230
-14.0	-1.076	0.04891	-0.024	0.435	0.006	0.994	0.478	-22.003	0.425	0.227
-13.0	-1.058	0.03415	-0.027	0.409	0.006	0.994	0.629	-30.979	0.352	0.224
-12.0	-1.026	0.02453	-0.030	0.397	0.007	0.994	0.785	-41.823	0.303	0.221
-11.0	-0.969	0.02005	-0.032	0.363	0.008	0.994	0.892	-48.333	0.279	0.217
-10.0	-0.890	0.01753	-0.034	0.349	0.011	0.994	0.947	-50.751	0.270	0.212
-9.0	-0.795	0.01593	-0.035	0.322	0.014	0.994	0.969	-49.887	0.266	0.206
-8.0	-0.689	0.01482	-0.037	0.302	0.015	0.994	0.979	-46.471	0.265	0.197
-7.0	-0.577	0.01047	-0.038	0.276	0.017	0.993	0.985	-55.092	0.264	0.184
-6.0	-0.462	0.01116	-0.040	0.255	0.020	0.993	0.990	-41.342	0.264	0.163
-5.0	-0.343	0.01072	-0.042	0.228	0.027	0.993	0.991	-32.012	0.264	0.129
-4.0	-0.223	0.01053	-0.043	0.209	0.032	0.993	0.992	-21.160	0.264	0.056
-3.0	-0.101	0.01032	-0.045	0.182	0.041	0.992	0.993	-9.795	0.264	-0.195
-2.0	0.021	0.01021	-0.047	0.165	0.053	0.992	0.994	2.092	0.264	2.433
-1.0	0.144	0.01023	-0.048	0.136	0.070	0.992	0.995	14.086	0.264	0.585
0.0	0.267	0.01039	-0.050	0.118	0.084	0.991	0.996	25.656	0.264	0.438
1.0	0.389	0.01065	-0.052	0.096	0.106	0.991	0.997	36.497	0.264	0.383
2.0	0.511	0.01158	-0.054	0.074	0.132	0.990	0.997	44.079	0.265	0.355
3.0	0.631	0.01077	-0.055	0.058	0.150	0.987	0.998	58.653	0.265	0.338
4.0	0.751	0.01108	-0.057	0.043	0.177	0.984	0.997	67.801	0.265	0.326
5.0	0.869	0.01576	-0.059	0.032	0.207	0.980	0.997	55.134	0.265	0.318
6.0	0.984	0.01680	-0.061	0.025	0.228	0.976	0.998	58.560	0.265	0.312
7.0	1.094	0.01802	-0.062	0.019	0.261	0.967	0.998	60.701	0.266	0.307
8.0	1.199	0.01939	-0.064	0.014	0.296	0.958	0.998	61.850	0.266	0.303
9.0	1.297	0.02095	-0.066	0.012	0.324	0.944	0.998	61.911	0.267	0.301
10.0	1.388	0.02273	-0.067	0.011	0.371	0.927	0.998	61.059	0.268	0.299
11.0	1.468	0.02479	-0.069	0.010	0.425	0.905	0.998	59.227	0.269	0.297
12.0	1.528	0.02779	-0.070	0.007	0.459	0.872	0.998	54.999	0.272	0.296
13.0	1.572	0.03174	-0.071	0.005	0.489	0.828	0.998	49.540	0.276	0.295
14.0	1.599	0.03663	-0.072	0.004	0.521	0.777	0.999	43.664	0.287	0.295
15.0	1.609	0.04312	-0.072	0.004	0.562	0.716	0.998	37.302	0.552	0.295
16.0	1.602	0.05171	-0.073	0.004	0.607	0.649	0.999	30.972	0.243	0.295
17.0	1.581	0.06261	-0.073	0.003	0.655	0.581	0.998	25.250	0.258	0.296
18.0	1.547	0.07691	-0.072	0.003	0.705	0.507	0.999	20.108	0.263	0.297
19.0	1.504	0.09371	-0.072	0.003	0.754	0.439	0.999	16.046	0.262	0.298
20.0	1.456	0.11180	-0.071	0.003	0.801	0.384	0.999	13.026	0.261	0.299

Name = NACA 2415
Mach = 0; Re = 3230000; T.U. = 1.0; T.L. = 1.0
Surface Finish = 2; Stall model = 0; Transition model = 1; Aspect Ratio = 0; ground effect = 0
?	Cl	Cd	Cm 0.25	T.U.	T.L.	S.U.	S.L.	L/D	A.C.	C.P.
[°]	[-]	[-]	[-]	[-]	[-]	[-]	[-]	[-]	[-]	[-]
-20.0	-1.083	0.14961	-0.015	0.613	0.005	0.994	0.154	-7.235	0.171	0.236
-19.0	-1.096	0.13259	-0.016	0.577	0.005	0.994	0.174	-8.266	0.142	0.236
-18.0	-1.105	0.11475	-0.017	0.554	0.005	0.994	0.204	-9.627	0.004	0.234
-17.0	-1.108	0.09696	-0.019	0.514	0.005	0.994	0.248	-11.423	1.655	0.233
-16.0	-1.102	0.08059	-0.020	0.478	0.005	0.994	0.300	-13.679	0.480	0.232
-15.0	-1.092	0.06415	-0.022	0.448	0.005	0.994	0.375	-17.022	0.442	0.230
-14.0	-1.080	0.04708	-0.025	0.413	0.005	0.994	0.494	-22.937	0.413	0.227
-13.0	-1.062	0.03275	-0.027	0.400	0.006	0.994	0.646	-32.423	0.349	0.224
-12.0	-1.029	0.02376	-0.030	0.368	0.007	0.994	0.799	-43.317	0.301	0.221
-11.0	-0.971	0.01952	-0.032	0.352	0.008	0.994	0.902	-49.738	0.278	0.217
-10.0	-0.890	0.01727	-0.034	0.333	0.010	0.994	0.949	-51.540	0.269	0.212
-9.0	-0.795	0.01563	-0.035	0.307	0.014	0.994	0.972	-50.861	0.266	0.206
-8.0	-0.689	0.01449	-0.037	0.291	0.015	0.994	0.981	-47.534	0.265	0.197
-7.0	-0.577	0.01030	-0.038	0.260	0.017	0.994	0.986	-55.997	0.264	0.184
-6.0	-0.462	0.01090	-0.040	0.248	0.019	0.993	0.990	-42.324	0.264	0.163
-5.0	-0.343	0.01058	-0.042	0.214	0.025	0.993	0.991	-32.436	0.264	0.129
-4.0	-0.223	0.01032	-0.043	0.199	0.031	0.993	0.992	-21.574	0.264	0.056
-3.0	-0.101	0.01021	-0.045	0.171	0.038	0.993	0.993	-9.900	0.264	-0.195
-2.0	0.021	0.01011	-0.047	0.150	0.050	0.992	0.994	2.114	0.264	2.433
-1.0	0.144	0.01020	-0.048	0.129	0.063	0.992	0.995	14.139	0.264	0.585
0.0	0.267	0.01030	-0.050	0.105	0.079	0.991	0.996	25.876	0.264	0.438
1.0	0.389	0.01050	-0.052	0.091	0.102	0.991	0.997	37.029	0.264	0.383
2.0	0.511	0.01154	-0.054	0.068	0.119	0.990	0.997	44.234	0.265	0.355
3.0	0.632	0.01057	-0.055	0.051	0.141	0.988	0.998	59.762	0.265	0.338
4.0	0.751	0.01084	-0.057	0.041	0.171	0.985	0.997	69.327	0.265	0.326
5.0	0.869	0.01547	-0.059	0.029	0.189	0.981	0.997	56.153	0.265	0.318
6.0	0.984	0.01648	-0.061	0.024	0.217	0.977	0.998	59.710	0.265	0.312
7.0	1.094	0.01768	-0.062	0.017	0.248	0.969	0.998	61.893	0.266	0.307
8.0	1.199	0.01907	-0.064	0.013	0.271	0.960	0.998	62.884	0.266	0.303
9.0	1.298	0.02055	-0.066	0.012	0.307	0.947	0.998	63.142	0.267	0.301
10.0	1.389	0.02225	-0.067	0.010	0.346	0.931	0.998	62.425	0.268	0.299
11.0	1.469	0.02428	-0.069	0.010	0.394	0.909	0.998	60.506	0.270	0.297
12.0	1.530	0.02728	-0.070	0.006	0.446	0.876	0.998	56.083	0.272	0.296
13.0	1.574	0.03108	-0.071	0.005	0.463	0.834	0.998	50.651	0.276	0.295
14.0	1.602	0.03584	-0.072	0.004	0.501	0.784	0.999	44.685	0.288	0.295
15.0	1.612	0.04198	-0.073	0.004	0.527	0.725	0.998	38.398	0.460	0.295
16.0	1.606	0.05007	-0.073	0.003	0.566	0.661	0.999	32.071	0.241	0.295
17.0	1.584	0.06085	-0.073	0.003	0.611	0.590	0.998	26.034	0.255	0.296
18.0	1.551	0.07409	-0.073	0.003	0.658	0.522	0.999	20.939	0.261	0.297
19.0	1.508	0.09058	-0.072	0.003	0.706	0.452	0.999	16.651	0.261	0.298
20.0	1.461	0.10803	-0.072	0.003	0.755	0.397	0.999	13.521	0.260	0.299

Name = NACA 2415
Mach = 0; Re = 3630000; T.U. = 1.0; T.L. = 1.0
Surface Finish = 2; Stall model = 0; Transition model = 1; Aspect Ratio = 0; ground effect = 0
?	Cl	Cd	Cm 0.25	T.U.	T.L.	S.U.	S.L.	L/D	A.C.	C.P.
[°]	[-]	[-]	[-]	[-]	[-]	[-]	[-]	[-]	[-]	[-]
-20.0	-1.083	0.14827	-0.015	0.584	0.004	0.994	0.157	-7.306	0.172	0.236
-19.0	-1.098	0.12987	-0.016	0.558	0.005	0.994	0.182	-8.456	0.145	0.235
-18.0	-1.107	0.11241	-0.017	0.520	0.005	0.994	0.213	-9.846	-0.010	0.234
-17.0	-1.109	0.09561	-0.019	0.495	0.005	0.994	0.253	-11.597	5.170	0.233
-16.0	-1.106	0.07791	-0.021	0.455	0.005	0.994	0.314	-14.197	0.503	0.231
-15.0	-1.095	0.06260	-0.022	0.419	0.005	0.994	0.385	-17.485	0.457	0.230
-14.0	-1.085	0.04476	-0.025	0.404	0.005	0.994	0.516	-24.245	0.430	0.227
-13.0	-1.067	0.03119	-0.027	0.379	0.006	0.994	0.668	-34.200	0.341	0.224
-12.0	-1.031	0.02312	-0.030	0.356	0.006	0.994	0.810	-44.611	0.297	0.221
-11.0	-0.972	0.01922	-0.032	0.346	0.007	0.994	0.905	-50.543	0.277	0.217
-10.0	-0.890	0.01706	-0.034	0.312	0.009	0.994	0.952	-52.198	0.269	0.212
-9.0	-0.795	0.01534	-0.035	0.299	0.014	0.994	0.974	-51.848	0.266	0.206
-8.0	-0.689	0.01431	-0.037	0.268	0.015	0.994	0.981	-48.147	0.264	0.197
-7.0	-0.577	0.01014	-0.038	0.252	0.016	0.994	0.987	-56.946	0.264	0.184
-6.0	-0.462	0.01090	-0.040	0.223	0.018	0.993	0.990	-42.347	0.264	0.163
-5.0	-0.343	0.01036	-0.042	0.207	0.023	0.993	0.992	-33.127	0.264	0.129
-4.0	-0.223	0.01020	-0.043	0.180	0.030	0.993	0.993	-21.840	0.264	0.056
-3.0	-0.101	0.01007	-0.045	0.165	0.036	0.993	0.994	-10.036	0.264	-0.195
-2.0	0.021	0.01001	-0.047	0.137	0.049	0.992	0.994	2.134	0.264	2.433
-1.0	0.144	0.01000	-0.048	0.125	0.059	0.992	0.995	14.416	0.264	0.585
0.0	0.267	0.01018	-0.050	0.099	0.076	0.992	0.996	26.190	0.264	0.438
1.0	0.389	0.01036	-0.052	0.080	0.095	0.991	0.997	37.546	0.264	0.383
2.0	0.511	0.01132	-0.054	0.065	0.111	0.990	0.997	45.099	0.265	0.355
3.0	0.632	0.01045	-0.055	0.047	0.137	0.989	0.997	60.429	0.265	0.338
4.0	0.751	0.01076	-0.057	0.038	0.156	0.986	0.997	69.834	0.265	0.326
5.0	0.869	0.01120	-0.059	0.027	0.179	0.982	0.997	77.601	0.265	0.318
6.0	0.984	0.01623	-0.061	0.023	0.211	0.978	0.998	60.625	0.265	0.312
7.0	1.094	0.01747	-0.062	0.015	0.229	0.970	0.998	62.640	0.266	0.307
8.0	1.200	0.01873	-0.064	0.012	0.260	0.962	0.998	64.049	0.266	0.303
9.0	1.298	0.02017	-0.066	0.011	0.292	0.949	0.998	64.378	0.267	0.301
10.0	1.390	0.02189	-0.067	0.010	0.318	0.934	0.998	63.482	0.268	0.299
11.0	1.470	0.02394	-0.069	0.008	0.359	0.912	0.998	61.391	0.270	0.297
12.0	1.531	0.02691	-0.070	0.006	0.407	0.880	0.998	56.888	0.273	0.296
13.0	1.576	0.03044	-0.071	0.004	0.451	0.840	0.998	51.767	0.277	0.295
14.0	1.604	0.03489	-0.072	0.004	0.470	0.792	0.999	45.982	0.288	0.295
15.0	1.614	0.04103	-0.073	0.003	0.506	0.733	0.998	39.346	0.495	0.295
16.0	1.608	0.04908	-0.073	0.003	0.540	0.667	0.999	32.762	0.236	0.295
17.0	1.588	0.05927	-0.073	0.003	0.574	0.600	0.998	26.789	0.254	0.296
18.0	1.554	0.07244	-0.073	0.003	0.617	0.530	0.999	21.457	0.259	0.297
19.0	1.512	0.08770	-0.072	0.003	0.663	0.465	0.999	17.246	0.261	0.298
20.0	1.463	0.10605	-0.072	0.002	0.711	0.404	0.999	13.798	0.262	0.299

Name = NACA 2415
Mach = 0; Re = 4030000; T.U. = 1.0; T.L. = 1.0
Surface Finish = 2; Stall model = 0; Transition model = 1; Aspect Ratio = 0; ground effect = 0
?	Cl	Cd	Cm 0.25	T.U.	T.L.	S.U.	S.L.	L/D	A.C.	C.P.
[°]	[-]	[-]	[-]	[-]	[-]	[-]	[-]	[-]	[-]	[-]
-20.0	-1.085	0.14613	-0.015	0.563	0.004	0.995	0.162	-7.423	0.172	0.236
-19.0	-1.099	0.12878	-0.016	0.529	0.004	0.995	0.185	-8.534	0.148	0.235
-18.0	-1.109	0.11001	-0.017	0.505	0.005	0.995	0.222	-10.083	0.025	0.234
-17.0	-1.112	0.09325	-0.019	0.463	0.005	0.995	0.264	-11.922	-17.295	0.233
-16.0	-1.109	0.07563	-0.021	0.431	0.005	0.995	0.327	-14.670	0.532	0.231
-15.0	-1.099	0.06024	-0.023	0.407	0.005	0.995	0.402	-18.238	0.473	0.229
-14.0	-1.090	0.04279	-0.025	0.397	0.005	0.994	0.536	-25.470	0.417	0.227
-13.0	-1.069	0.03032	-0.027	0.362	0.005	0.994	0.679	-35.269	0.335	0.224
-12.0	-1.033	0.02262	-0.030	0.349	0.006	0.994	0.819	-45.679	0.295	0.221
-11.0	-0.973	0.01892	-0.032	0.323	0.007	0.994	0.909	-51.395	0.276	0.217
-10.0	-0.891	0.01687	-0.034	0.303	0.008	0.994	0.953	-52.815	0.269	0.212
-9.0	-0.795	0.01521	-0.035	0.283	0.012	0.994	0.975	-52.305	0.266	0.206
-8.0	-0.689	0.01050	-0.037	0.258	0.014	0.994	0.982	-65.593	0.264	0.197
-7.0	-0.577	0.00997	-0.038	0.244	0.016	0.994	0.988	-57.872	0.264	0.184
-6.0	-0.462	0.01068	-0.040	0.213	0.018	0.994	0.990	-43.222	0.264	0.163
-5.0	-0.343	0.01032	-0.042	0.202	0.022	0.993	0.992	-33.260	0.264	0.129
-4.0	-0.223	0.01010	-0.043	0.171	0.029	0.993	0.993	-22.065	0.264	0.056
-3.0	-0.101	0.00990	-0.045	0.156	0.034	0.993	0.993	-10.202	0.264	-0.195
-2.0	0.021	0.00989	-0.047	0.131	0.047	0.992	0.995	2.161	0.264	2.433
-1.0	0.144	0.01000	-0.048	0.112	0.056	0.992	0.995	14.418	0.264	0.585
0.0	0.267	0.00999	-0.050	0.095	0.073	0.992	0.997	26.697	0.264	0.438
1.0	0.389	0.01034	-0.052	0.074	0.087	0.991	0.997	37.622	0.264	0.383
2.0	0.511	0.01118	-0.054	0.062	0.107	0.991	0.997	45.664	0.265	0.355
3.0	0.632	0.01029	-0.055	0.044	0.133	0.989	0.997	61.405	0.265	0.338
4.0	0.751	0.01062	-0.057	0.034	0.147	0.986	0.997	70.760	0.265	0.326
5.0	0.869	0.01102	-0.059	0.026	0.174	0.982	0.998	78.839	0.265	0.318
6.0	0.984	0.01595	-0.061	0.022	0.195	0.979	0.998	61.715	0.266	0.312
7.0	1.095	0.01720	-0.062	0.014	0.220	0.972	0.998	63.658	0.266	0.307
8.0	1.200	0.01846	-0.064	0.012	0.254	0.963	0.998	65.011	0.267	0.303
9.0	1.299	0.01989	-0.066	0.011	0.272	0.951	0.998	65.310	0.267	0.301
10.0	1.390	0.02147	-0.067	0.010	0.306	0.936	0.998	64.739	0.268	0.299
11.0	1.471	0.02374	-0.069	0.007	0.341	0.914	0.998	61.935	0.270	0.297
12.0	1.532	0.02656	-0.070	0.005	0.381	0.883	0.998	57.681	0.273	0.296
13.0	1.578	0.02989	-0.071	0.004	0.424	0.845	0.998	52.781	0.278	0.295
14.0	1.606	0.03425	-0.072	0.004	0.457	0.798	0.999	46.906	0.289	0.295
15.0	1.617	0.03999	-0.073	0.003	0.482	0.741	0.998	40.438	0.444	0.295
16.0	1.611	0.04776	-0.073	0.003	0.513	0.677	0.999	33.737	0.237	0.295
17.0	1.590	0.05808	-0.073	0.003	0.555	0.607	0.998	27.380	0.252	0.296
18.0	1.558	0.07040	-0.073	0.003	0.588	0.541	0.999	22.131	0.258	0.297
19.0	1.515	0.08617	-0.073	0.002	0.626	0.472	0.999	17.579	0.260	0.298
20.0	1.467	0.10315	-0.072	0.002	0.671	0.414	0.999	14.219	0.259	0.299

Name = NACA 2415
Mach = 0; Re = 4430000; T.U. = 1.0; T.L. = 1.0
Surface Finish = 2; Stall model = 0; Transition model = 1; Aspect Ratio = 0; ground effect = 0
?	Cl	Cd	Cm 0.25	T.U.	T.L.	S.U.	S.L.	L/D	A.C.	C.P.
[°]	[-]	[-]	[-]	[-]	[-]	[-]	[-]	[-]	[-]	[-]
-20.0	-1.086	0.14429	-0.015	0.547	0.004	0.995	0.167	-7.525	0.173	0.236
-19.0	-1.101	0.12679	-0.016	0.511	0.004	0.995	0.191	-8.681	0.150	0.235
-18.0	-1.111	0.10786	-0.018	0.478	0.005	0.995	0.229	-10.303	0.035	0.234
-17.0	-1.114	0.09112	-0.019	0.451	0.005	0.995	0.273	-12.227	5.503	0.233
-16.0	-1.111	0.07472	-0.021	0.414	0.005	0.995	0.332	-14.864	0.593	0.231
-15.0	-1.103	0.05791	-0.023	0.401	0.005	0.995	0.420	-19.052	0.483	0.229
-14.0	-1.092	0.04191	-0.025	0.372	0.005	0.995	0.544	-26.054	0.411	0.227
-13.0	-1.073	0.02916	-0.028	0.354	0.005	0.995	0.696	-36.801	0.336	0.224
-12.0	-1.036	0.02199	-0.030	0.345	0.006	0.994	0.831	-47.104	0.293	0.221
-11.0	-0.974	0.01857	-0.032	0.310	0.007	0.994	0.915	-52.414	0.275	0.217
-10.0	-0.891	0.01661	-0.034	0.297	0.008	0.994	0.956	-53.652	0.269	0.212
-9.0	-0.796	0.01509	-0.035	0.266	0.011	0.994	0.975	-52.714	0.266	0.206
-8.0	-0.689	0.01033	-0.037	0.252	0.014	0.994	0.982	-66.686	0.264	0.197
-7.0	-0.577	0.00991	-0.038	0.224	0.016	0.994	0.988	-58.229	0.264	0.184
-6.0	-0.462	0.01051	-0.040	0.208	0.017	0.994	0.991	-43.902	0.264	0.163
-5.0	-0.343	0.01022	-0.042	0.183	0.020	0.993	0.992	-33.578	0.264	0.129
-4.0	-0.223	0.00995	-0.043	0.166	0.029	0.993	0.993	-22.380	0.264	0.056
-3.0	-0.101	0.00990	-0.045	0.142	0.032	0.993	0.993	-10.202	0.264	-0.195
-2.0	0.021	0.00979	-0.047	0.127	0.044	0.993	0.995	2.183	0.264	2.433
-1.0	0.144	0.00984	-0.048	0.104	0.054	0.993	0.995	14.659	0.264	0.585
0.0	0.267	0.00994	-0.050	0.093	0.072	0.992	0.997	26.829	0.264	0.438
1.0	0.389	0.01016	-0.052	0.070	0.082	0.991	0.997	38.259	0.264	0.383
2.0	0.511	0.01109	-0.054	0.055	0.104	0.991	0.997	46.066	0.265	0.355
3.0	0.632	0.01144	-0.055	0.043	0.121	0.990	0.997	55.223	0.265	0.338
4.0	0.751	0.01054	-0.057	0.032	0.141	0.987	0.997	71.317	0.265	0.326
5.0	0.869	0.01091	-0.059	0.025	0.171	0.983	0.998	79.645	0.265	0.318
6.0	0.985	0.01583	-0.061	0.020	0.185	0.979	0.998	62.192	0.266	0.312
7.0	1.095	0.01700	-0.062	0.013	0.214	0.973	0.998	64.427	0.266	0.307
8.0	1.200	0.01819	-0.064	0.012	0.235	0.964	0.998	65.995	0.267	0.303
9.0	1.300	0.01958	-0.066	0.010	0.263	0.954	0.998	66.370	0.267	0.301
10.0	1.391	0.02118	-0.067	0.010	0.300	0.939	0.998	65.660	0.268	0.299
11.0	1.471	0.02346	-0.069	0.006	0.319	0.916	0.998	62.696	0.270	0.297
12.0	1.533	0.02617	-0.070	0.005	0.358	0.886	0.999	58.573	0.273	0.296
13.0	1.579	0.02945	-0.071	0.004	0.403	0.849	0.998	53.614	0.278	0.295
14.0	1.608	0.03369	-0.072	0.003	0.449	0.803	0.999	47.733	0.290	0.295
15.0	1.620	0.03917	-0.073	0.003	0.464	0.748	0.998	41.344	0.418	0.295
16.0	1.614	0.04659	-0.073	0.003	0.502	0.686	0.999	34.650	0.233	0.295
17.0	1.593	0.05659	-0.073	0.003	0.525	0.617	0.998	28.160	0.251	0.296
18.0	1.561	0.06859	-0.073	0.003	0.563	0.551	0.999	22.764	0.257	0.297
19.0	1.518	0.08398	-0.073	0.002	0.606	0.482	0.999	18.077	0.259	0.298
20.0	1.470	0.10072	-0.073	0.002	0.644	0.424	0.999	14.593	0.259	0.299

Name = NACA 2415
Mach = 0; Re = 4830000; T.U. = 1.0; T.L. = 1.0
Surface Finish = 2; Stall model = 0; Transition model = 1; Aspect Ratio = 0; ground effect = 0
?	Cl	Cd	Cm 0.25	T.U.	T.L.	S.U.	S.L.	L/D	A.C.	C.P.
[°]	[-]	[-]	[-]	[-]	[-]	[-]	[-]	[-]	[-]	[-]
-20.0	-1.087	0.14227	-0.015	0.521	0.004	0.995	0.171	-7.640	0.173	0.236
-19.0	-1.102	0.12503	-0.016	0.502	0.004	0.995	0.197	-8.815	0.149	0.235
-18.0	-1.112	0.10728	-0.018	0.459	0.005	0.995	0.232	-10.364	0.045	0.234
-17.0	-1.116	0.08931	-0.019	0.427	0.005	0.995	0.282	-12.500	-2.227	0.233
-16.0	-1.113	0.07294	-0.021	0.406	0.005	0.995	0.342	-15.263	0.659	0.231
-15.0	-1.107	0.05586	-0.023	0.397	0.005	0.995	0.436	-19.822	0.500	0.229
-14.0	-1.096	0.04038	-0.025	0.361	0.005	0.995	0.559	-27.132	0.406	0.227
-13.0	-1.077	0.02819	-0.028	0.349	0.005	0.995	0.711	-38.186	0.332	0.224
-12.0	-1.038	0.02150	-0.030	0.322	0.006	0.995	0.841	-48.272	0.291	0.221
-11.0	-0.974	0.01835	-0.032	0.303	0.006	0.994	0.918	-53.090	0.275	0.217
-10.0	-0.892	0.01642	-0.034	0.286	0.007	0.994	0.957	-54.286	0.268	0.212
-9.0	-0.796	0.01494	-0.035	0.258	0.010	0.994	0.976	-53.267	0.266	0.206
-8.0	-0.689	0.01023	-0.037	0.248	0.014	0.994	0.983	-67.357	0.264	0.197
-7.0	-0.577	0.00983	-0.038	0.215	0.015	0.994	0.989	-58.725	0.264	0.184
-6.0	-0.462	0.01041	-0.040	0.204	0.017	0.994	0.991	-44.337	0.264	0.163
-5.0	-0.343	0.01014	-0.042	0.174	0.019	0.994	0.992	-33.852	0.264	0.129
-4.0	-0.223	0.00985	-0.043	0.163	0.028	0.993	0.993	-22.622	0.264	0.056
-3.0	-0.101	0.00972	-0.045	0.135	0.032	0.993	0.994	-10.393	0.264	-0.195
-2.0	0.021	0.00968	-0.047	0.125	0.040	0.993	0.995	2.207	0.264	2.433
-1.0	0.144	0.00980	-0.048	0.099	0.052	0.993	0.995	14.706	0.264	0.585
0.0	0.267	0.00987	-0.050	0.084	0.067	0.992	0.997	27.000	0.264	0.438
1.0	0.389	0.01076	-0.052	0.067	0.079	0.991	0.997	36.150	0.264	0.383
2.0	0.511	0.01097	-0.054	0.051	0.102	0.991	0.997	46.555	0.265	0.355
3.0	0.632	0.01135	-0.055	0.042	0.114	0.990	0.997	55.684	0.265	0.338
4.0	0.752	0.01039	-0.057	0.029	0.138	0.987	0.997	72.340	0.265	0.326
5.0	0.869	0.01072	-0.059	0.024	0.158	0.984	0.998	81.071	0.265	0.318
6.0	0.985	0.01567	-0.061	0.018	0.178	0.979	0.998	62.843	0.266	0.312
7.0	1.095	0.01674	-0.062	0.013	0.211	0.974	0.998	65.413	0.266	0.307
8.0	1.201	0.01799	-0.064	0.011	0.224	0.965	0.998	66.751	0.267	0.303
9.0	1.300	0.01931	-0.066	0.010	0.257	0.955	0.998	67.303	0.267	0.301
10.0	1.391	0.02087	-0.067	0.010	0.278	0.941	0.998	66.673	0.268	0.299
11.0	1.472	0.02322	-0.069	0.006	0.309	0.918	0.998	63.387	0.270	0.297
12.0	1.534	0.02586	-0.070	0.004	0.348	0.889	0.999	59.311	0.273	0.296
13.0	1.580	0.02904	-0.071	0.004	0.382	0.853	0.998	54.419	0.278	0.295
14.0	1.610	0.03306	-0.072	0.003	0.420	0.808	0.999	48.685	0.290	0.295
15.0	1.622	0.03838	-0.073	0.003	0.455	0.755	0.998	42.258	0.420	0.295
16.0	1.616	0.04589	-0.074	0.003	0.475	0.691	0.999	35.221	0.230	0.296
17.0	1.596	0.05523	-0.074	0.003	0.509	0.626	0.998	28.905	0.251	0.296
18.0	1.563	0.06759	-0.074	0.002	0.547	0.555	0.999	23.123	0.256	0.297
19.0	1.521	0.08203	-0.073	0.002	0.575	0.491	0.999	18.543	0.258	0.298
20.0	1.473	0.09849	-0.073	0.002	0.615	0.432	0.999	14.950	0.258	0.299

Name = NACA 2415
Mach = 0; Re = 5230000; T.U. = 1.0; T.L. = 1.0
Surface Finish = 2; Stall model = 0; Transition model = 1; Aspect Ratio = 0; ground effect = 0
?	Cl	Cd	Cm 0.25	T.U.	T.L.	S.U.	S.L.	L/D	A.C.	C.P.
[°]	[-]	[-]	[-]	[-]	[-]	[-]	[-]	[-]	[-]	[-]
-20.0	-1.088	0.14039	-0.015	0.509	0.004	0.995	0.176	-7.752	0.174	0.236
-19.0	-1.103	0.12332	-0.016	0.474	0.004	0.995	0.201	-8.947	0.150	0.235
-18.0	-1.114	0.10558	-0.018	0.451	0.005	0.995	0.238	-10.547	0.053	0.234
-17.0	-1.118	0.08765	-0.019	0.414	0.005	0.995	0.289	-12.760	-1.264	0.233
-16.0	-1.116	0.07121	-0.021	0.401	0.005	0.995	0.352	-15.668	0.616	0.231
-15.0	-1.108	0.05521	-0.023	0.373	0.005	0.995	0.440	-20.071	0.516	0.229
-14.0	-1.099	0.03900	-0.025	0.354	0.005	0.995	0.574	-28.185	0.408	0.227
-13.0	-1.078	0.02772	-0.028	0.346	0.005	0.995	0.716	-38.884	0.327	0.224
-12.0	-1.039	0.02124	-0.030	0.310	0.005	0.995	0.845	-48.924	0.290	0.221
-11.0	-0.975	0.01813	-0.032	0.299	0.006	0.995	0.921	-53.768	0.274	0.217
-10.0	-0.892	0.01627	-0.034	0.268	0.007	0.994	0.959	-54.814	0.268	0.212
-9.0	-0.796	0.01480	-0.035	0.253	0.009	0.994	0.976	-53.768	0.266	0.206
-8.0	-0.689	0.01011	-0.037	0.229	0.014	0.994	0.984	-68.197	0.264	0.197
-7.0	-0.577	0.00968	-0.038	0.210	0.015	0.994	0.989	-59.635	0.264	0.184
-6.0	-0.462	0.01040	-0.040	0.192	0.016	0.994	0.991	-44.403	0.264	0.163
-5.0	-0.343	0.01010	-0.042	0.169	0.019	0.994	0.992	-33.966	0.264	0.129
-4.0	-0.223	0.00975	-0.043	0.154	0.027	0.993	0.993	-22.862	0.264	0.056
-3.0	-0.101	0.00970	-0.045	0.131	0.031	0.993	0.994	-10.422	0.264	-0.195
-2.0	0.021	0.00962	-0.047	0.114	0.038	0.993	0.995	2.221	0.264	2.433
-1.0	0.144	0.00963	-0.048	0.096	0.051	0.993	0.996	14.978	0.264	0.586
0.0	0.267	0.00980	-0.050	0.077	0.062	0.992	0.997	27.207	0.264	0.438
1.0	0.389	0.01064	-0.052	0.065	0.077	0.992	0.997	36.551	0.264	0.383
2.0	0.511	0.01093	-0.054	0.048	0.099	0.991	0.997	46.707	0.265	0.355
3.0	0.632	0.01123	-0.055	0.041	0.110	0.990	0.997	56.255	0.265	0.338
4.0	0.752	0.01030	-0.057	0.028	0.136	0.988	0.997	72.936	0.265	0.326
5.0	0.869	0.01064	-0.059	0.024	0.150	0.984	0.998	81.708	0.265	0.318
6.0	0.985	0.01554	-0.061	0.017	0.175	0.980	0.998	63.367	0.266	0.312
7.0	1.096	0.01660	-0.063	0.012	0.196	0.975	0.998	65.977	0.266	0.307
8.0	1.201	0.01778	-0.064	0.011	0.218	0.966	0.998	67.558	0.267	0.303
9.0	1.300	0.01905	-0.066	0.010	0.252	0.957	0.998	68.244	0.267	0.301
10.0	1.392	0.02065	-0.068	0.009	0.267	0.942	0.998	67.421	0.268	0.299
11.0	1.472	0.02295	-0.069	0.005	0.303	0.920	0.998	64.159	0.270	0.297
12.0	1.535	0.02552	-0.070	0.004	0.325	0.892	0.999	60.135	0.273	0.296
13.0	1.582	0.02860	-0.072	0.004	0.362	0.857	0.998	55.301	0.278	0.295
14.0	1.611	0.03263	-0.073	0.003	0.404	0.812	0.999	49.378	0.291	0.295
15.0	1.624	0.03766	-0.073	0.003	0.449	0.762	0.998	43.133	0.403	0.295
16.0	1.619	0.04494	-0.074	0.003	0.462	0.699	0.999	36.015	0.227	0.296
17.0	1.599	0.05403	-0.074	0.003	0.500	0.634	0.998	29.597	0.249	0.296
18.0	1.566	0.06610	-0.074	0.002	0.520	0.563	0.999	23.687	0.256	0.297
19.0	1.524	0.08028	-0.073	0.002	0.559	0.499	0.999	18.980	0.259	0.298
20.0	1.473	0.09763	-0.073	0.002	0.598	0.435	0.999	15.092	0.261	0.299

Name = NACA 2415
Mach = 0; Re = 5630000; T.U. = 1.0; T.L. = 1.0
Surface Finish = 2; Stall model = 0; Transition model = 1; Aspect Ratio = 0; ground effect = 0
?	Cl	Cd	Cm 0.25	T.U.	T.L.	S.U.	S.L.	L/D	A.C.	C.P.
[°]	[-]	[-]	[-]	[-]	[-]	[-]	[-]	[-]	[-]	[-]
-20.0	-1.089	0.13864	-0.015	0.502	0.004	0.995	0.181	-7.858	0.174	0.236
-19.0	-1.105	0.12190	-0.016	0.460	0.004	0.995	0.206	-9.062	0.151	0.235
-18.0	-1.115	0.10402	-0.018	0.429	0.005	0.995	0.243	-10.719	0.045	0.234
-17.0	-1.119	0.08729	-0.019	0.406	0.005	0.995	0.290	-12.815	-0.671	0.233
-16.0	-1.119	0.06945	-0.021	0.397	0.005	0.995	0.363	-16.107	0.788	0.231
-15.0	-1.112	0.05358	-0.023	0.362	0.005	0.995	0.453	-20.746	0.521	0.229
-14.0	-1.102	0.03776	-0.026	0.350	0.005	0.995	0.588	-29.194	0.405	0.227
-13.0	-1.081	0.02697	-0.028	0.326	0.005	0.995	0.729	-40.081	0.324	0.224
-12.0	-1.041	0.02082	-0.030	0.304	0.005	0.995	0.854	-49.989	0.289	0.221
-11.0	-0.976	0.01788	-0.032	0.296	0.006	0.995	0.925	-54.554	0.274	0.217
-10.0	-0.892	0.01609	-0.034	0.260	0.007	0.995	0.960	-55.446	0.268	0.212
-9.0	-0.796	0.01472	-0.035	0.250	0.008	0.994	0.976	-54.059	0.266	0.206
-8.0	-0.689	0.01004	-0.037	0.219	0.014	0.994	0.984	-68.635	0.264	0.197
-7.0	-0.577	0.01059	-0.038	0.206	0.015	0.994	0.990	-54.554	0.264	0.184
-6.0	-0.462	0.01027	-0.040	0.180	0.016	0.994	0.991	-44.941	0.264	0.163
-5.0	-0.343	0.00991	-0.042	0.166	0.018	0.994	0.992	-34.627	0.264	0.129
-4.0	-0.223	0.00976	-0.043	0.142	0.025	0.993	0.993	-22.838	0.264	0.056
-3.0	-0.101	0.00958	-0.045	0.128	0.030	0.993	0.994	-10.549	0.264	-0.195
-2.0	0.021	0.00954	-0.047	0.106	0.036	0.993	0.995	2.241	0.264	2.433
-1.0	0.144	0.00959	-0.048	0.094	0.050	0.993	0.996	15.029	0.264	0.586
0.0	0.267	0.00972	-0.050	0.073	0.058	0.992	0.997	27.426	0.264	0.438
1.0	0.389	0.01060	-0.052	0.064	0.075	0.992	0.997	36.695	0.264	0.383
2.0	0.511	0.01076	-0.054	0.046	0.091	0.991	0.997	47.461	0.265	0.355
3.0	0.632	0.01109	-0.055	0.040	0.107	0.990	0.997	56.979	0.265	0.338
4.0	0.752	0.01022	-0.057	0.027	0.134	0.988	0.997	73.526	0.265	0.326
5.0	0.869	0.01060	-0.059	0.023	0.144	0.984	0.998	81.988	0.265	0.318
6.0	0.985	0.01540	-0.061	0.016	0.172	0.980	0.998	63.933	0.266	0.312
7.0	1.096	0.01645	-0.063	0.012	0.186	0.976	0.998	66.607	0.266	0.307
8.0	1.201	0.01755	-0.064	0.011	0.214	0.967	0.998	68.444	0.267	0.303
9.0	1.301	0.01886	-0.066	0.010	0.234	0.958	0.998	68.954	0.267	0.301
10.0	1.392	0.02052	-0.068	0.008	0.261	0.943	0.998	67.832	0.268	0.299
11.0	1.473	0.02278	-0.069	0.005	0.292	0.921	0.998	64.652	0.270	0.297
12.0	1.536	0.02523	-0.070	0.004	0.313	0.895	0.999	60.859	0.274	0.296
13.0	1.583	0.02828	-0.072	0.003	0.352	0.860	0.998	55.968	0.279	0.295
14.0	1.613	0.03213	-0.073	0.003	0.392	0.817	0.999	50.196	0.291	0.295
15.0	1.625	0.03723	-0.073	0.003	0.423	0.765	0.998	43.661	0.398	0.295
16.0	1.621	0.04409	-0.074	0.003	0.455	0.705	0.999	36.765	0.227	0.296
17.0	1.600	0.05346	-0.074	0.002	0.475	0.637	0.998	29.933	0.248	0.296
18.0	1.569	0.06474	-0.074	0.002	0.508	0.572	0.999	24.229	0.254	0.297
19.0	1.527	0.07867	-0.074	0.002	0.543	0.507	0.999	19.404	0.259	0.298
20.0	1.476	0.09589	-0.073	0.002	0.571	0.442	0.999	15.390	0.261	0.300

Name = NACA 2415
Mach = 0; Re = 6030000; T.U. = 1.0; T.L. = 1.0
Surface Finish = 2; Stall model = 0; Transition model = 1; Aspect Ratio = 0; ground effect = 0
?	Cl	Cd	Cm 0.25	T.U.	T.L.	S.U.	S.L.	L/D	A.C.	C.P.
[°]	[-]	[-]	[-]	[-]	[-]	[-]	[-]	[-]	[-]	[-]
-20.0	-1.086	0.14368	-0.015	0.476	0.003	0.995	0.166	-7.555	0.177	0.236
-19.0	-1.106	0.12049	-0.016	0.452	0.004	0.995	0.210	-9.177	0.157	0.235
-18.0	-1.116	0.10262	-0.018	0.415	0.005	0.995	0.249	-10.878	0.052	0.234
-17.0	-1.120	0.08591	-0.019	0.402	0.005	0.995	0.297	-13.041	-0.457	0.233
-16.0	-1.121	0.06786	-0.021	0.378	0.005	0.995	0.373	-16.522	0.908	0.231
-15.0	-1.114	0.05209	-0.023	0.355	0.005	0.995	0.465	-21.394	0.489	0.229
-14.0	-1.103	0.03741	-0.026	0.347	0.005	0.995	0.591	-29.488	0.402	0.227
-13.0	-1.083	0.02627	-0.028	0.313	0.005	0.995	0.740	-41.237	0.325	0.224
-12.0	-1.042	0.02044	-0.030	0.300	0.005	0.995	0.861	-50.990	0.288	0.221
-11.0	-0.976	0.01766	-0.032	0.275	0.006	0.995	0.929	-55.276	0.273	0.217
-10.0	-0.892	0.01595	-0.034	0.256	0.006	0.995	0.961	-55.927	0.268	0.212
-9.0	-0.796	0.01455	-0.035	0.243	0.008	0.995	0.977	-54.683	0.266	0.206
-8.0	-0.689	0.00998	-0.037	0.213	0.013	0.994	0.985	-69.100	0.264	0.197
-7.0	-0.577	0.01055	-0.038	0.204	0.015	0.994	0.990	-54.746	0.264	0.184
-6.0	-0.462	0.01019	-0.040	0.174	0.016	0.994	0.991	-45.318	0.264	0.163
-5.0	-0.343	0.00988	-0.042	0.164	0.017	0.994	0.992	-34.729	0.264	0.129
-4.0	-0.223	0.00968	-0.043	0.136	0.023	0.994	0.993	-23.017	0.264	0.056
-3.0	-0.101	0.00946	-0.045	0.126	0.030	0.993	0.994	-10.683	0.264	-0.195
-2.0	0.021	0.00952	-0.047	0.101	0.035	0.993	0.995	2.244	0.264	2.433
-1.0	0.144	0.00942	-0.048	0.093	0.049	0.993	0.996	15.312	0.264	0.586
0.0	0.267	0.00962	-0.050	0.070	0.056	0.993	0.997	27.704	0.264	0.438
1.0	0.389	0.01041	-0.052	0.061	0.074	0.992	0.997	37.351	0.264	0.383
2.0	0.511	0.01074	-0.054	0.044	0.086	0.991	0.997	47.563	0.265	0.355
3.0	0.632	0.01098	-0.055	0.036	0.104	0.990	0.997	57.543	0.265	0.338
4.0	0.752	0.01010	-0.057	0.026	0.124	0.989	0.998	74.431	0.265	0.326
5.0	0.870	0.01046	-0.059	0.023	0.141	0.985	0.998	83.160	0.265	0.318
6.0	0.985	0.01522	-0.061	0.014	0.170	0.981	0.998	64.693	0.266	0.312
7.0	1.096	0.01625	-0.063	0.012	0.181	0.976	0.998	67.426	0.266	0.307
8.0	1.201	0.01737	-0.064	0.011	0.211	0.968	0.998	69.174	0.267	0.303
9.0	1.301	0.01867	-0.066	0.010	0.225	0.959	0.998	69.677	0.267	0.301
10.0	1.392	0.02037	-0.068	0.007	0.257	0.944	0.998	68.355	0.268	0.299
11.0	1.473	0.02257	-0.069	0.004	0.276	0.923	0.998	65.267	0.270	0.297
12.0	1.536	0.02495	-0.070	0.004	0.307	0.897	0.999	61.565	0.274	0.296
13.0	1.584	0.02788	-0.072	0.003	0.339	0.864	0.998	56.798	0.279	0.295
14.0	1.614	0.03167	-0.073	0.003	0.368	0.822	0.999	50.965	0.291	0.295
15.0	1.627	0.03663	-0.073	0.003	0.408	0.770	0.998	44.417	0.395	0.295
16.0	1.623	0.04329	-0.074	0.003	0.450	0.711	0.999	37.490	0.223	0.296
17.0	1.603	0.05246	-0.074	0.002	0.464	0.644	0.998	30.549	0.247	0.296
18.0	1.571	0.06349	-0.074	0.002	0.501	0.578	0.999	24.744	0.255	0.297
19.0	1.527	0.07808	-0.074	0.002	0.521	0.509	0.999	19.561	0.258	0.298
20.0	1.478	0.09429	-0.073	0.002	0.559	0.448	0.999	15.674	0.258	0.300

Name = NACA 2415
Mach = 0; Re = 6430000; T.U. = 1.0; T.L. = 1.0
Surface Finish = 2; Stall model = 0; Transition model = 1; Aspect Ratio = 0; ground effect = 0
?	Cl	Cd	Cm 0.25	T.U.	T.L.	S.U.	S.L.	L/D	A.C.	C.P.
[°]	[-]	[-]	[-]	[-]	[-]	[-]	[-]	[-]	[-]	[-]
-20.0	-1.084	0.14591	-0.015	0.463	0.003	0.995	0.161	-7.430	0.178	0.236
-19.0	-1.107	0.11901	-0.017	0.437	0.004	0.995	0.215	-9.302	0.160	0.235
-18.0	-1.118	0.10135	-0.018	0.408	0.005	0.995	0.254	-11.028	0.057	0.234
-17.0	-1.122	0.08450	-0.019	0.399	0.005	0.995	0.304	-13.280	-0.680	0.233
-16.0	-1.121	0.06767	-0.021	0.366	0.005	0.995	0.373	-16.570	1.036	0.231
-15.0	-1.117	0.05075	-0.023	0.352	0.005	0.995	0.476	-22.012	0.535	0.229
-14.0	-1.106	0.03638	-0.026	0.339	0.005	0.995	0.602	-30.395	0.398	0.227
-13.0	-1.086	0.02567	-0.028	0.307	0.005	0.995	0.750	-42.294	0.322	0.224
-12.0	-1.043	0.02026	-0.030	0.297	0.005	0.995	0.863	-51.462	0.286	0.221
-11.0	-0.977	0.01751	-0.032	0.264	0.005	0.995	0.930	-55.771	0.273	0.217
-10.0	-0.892	0.01577	-0.034	0.253	0.006	0.995	0.962	-56.593	0.268	0.212
-9.0	-0.796	0.01446	-0.035	0.227	0.007	0.995	0.978	-55.044	0.266	0.206
-8.0	-0.690	0.00991	-0.037	0.209	0.011	0.994	0.985	-69.608	0.264	0.197
-7.0	-0.578	0.01035	-0.038	0.194	0.015	0.994	0.990	-55.807	0.264	0.184
-6.0	-0.462	0.01005	-0.040	0.170	0.016	0.994	0.991	-45.938	0.264	0.163
-5.0	-0.343	0.00975	-0.042	0.162	0.017	0.994	0.992	-35.186	0.264	0.129
-4.0	-0.223	0.00957	-0.043	0.133	0.022	0.994	0.994	-23.271	0.264	0.056
-3.0	-0.101	0.00943	-0.045	0.125	0.029	0.993	0.994	-10.714	0.264	-0.195
-2.0	0.021	0.00938	-0.047	0.098	0.033	0.993	0.995	2.278	0.264	2.433
-1.0	0.144	0.00940	-0.048	0.089	0.048	0.993	0.996	15.332	0.264	0.586
0.0	0.267	0.00960	-0.050	0.068	0.054	0.993	0.997	27.779	0.264	0.438
1.0	0.389	0.01041	-0.052	0.056	0.073	0.992	0.997	37.375	0.264	0.383
2.0	0.511	0.01063	-0.054	0.043	0.083	0.991	0.997	48.028	0.265	0.355
3.0	0.632	0.01096	-0.055	0.033	0.103	0.990	0.997	57.661	0.265	0.338
4.0	0.752	0.01008	-0.057	0.025	0.117	0.989	0.998	74.563	0.265	0.326
5.0	0.870	0.01037	-0.059	0.022	0.139	0.986	0.998	83.819	0.265	0.318
6.0	0.985	0.01512	-0.061	0.014	0.158	0.981	0.998	65.163	0.266	0.312
7.0	1.096	0.01612	-0.063	0.011	0.178	0.977	0.998	67.975	0.266	0.307
8.0	1.202	0.01722	-0.064	0.010	0.206	0.970	0.998	69.774	0.267	0.303
9.0	1.301	0.01845	-0.066	0.010	0.221	0.961	0.998	70.533	0.267	0.301
10.0	1.393	0.02024	-0.068	0.006	0.255	0.945	0.998	68.801	0.268	0.299
11.0	1.474	0.02234	-0.069	0.004	0.268	0.925	0.998	65.965	0.270	0.297
12.0	1.537	0.02467	-0.070	0.004	0.303	0.900	0.999	62.316	0.274	0.296
13.0	1.585	0.02764	-0.072	0.003	0.322	0.866	0.998	57.338	0.279	0.295
14.0	1.615	0.03124	-0.073	0.003	0.357	0.825	0.999	51.715	0.292	0.295
15.0	1.629	0.03608	-0.074	0.003	0.400	0.776	0.998	45.146	0.399	0.295
16.0	1.624	0.04292	-0.074	0.002	0.432	0.713	0.999	37.833	0.221	0.296
17.0	1.605	0.05155	-0.074	0.002	0.457	0.650	0.998	31.136	0.244	0.296
18.0	1.573	0.06237	-0.074	0.002	0.479	0.585	0.999	25.227	0.254	0.297
19.0	1.530	0.07666	-0.074	0.002	0.510	0.516	0.999	19.953	0.258	0.298
20.0	1.480	0.09258	-0.074	0.002	0.548	0.455	0.999	15.986	0.258	0.300


