Name = NACA 2418
Mach = 0; Re = 30000; T.U. = 1.0; T.L. = 1.0
Surface Finish = 2; Stall model = 0; Transition model = 1; Aspect Ratio = 0; ground effect = 0
?	Cl	Cd	Cm 0.25	T.U.	T.L.	S.U.	S.L.	L/D	A.C.	C.P.
[°]	[-]	[-]	[-]	[-]	[-]	[-]	[-]	[-]	[-]	[-]
-20.0	-1.257	0.31064	-0.007	0.927	0.015	0.962	0.023	-4.047	0.309	0.245
-19.0	-1.246	0.27807	-0.007	0.920	0.016	0.960	0.024	-4.480	0.296	0.244
-18.0	-1.226	0.25177	-0.008	0.914	0.017	0.957	0.026	-4.869	0.282	0.243
-17.0	-1.197	0.22411	-0.009	0.908	0.017	0.953	0.027	-5.342	0.275	0.243
-16.0	-1.159	0.20044	-0.010	0.897	0.019	0.950	0.029	-5.784	0.273	0.242
-15.0	-1.113	0.17761	-0.011	0.886	0.020	0.947	0.034	-6.268	0.271	0.240
-14.0	-1.058	0.15617	-0.012	0.877	0.022	0.942	0.038	-6.776	0.269	0.239
-13.0	-0.995	0.13904	-0.013	0.862	0.025	0.940	0.043	-7.156	0.268	0.237
-12.0	-0.921	0.12292	-0.014	0.848	0.028	0.937	0.048	-7.494	0.269	0.235
-11.0	-0.843	0.10844	-0.016	0.832	0.033	0.932	0.060	-7.777	0.270	0.231
-10.0	-0.760	0.09574	-0.018	0.811	0.038	0.928	0.072	-7.942	0.274	0.227
-9.0	-0.676	0.08388	-0.020	0.790	0.044	0.923	0.102	-8.058	0.281	0.220
-8.0	-0.589	0.07318	-0.023	0.763	0.056	0.920	0.150	-8.049	0.290	0.211
-7.0	-0.504	0.06127	-0.027	0.734	0.069	0.916	0.257	-8.229	0.307	0.197
-6.0	-0.423	0.04788	-0.032	0.703	0.092	0.912	0.490	-8.845	0.307	0.174
-5.0	-0.330	0.03995	-0.037	0.664	0.122	0.910	0.723	-8.254	0.288	0.138
-4.0	-0.219	0.03681	-0.040	0.620	0.160	0.909	0.853	-5.941	0.275	0.067
-3.0	-0.099	0.03541	-0.043	0.572	0.206	0.907	0.910	-2.787	0.270	-0.181
-2.0	0.025	0.03473	-0.045	0.520	0.257	0.904	0.937	0.706	0.268	2.077
-1.0	0.149	0.03453	-0.047	0.466	0.324	0.898	0.951	4.316	0.267	0.566
0.0	0.269	0.03497	-0.049	0.429	0.468	0.882	0.942	7.704	0.266	0.431
1.0	0.389	0.03580	-0.051	0.403	0.530	0.852	0.949	10.869	0.265	0.380
2.0	0.507	0.03711	-0.052	0.375	0.595	0.819	0.952	13.653	0.264	0.354
3.0	0.621	0.03896	-0.054	0.348	0.665	0.776	0.952	15.928	0.264	0.337
4.0	0.733	0.04135	-0.056	0.311	0.730	0.742	0.949	17.726	0.264	0.326
5.0	0.842	0.04439	-0.057	0.272	0.783	0.708	0.947	18.979	0.264	0.318
6.0	0.949	0.04814	-0.059	0.230	0.822	0.674	0.948	19.702	0.265	0.312
7.0	1.051	0.05279	-0.060	0.185	0.852	0.642	0.951	19.907	0.265	0.307
8.0	1.148	0.05846	-0.062	0.136	0.875	0.608	0.955	19.644	0.264	0.304
9.0	1.240	0.06539	-0.063	0.089	0.892	0.569	0.959	18.955	0.259	0.301
10.0	1.313	0.07523	-0.063	0.061	0.907	0.496	0.961	17.451	0.240	0.298
11.0	1.363	0.09044	-0.062	0.048	0.917	0.375	0.964	15.070	0.178	0.295
12.0	1.393	0.11161	-0.058	0.036	0.929	0.226	0.967	12.479	0.052	0.291
13.0	1.420	0.13475	-0.051	0.030	0.937	0.103	0.970	10.535	0.107	0.286
14.0	1.466	0.15416	-0.047	0.026	0.942	0.062	0.973	9.509	0.207	0.282
15.0	1.514	0.17438	-0.047	0.021	0.948	0.051	0.976	8.683	0.230	0.281
16.0	1.554	0.19604	-0.045	0.018	0.956	0.040	0.977	7.928	0.228	0.279
17.0	1.580	0.21953	-0.045	0.016	0.958	0.034	0.979	7.196	0.243	0.279
18.0	1.595	0.24772	-0.045	0.015	0.962	0.030	0.980	6.439	0.239	0.278
19.0	1.600	0.27559	-0.045	0.014	0.965	0.026	0.982	5.806	-0.126	0.278
20.0	1.596	0.30702	-0.045	0.012	0.969	0.023	0.983	5.198	0.276	0.278

Name = NACA 2418
Mach = 0; Re = 430000; T.U. = 1.0; T.L. = 1.0
Surface Finish = 2; Stall model = 0; Transition model = 1; Aspect Ratio = 0; ground effect = 0
?	Cl	Cd	Cm 0.25	T.U.	T.L.	S.U.	S.L.	L/D	A.C.	C.P.
[°]	[-]	[-]	[-]	[-]	[-]	[-]	[-]	[-]	[-]	[-]
-20.0	-1.296	0.16977	-0.010	0.866	0.011	0.991	0.147	-7.634	0.451	0.243
-19.0	-1.290	0.14988	-0.011	0.849	0.013	0.991	0.167	-8.608	0.386	0.242
-18.0	-1.278	0.13100	-0.012	0.835	0.014	0.991	0.195	-9.752	0.332	0.241
-17.0	-1.256	0.11393	-0.014	0.811	0.015	0.991	0.226	-11.025	0.313	0.239
-16.0	-1.229	0.09681	-0.015	0.791	0.016	0.991	0.270	-12.691	0.308	0.238
-15.0	-1.195	0.07996	-0.017	0.763	0.017	0.991	0.329	-14.940	0.306	0.236
-14.0	-1.156	0.06370	-0.019	0.735	0.019	0.992	0.412	-18.149	0.304	0.233
-13.0	-1.111	0.04952	-0.022	0.707	0.021	0.991	0.515	-22.436	0.296	0.231
-12.0	-1.052	0.03853	-0.024	0.670	0.023	0.991	0.625	-27.309	0.289	0.227
-11.0	-0.984	0.03044	-0.027	0.633	0.027	0.991	0.738	-32.331	0.282	0.223
-10.0	-0.901	0.02562	-0.029	0.596	0.031	0.991	0.828	-35.185	0.276	0.218
-9.0	-0.805	0.02260	-0.031	0.558	0.036	0.990	0.889	-35.633	0.272	0.211
-8.0	-0.699	0.02060	-0.033	0.514	0.042	0.991	0.926	-33.931	0.269	0.202
-7.0	-0.586	0.01911	-0.035	0.467	0.051	0.990	0.949	-30.665	0.268	0.189
-6.0	-0.468	0.01712	-0.038	0.431	0.062	0.990	0.963	-27.337	0.268	0.170
-5.0	-0.347	0.01601	-0.040	0.407	0.077	0.988	0.973	-21.683	0.267	0.136
-4.0	-0.224	0.01502	-0.042	0.384	0.096	0.987	0.979	-14.940	0.267	0.064
-3.0	-0.100	0.01100	-0.044	0.359	0.120	0.985	0.983	-9.109	0.267	-0.188
-2.0	0.025	0.01077	-0.046	0.337	0.147	0.983	0.986	2.302	0.267	2.109
-1.0	0.150	0.01493	-0.048	0.307	0.177	0.981	0.989	10.054	0.267	0.571
0.0	0.275	0.01527	-0.050	0.279	0.210	0.979	0.990	17.984	0.267	0.433
1.0	0.399	0.01587	-0.053	0.252	0.244	0.976	0.991	25.152	0.268	0.382
2.0	0.523	0.01654	-0.055	0.220	0.284	0.971	0.991	31.588	0.268	0.355
3.0	0.645	0.01744	-0.057	0.190	0.328	0.965	0.992	37.001	0.268	0.338
4.0	0.766	0.01845	-0.059	0.161	0.401	0.958	0.993	41.534	0.268	0.327
5.0	0.885	0.01986	-0.061	0.130	0.467	0.947	0.994	44.574	0.268	0.319
6.0	1.002	0.02158	-0.063	0.103	0.507	0.935	0.994	46.411	0.268	0.313
7.0	1.113	0.02366	-0.065	0.080	0.553	0.917	0.995	47.042	0.268	0.309
8.0	1.220	0.02607	-0.067	0.060	0.604	0.896	0.995	46.792	0.268	0.305
9.0	1.321	0.02870	-0.069	0.048	0.659	0.870	0.996	46.035	0.268	0.302
10.0	1.413	0.03201	-0.071	0.037	0.714	0.839	0.997	44.143	0.269	0.300
11.0	1.496	0.03587	-0.072	0.030	0.765	0.802	0.997	41.696	0.269	0.298
12.0	1.569	0.04050	-0.074	0.026	0.806	0.761	0.997	38.743	0.269	0.297
13.0	1.631	0.04634	-0.075	0.022	0.841	0.714	0.997	35.202	0.269	0.296
14.0	1.682	0.05392	-0.076	0.018	0.867	0.661	0.997	31.187	0.268	0.295
15.0	1.721	0.06300	-0.077	0.016	0.885	0.606	0.997	27.324	0.268	0.294
16.0	1.751	0.07395	-0.077	0.014	0.905	0.551	0.997	23.679	0.272	0.294
17.0	1.761	0.08662	-0.077	0.013	0.914	0.498	0.997	20.335	0.306	0.294
18.0	1.759	0.10215	-0.078	0.011	0.927	0.445	0.997	17.222	0.224	0.294
19.0	1.749	0.11777	-0.078	0.011	0.936	0.402	0.997	14.854	0.253	0.294
20.0	1.726	0.13801	-0.077	0.010	0.942	0.352	0.997	12.509	0.263	0.295

Name = NACA 2418
Mach = 0; Re = 830000; T.U. = 1.0; T.L. = 1.0
Surface Finish = 2; Stall model = 0; Transition model = 1; Aspect Ratio = 0; ground effect = 0
?	Cl	Cd	Cm 0.25	T.U.	T.L.	S.U.	S.L.	L/D	A.C.	C.P.
[°]	[-]	[-]	[-]	[-]	[-]	[-]	[-]	[-]	[-]	[-]
-20.0	-1.309	0.15272	-0.010	0.812	0.008	0.992	0.188	-8.569	0.562	0.242
-19.0	-1.305	0.13339	-0.011	0.795	0.010	0.992	0.214	-9.781	0.433	0.241
-18.0	-1.294	0.11458	-0.013	0.765	0.011	0.992	0.250	-11.295	0.357	0.240
-17.0	-1.277	0.09672	-0.014	0.738	0.013	0.992	0.295	-13.202	0.329	0.239
-16.0	-1.252	0.07978	-0.016	0.709	0.014	0.992	0.353	-15.698	0.319	0.237
-15.0	-1.223	0.06391	-0.018	0.674	0.015	0.992	0.430	-19.130	0.311	0.235
-14.0	-1.185	0.05003	-0.020	0.640	0.017	0.992	0.522	-23.681	0.300	0.233
-13.0	-1.136	0.03935	-0.022	0.608	0.018	0.992	0.616	-28.865	0.290	0.230
-12.0	-1.073	0.03136	-0.025	0.567	0.019	0.992	0.714	-34.206	0.283	0.227
-11.0	-0.998	0.02586	-0.027	0.527	0.022	0.991	0.805	-38.597	0.278	0.223
-10.0	-0.910	0.02243	-0.029	0.487	0.025	0.991	0.874	-40.567	0.273	0.218
-9.0	-0.810	0.02011	-0.031	0.445	0.030	0.991	0.918	-40.286	0.270	0.211
-8.0	-0.702	0.01847	-0.033	0.416	0.034	0.991	0.944	-37.989	0.269	0.202
-7.0	-0.587	0.01722	-0.036	0.399	0.040	0.990	0.960	-34.103	0.268	0.189
-6.0	-0.469	0.01611	-0.038	0.371	0.050	0.990	0.971	-29.103	0.267	0.170
-5.0	-0.348	0.01512	-0.040	0.351	0.060	0.990	0.978	-22.981	0.267	0.136
-4.0	-0.224	0.01029	-0.042	0.325	0.075	0.989	0.982	-21.803	0.267	0.064
-3.0	-0.100	0.01007	-0.044	0.302	0.092	0.988	0.986	-9.953	0.267	-0.189
-2.0	0.025	0.00996	-0.046	0.272	0.113	0.986	0.989	2.488	0.267	2.110
-1.0	0.150	0.01069	-0.048	0.250	0.138	0.983	0.990	14.051	0.267	0.571
0.0	0.275	0.01420	-0.050	0.219	0.164	0.981	0.991	19.352	0.267	0.433
1.0	0.399	0.01466	-0.053	0.194	0.191	0.979	0.991	27.231	0.268	0.382
2.0	0.523	0.01541	-0.055	0.167	0.222	0.975	0.992	33.950	0.268	0.355
3.0	0.646	0.01619	-0.057	0.139	0.257	0.970	0.993	39.876	0.268	0.338
4.0	0.767	0.01728	-0.059	0.114	0.291	0.963	0.994	44.391	0.268	0.327
5.0	0.887	0.01854	-0.061	0.092	0.330	0.955	0.994	47.817	0.268	0.319
6.0	1.003	0.01991	-0.063	0.072	0.394	0.943	0.995	50.386	0.268	0.313
7.0	1.116	0.02161	-0.066	0.056	0.458	0.929	0.996	51.624	0.268	0.309
8.0	1.224	0.02362	-0.068	0.044	0.491	0.912	0.996	51.822	0.269	0.305
9.0	1.327	0.02592	-0.069	0.034	0.528	0.889	0.997	51.175	0.269	0.302
10.0	1.420	0.02896	-0.071	0.028	0.573	0.864	0.997	49.037	0.270	0.300
11.0	1.505	0.03204	-0.073	0.024	0.623	0.832	0.998	46.986	0.270	0.298
12.0	1.581	0.03581	-0.074	0.020	0.676	0.797	0.997	44.147	0.270	0.297
13.0	1.645	0.04084	-0.076	0.016	0.729	0.752	0.998	40.264	0.271	0.296
14.0	1.698	0.04706	-0.077	0.014	0.776	0.705	0.997	36.073	0.272	0.295
15.0	1.740	0.05421	-0.078	0.013	0.815	0.656	0.997	32.101	0.273	0.295
16.0	1.772	0.06308	-0.079	0.012	0.846	0.606	0.998	28.092	0.281	0.294
17.0	1.784	0.07383	-0.079	0.011	0.873	0.555	0.998	24.159	0.339	0.294
18.0	1.783	0.08641	-0.080	0.010	0.890	0.505	0.998	20.634	0.174	0.295
19.0	1.773	0.10009	-0.080	0.009	0.907	0.462	0.998	17.715	0.236	0.295
20.0	1.751	0.11740	-0.080	0.008	0.918	0.414	0.998	14.913	0.248	0.296

Name = NACA 2418
Mach = 0; Re = 1230000; T.U. = 1.0; T.L. = 1.0
Surface Finish = 2; Stall model = 0; Transition model = 1; Aspect Ratio = 0; ground effect = 0
?	Cl	Cd	Cm 0.25	T.U.	T.L.	S.U.	S.L.	L/D	A.C.	C.P.
[°]	[-]	[-]	[-]	[-]	[-]	[-]	[-]	[-]	[-]	[-]
-20.0	-1.315	0.14399	-0.010	0.763	0.007	0.993	0.207	-9.131	0.610	0.242
-19.0	-1.311	0.12600	-0.012	0.735	0.008	0.993	0.236	-10.407	0.451	0.241
-18.0	-1.301	0.10780	-0.013	0.709	0.009	0.993	0.273	-12.072	0.361	0.240
-17.0	-1.284	0.09066	-0.015	0.673	0.010	0.993	0.320	-14.166	0.337	0.239
-16.0	-1.263	0.07322	-0.016	0.640	0.012	0.992	0.388	-17.244	0.335	0.237
-15.0	-1.238	0.05617	-0.018	0.609	0.014	0.992	0.485	-22.036	0.315	0.235
-14.0	-1.198	0.04421	-0.021	0.569	0.015	0.993	0.572	-27.099	0.298	0.233
-13.0	-1.148	0.03488	-0.023	0.532	0.016	0.992	0.666	-32.914	0.288	0.230
-12.0	-1.082	0.02827	-0.025	0.501	0.017	0.992	0.756	-38.283	0.281	0.227
-11.0	-1.004	0.02382	-0.027	0.454	0.019	0.992	0.836	-42.177	0.276	0.223
-10.0	-0.913	0.02105	-0.029	0.421	0.022	0.991	0.892	-43.391	0.272	0.218
-9.0	-0.812	0.01889	-0.031	0.403	0.026	0.991	0.930	-43.009	0.270	0.211
-8.0	-0.703	0.01738	-0.034	0.378	0.031	0.991	0.952	-40.434	0.268	0.202
-7.0	-0.588	0.01629	-0.036	0.356	0.036	0.991	0.965	-36.104	0.268	0.189
-6.0	-0.469	0.01518	-0.038	0.338	0.043	0.991	0.976	-30.922	0.267	0.170
-5.0	-0.348	0.01441	-0.040	0.309	0.052	0.990	0.980	-24.120	0.267	0.136
-4.0	-0.225	0.01058	-0.042	0.289	0.063	0.990	0.984	-21.227	0.267	0.064
-3.0	-0.100	0.00969	-0.044	0.260	0.078	0.989	0.988	-10.348	0.267	-0.189
-2.0	0.025	0.01037	-0.046	0.236	0.096	0.987	0.990	2.391	0.267	2.110
-1.0	0.150	0.01034	-0.048	0.211	0.115	0.985	0.990	14.526	0.267	0.571
0.0	0.275	0.01031	-0.050	0.184	0.140	0.983	0.991	26.672	0.268	0.433
1.0	0.399	0.01404	-0.053	0.163	0.164	0.980	0.992	28.448	0.268	0.382
2.0	0.523	0.01476	-0.055	0.135	0.189	0.978	0.993	35.444	0.268	0.355
3.0	0.646	0.01562	-0.057	0.112	0.219	0.972	0.993	41.353	0.268	0.338
4.0	0.768	0.01654	-0.059	0.092	0.252	0.966	0.994	46.396	0.268	0.327
5.0	0.887	0.01777	-0.061	0.072	0.281	0.959	0.995	49.933	0.268	0.319
6.0	1.004	0.01909	-0.064	0.057	0.317	0.949	0.995	52.600	0.268	0.313
7.0	1.117	0.02062	-0.066	0.045	0.364	0.937	0.996	54.182	0.269	0.309
8.0	1.226	0.02237	-0.068	0.036	0.433	0.920	0.997	54.819	0.269	0.305
9.0	1.330	0.02480	-0.070	0.029	0.467	0.901	0.997	53.610	0.269	0.302
10.0	1.424	0.02715	-0.071	0.024	0.503	0.877	0.998	52.465	0.270	0.300
11.0	1.510	0.02999	-0.073	0.021	0.539	0.849	0.998	50.363	0.270	0.298
12.0	1.586	0.03367	-0.075	0.016	0.581	0.813	0.997	47.112	0.271	0.297
13.0	1.652	0.03805	-0.076	0.014	0.629	0.773	0.998	43.406	0.272	0.296
14.0	1.706	0.04351	-0.077	0.012	0.680	0.729	0.998	39.218	0.273	0.295
15.0	1.750	0.04984	-0.078	0.011	0.731	0.683	0.998	35.122	0.275	0.295
16.0	1.783	0.05786	-0.079	0.010	0.777	0.635	0.998	30.819	0.285	0.294
17.0	1.796	0.06715	-0.080	0.010	0.815	0.587	0.998	26.752	0.349	0.295
18.0	1.795	0.07890	-0.081	0.009	0.847	0.536	0.998	22.754	0.200	0.295
19.0	1.782	0.09323	-0.081	0.007	0.874	0.485	0.998	19.118	0.245	0.295
20.0	1.758	0.11088	-0.081	0.006	0.891	0.432	0.998	15.856	0.252	0.296

Name = NACA 2418
Mach = 0; Re = 1630000; T.U. = 1.0; T.L. = 1.0
Surface Finish = 2; Stall model = 0; Transition model = 1; Aspect Ratio = 0; ground effect = 0
?	Cl	Cd	Cm 0.25	T.U.	T.L.	S.U.	S.L.	L/D	A.C.	C.P.
[°]	[-]	[-]	[-]	[-]	[-]	[-]	[-]	[-]	[-]	[-]
-20.0	-1.319	0.13813	-0.010	0.717	0.007	0.993	0.222	-9.552	0.606	0.242
-19.0	-1.316	0.12063	-0.012	0.685	0.007	0.993	0.250	-10.908	0.455	0.241
-18.0	-1.306	0.10318	-0.013	0.658	0.008	0.993	0.289	-12.660	0.362	0.240
-17.0	-1.289	0.08674	-0.015	0.619	0.008	0.993	0.337	-14.863	0.340	0.239
-16.0	-1.268	0.06969	-0.017	0.585	0.010	0.993	0.408	-18.200	0.338	0.237
-15.0	-1.244	0.05287	-0.019	0.556	0.012	0.992	0.508	-23.528	0.321	0.235
-14.0	-1.208	0.04035	-0.021	0.515	0.015	0.993	0.609	-29.934	0.299	0.233
-13.0	-1.156	0.03220	-0.023	0.477	0.015	0.992	0.698	-35.908	0.286	0.230
-12.0	-1.088	0.02639	-0.025	0.441	0.016	0.992	0.783	-41.246	0.280	0.227
-11.0	-1.008	0.02252	-0.027	0.413	0.018	0.992	0.854	-44.773	0.275	0.223
-10.0	-0.916	0.02002	-0.029	0.399	0.020	0.992	0.905	-45.738	0.271	0.218
-9.0	-0.813	0.01817	-0.032	0.369	0.023	0.991	0.937	-44.749	0.269	0.211
-8.0	-0.704	0.01660	-0.034	0.352	0.029	0.992	0.958	-42.385	0.268	0.202
-7.0	-0.588	0.01564	-0.036	0.328	0.032	0.991	0.969	-37.612	0.267	0.189
-6.0	-0.469	0.01471	-0.038	0.304	0.038	0.991	0.977	-31.918	0.267	0.170
-5.0	-0.348	0.01386	-0.040	0.281	0.048	0.990	0.982	-25.095	0.267	0.136
-4.0	-0.225	0.01030	-0.042	0.256	0.056	0.990	0.985	-21.815	0.267	0.064
-3.0	-0.100	0.01025	-0.044	0.232	0.070	0.990	0.989	-9.785	0.267	-0.189
-2.0	0.025	0.01011	-0.046	0.209	0.083	0.988	0.990	2.452	0.267	2.111
-1.0	0.150	0.01008	-0.048	0.183	0.104	0.986	0.991	14.898	0.267	0.572
0.0	0.275	0.01005	-0.050	0.164	0.122	0.984	0.991	27.376	0.268	0.434
1.0	0.399	0.01374	-0.053	0.137	0.144	0.981	0.992	29.074	0.268	0.382
2.0	0.523	0.01435	-0.055	0.118	0.172	0.979	0.993	36.481	0.268	0.355
3.0	0.646	0.01514	-0.057	0.096	0.194	0.974	0.994	42.704	0.268	0.338
4.0	0.768	0.01613	-0.059	0.076	0.222	0.968	0.994	47.609	0.268	0.327
5.0	0.888	0.01712	-0.061	0.062	0.255	0.962	0.995	51.848	0.268	0.319
6.0	1.005	0.01845	-0.064	0.048	0.281	0.952	0.996	54.482	0.268	0.313
7.0	1.118	0.01989	-0.066	0.040	0.315	0.941	0.997	56.236	0.269	0.309
8.0	1.228	0.02162	-0.068	0.030	0.358	0.926	0.997	56.778	0.269	0.305
9.0	1.332	0.02383	-0.070	0.025	0.416	0.908	0.997	55.883	0.269	0.302
10.0	1.427	0.02598	-0.072	0.022	0.459	0.886	0.998	54.915	0.270	0.300
11.0	1.513	0.02883	-0.073	0.017	0.489	0.858	0.998	52.484	0.271	0.298
12.0	1.590	0.03223	-0.075	0.014	0.521	0.825	0.997	49.329	0.271	0.297
13.0	1.657	0.03616	-0.076	0.012	0.563	0.788	0.998	45.819	0.273	0.296
14.0	1.712	0.04115	-0.078	0.011	0.609	0.745	0.998	41.605	0.274	0.295
15.0	1.758	0.04694	-0.079	0.011	0.657	0.703	0.998	37.440	0.277	0.295
16.0	1.791	0.05421	-0.080	0.010	0.706	0.656	0.998	33.045	0.287	0.295
17.0	1.805	0.06310	-0.081	0.009	0.753	0.608	0.998	28.598	0.368	0.295
18.0	1.800	0.07578	-0.081	0.007	0.797	0.549	0.998	23.757	0.230	0.295
19.0	1.785	0.09070	-0.081	0.005	0.834	0.492	0.998	19.683	0.243	0.295
20.0	1.763	0.10660	-0.081	0.005	0.858	0.444	0.998	16.536	0.244	0.296

Name = NACA 2418
Mach = 0; Re = 2030000; T.U. = 1.0; T.L. = 1.0
Surface Finish = 2; Stall model = 0; Transition model = 1; Aspect Ratio = 0; ground effect = 0
?	Cl	Cd	Cm 0.25	T.U.	T.L.	S.U.	S.L.	L/D	A.C.	C.P.
[°]	[-]	[-]	[-]	[-]	[-]	[-]	[-]	[-]	[-]	[-]
-20.0	-1.323	0.13426	-0.011	0.673	0.006	0.993	0.232	-9.850	0.648	0.242
-19.0	-1.319	0.11696	-0.012	0.643	0.006	0.993	0.262	-11.281	0.483	0.241
-18.0	-1.311	0.09904	-0.013	0.612	0.007	0.993	0.304	-13.235	0.362	0.240
-17.0	-1.293	0.08398	-0.015	0.574	0.007	0.993	0.348	-15.392	0.338	0.239
-16.0	-1.272	0.06716	-0.017	0.546	0.008	0.993	0.422	-18.943	0.333	0.237
-15.0	-1.245	0.05186	-0.019	0.510	0.010	0.993	0.513	-24.017	0.325	0.235
-14.0	-1.214	0.03788	-0.021	0.469	0.014	0.993	0.634	-32.056	0.304	0.233
-13.0	-1.162	0.03016	-0.023	0.435	0.015	0.992	0.724	-38.543	0.286	0.230
-12.0	-1.093	0.02498	-0.025	0.410	0.016	0.992	0.804	-43.759	0.278	0.227
-11.0	-1.011	0.02157	-0.027	0.398	0.017	0.992	0.868	-46.888	0.274	0.223
-10.0	-0.917	0.01938	-0.030	0.366	0.018	0.992	0.912	-47.316	0.271	0.218
-9.0	-0.814	0.01761	-0.032	0.351	0.021	0.992	0.941	-46.234	0.269	0.211
-8.0	-0.704	0.01621	-0.034	0.325	0.025	0.992	0.960	-43.433	0.268	0.202
-7.0	-0.589	0.01514	-0.036	0.303	0.031	0.991	0.972	-38.891	0.267	0.189
-6.0	-0.470	0.01421	-0.038	0.281	0.035	0.991	0.979	-33.039	0.267	0.170
-5.0	-0.348	0.01021	-0.040	0.257	0.042	0.991	0.983	-34.087	0.267	0.136
-4.0	-0.225	0.01012	-0.042	0.235	0.052	0.990	0.986	-22.202	0.267	0.064
-3.0	-0.100	0.01088	-0.044	0.211	0.062	0.990	0.990	-9.220	0.267	-0.189
-2.0	0.025	0.00992	-0.046	0.188	0.077	0.989	0.991	2.500	0.267	2.111
-1.0	0.150	0.00985	-0.048	0.167	0.093	0.987	0.991	15.251	0.267	0.572
0.0	0.275	0.00989	-0.050	0.143	0.111	0.985	0.992	27.814	0.268	0.434
1.0	0.400	0.00990	-0.053	0.126	0.135	0.982	0.993	40.344	0.268	0.382
2.0	0.524	0.01407	-0.055	0.102	0.153	0.980	0.993	37.203	0.268	0.355
3.0	0.647	0.01478	-0.057	0.085	0.178	0.977	0.994	43.760	0.268	0.338
4.0	0.768	0.01572	-0.059	0.068	0.205	0.970	0.995	48.869	0.268	0.327
5.0	0.888	0.01677	-0.061	0.053	0.227	0.963	0.996	52.950	0.268	0.319
6.0	1.006	0.01793	-0.064	0.043	0.259	0.956	0.996	56.105	0.269	0.313
7.0	1.119	0.01939	-0.066	0.034	0.288	0.944	0.997	57.709	0.269	0.309
8.0	1.229	0.02142	-0.068	0.027	0.318	0.930	0.997	57.371	0.269	0.305
9.0	1.333	0.02315	-0.070	0.023	0.361	0.914	0.997	57.581	0.270	0.302
10.0	1.429	0.02520	-0.072	0.019	0.414	0.892	0.998	56.679	0.270	0.300
11.0	1.515	0.02796	-0.074	0.015	0.457	0.865	0.998	54.207	0.271	0.299
12.0	1.593	0.03104	-0.075	0.013	0.483	0.835	0.997	51.330	0.272	0.297
13.0	1.661	0.03481	-0.077	0.011	0.516	0.799	0.998	47.703	0.273	0.296
14.0	1.717	0.03945	-0.078	0.010	0.557	0.759	0.998	43.528	0.275	0.295
15.0	1.763	0.04490	-0.079	0.010	0.601	0.717	0.998	39.260	0.277	0.295
16.0	1.797	0.05186	-0.080	0.009	0.642	0.670	0.998	34.649	0.286	0.295
17.0	1.807	0.06158	-0.081	0.007	0.689	0.615	0.998	29.345	0.391	0.295
18.0	1.803	0.07388	-0.081	0.005	0.737	0.557	0.998	24.411	0.220	0.295
19.0	1.789	0.08791	-0.081	0.004	0.780	0.502	0.998	20.353	0.240	0.295
20.0	1.767	0.10306	-0.082	0.004	0.817	0.454	0.998	17.143	0.242	0.296

Name = NACA 2418
Mach = 0; Re = 2430000; T.U. = 1.0; T.L. = 1.0
Surface Finish = 2; Stall model = 0; Transition model = 1; Aspect Ratio = 0; ground effect = 0
?	Cl	Cd	Cm 0.25	T.U.	T.L.	S.U.	S.L.	L/D	A.C.	C.P.
[°]	[-]	[-]	[-]	[-]	[-]	[-]	[-]	[-]	[-]	[-]
-20.0	-1.326	0.13001	-0.011	0.636	0.006	0.993	0.243	-10.199	0.646	0.242
-19.0	-1.323	0.11356	-0.012	0.610	0.006	0.993	0.273	-11.649	0.477	0.241
-18.0	-1.314	0.09643	-0.013	0.571	0.007	0.993	0.315	-13.626	0.370	0.240
-17.0	-1.298	0.08065	-0.015	0.542	0.007	0.993	0.365	-16.088	0.342	0.238
-16.0	-1.277	0.06461	-0.017	0.509	0.008	0.993	0.437	-19.760	0.327	0.237
-15.0	-1.248	0.05059	-0.019	0.469	0.009	0.993	0.522	-24.666	0.317	0.235
-14.0	-1.214	0.03776	-0.021	0.437	0.011	0.993	0.632	-32.150	0.306	0.233
-13.0	-1.167	0.02871	-0.023	0.410	0.014	0.993	0.742	-40.643	0.288	0.230
-12.0	-1.097	0.02391	-0.025	0.398	0.015	0.992	0.820	-45.867	0.278	0.227
-11.0	-1.013	0.02086	-0.028	0.367	0.016	0.992	0.879	-48.581	0.273	0.223
-10.0	-0.918	0.01876	-0.030	0.351	0.017	0.992	0.919	-48.952	0.271	0.218
-9.0	-0.815	0.01719	-0.032	0.328	0.019	0.992	0.945	-47.379	0.269	0.211
-8.0	-0.704	0.01587	-0.034	0.305	0.022	0.992	0.962	-44.382	0.268	0.202
-7.0	-0.589	0.01473	-0.036	0.287	0.030	0.991	0.974	-39.978	0.267	0.189
-6.0	-0.470	0.01392	-0.038	0.259	0.033	0.991	0.979	-33.745	0.267	0.170
-5.0	-0.348	0.01009	-0.040	0.245	0.038	0.991	0.983	-34.497	0.267	0.136
-4.0	-0.225	0.00988	-0.042	0.214	0.049	0.990	0.988	-22.734	0.267	0.064
-3.0	-0.100	0.01070	-0.044	0.200	0.057	0.990	0.990	-9.376	0.267	-0.189
-2.0	0.025	0.01057	-0.046	0.171	0.073	0.990	0.991	2.346	0.267	2.111
-1.0	0.150	0.00968	-0.048	0.153	0.084	0.988	0.991	15.513	0.267	0.572
0.0	0.275	0.00966	-0.050	0.131	0.104	0.986	0.992	28.474	0.268	0.434
1.0	0.400	0.00978	-0.053	0.110	0.121	0.983	0.993	40.882	0.268	0.382
2.0	0.524	0.01380	-0.055	0.094	0.142	0.980	0.994	37.945	0.268	0.355
3.0	0.647	0.01444	-0.057	0.074	0.168	0.978	0.994	44.782	0.268	0.338
4.0	0.768	0.01537	-0.059	0.063	0.186	0.972	0.995	49.990	0.268	0.327
5.0	0.888	0.01647	-0.061	0.047	0.215	0.965	0.996	53.938	0.268	0.319
6.0	1.006	0.01747	-0.064	0.040	0.238	0.958	0.997	57.611	0.269	0.313
7.0	1.120	0.01899	-0.066	0.030	0.266	0.946	0.997	58.959	0.269	0.309
8.0	1.230	0.02093	-0.068	0.025	0.301	0.934	0.997	58.761	0.269	0.305
9.0	1.334	0.02253	-0.070	0.022	0.327	0.918	0.998	59.214	0.270	0.302
10.0	1.430	0.02472	-0.072	0.016	0.369	0.897	0.998	57.855	0.270	0.300
11.0	1.517	0.02723	-0.074	0.013	0.420	0.871	0.998	55.726	0.271	0.299
12.0	1.596	0.03011	-0.075	0.012	0.458	0.841	0.998	52.990	0.272	0.297
13.0	1.664	0.03362	-0.077	0.011	0.484	0.808	0.998	49.481	0.273	0.296
14.0	1.721	0.03805	-0.078	0.010	0.515	0.769	0.998	45.221	0.275	0.295
15.0	1.767	0.04324	-0.079	0.009	0.556	0.729	0.998	40.868	0.278	0.295
16.0	1.801	0.05026	-0.080	0.008	0.597	0.680	0.998	35.828	0.285	0.295
17.0	1.809	0.06050	-0.081	0.006	0.636	0.620	0.998	29.905	0.417	0.295
18.0	1.806	0.07217	-0.081	0.004	0.681	0.563	0.998	25.022	0.201	0.295
19.0	1.794	0.08508	-0.082	0.004	0.727	0.513	0.998	21.082	0.233	0.296
20.0	1.771	0.09995	-0.082	0.003	0.771	0.465	0.998	17.719	0.241	0.296

Name = NACA 2418
Mach = 0; Re = 2830000; T.U. = 1.0; T.L. = 1.0
Surface Finish = 2; Stall model = 0; Transition model = 1; Aspect Ratio = 0; ground effect = 0
?	Cl	Cd	Cm 0.25	T.U.	T.L.	S.U.	S.L.	L/D	A.C.	C.P.
[°]	[-]	[-]	[-]	[-]	[-]	[-]	[-]	[-]	[-]	[-]
-20.0	-1.328	0.12748	-0.011	0.610	0.006	0.993	0.250	-10.420	0.924	0.242
-19.0	-1.326	0.11019	-0.012	0.572	0.006	0.993	0.284	-12.036	0.496	0.241
-18.0	-1.317	0.09386	-0.013	0.546	0.006	0.993	0.325	-14.032	0.365	0.240
-17.0	-1.300	0.07875	-0.015	0.511	0.006	0.993	0.374	-16.511	0.342	0.238
-16.0	-1.280	0.06278	-0.017	0.473	0.007	0.993	0.448	-20.388	0.326	0.237
-15.0	-1.250	0.04942	-0.019	0.445	0.008	0.993	0.530	-25.295	0.315	0.235
-14.0	-1.215	0.03703	-0.021	0.413	0.010	0.993	0.638	-32.819	0.306	0.233
-13.0	-1.170	0.02777	-0.023	0.400	0.014	0.993	0.754	-42.135	0.288	0.230
-12.0	-1.099	0.02314	-0.025	0.371	0.015	0.993	0.831	-47.516	0.277	0.227
-11.0	-1.015	0.02027	-0.028	0.353	0.016	0.992	0.886	-50.067	0.273	0.223
-10.0	-0.919	0.01829	-0.030	0.338	0.017	0.992	0.924	-50.279	0.270	0.218
-9.0	-0.815	0.01681	-0.032	0.308	0.018	0.992	0.948	-48.498	0.269	0.211
-8.0	-0.705	0.01552	-0.034	0.296	0.021	0.992	0.964	-45.408	0.268	0.202
-7.0	-0.589	0.01453	-0.036	0.263	0.028	0.992	0.975	-40.538	0.267	0.189
-6.0	-0.470	0.01363	-0.038	0.250	0.031	0.991	0.980	-34.463	0.267	0.170
-5.0	-0.348	0.00988	-0.040	0.220	0.036	0.991	0.985	-35.218	0.267	0.136
-4.0	-0.225	0.00969	-0.042	0.205	0.046	0.991	0.988	-23.183	0.267	0.064
-3.0	-0.100	0.01061	-0.044	0.178	0.054	0.990	0.990	-9.457	0.267	-0.189
-2.0	0.025	0.01053	-0.046	0.164	0.066	0.990	0.991	2.356	0.267	2.111
-1.0	0.150	0.00954	-0.048	0.137	0.079	0.988	0.991	15.751	0.267	0.572
0.0	0.275	0.00948	-0.050	0.125	0.098	0.986	0.992	29.020	0.267	0.434
1.0	0.400	0.00971	-0.053	0.100	0.112	0.983	0.993	41.173	0.268	0.382
2.0	0.524	0.01356	-0.055	0.086	0.136	0.981	0.994	38.613	0.268	0.355
3.0	0.647	0.01427	-0.057	0.069	0.153	0.978	0.994	45.327	0.268	0.338
4.0	0.769	0.01513	-0.059	0.055	0.177	0.973	0.995	50.816	0.268	0.327
5.0	0.889	0.01615	-0.062	0.044	0.200	0.966	0.996	55.037	0.268	0.319
6.0	1.007	0.01716	-0.064	0.036	0.223	0.960	0.997	58.655	0.269	0.313
7.0	1.120	0.01858	-0.066	0.027	0.256	0.949	0.997	60.283	0.269	0.309
8.0	1.230	0.02047	-0.068	0.023	0.275	0.937	0.997	60.114	0.269	0.305
9.0	1.335	0.02206	-0.070	0.020	0.307	0.921	0.998	60.519	0.270	0.302
10.0	1.431	0.02423	-0.072	0.015	0.344	0.901	0.998	59.057	0.270	0.300
11.0	1.519	0.02660	-0.074	0.012	0.384	0.877	0.998	57.111	0.271	0.299
12.0	1.598	0.02935	-0.075	0.011	0.433	0.848	0.998	54.443	0.272	0.297
13.0	1.666	0.03276	-0.077	0.010	0.460	0.815	0.998	50.862	0.274	0.296
14.0	1.724	0.03692	-0.078	0.009	0.490	0.778	0.998	46.686	0.276	0.295
15.0	1.771	0.04193	-0.080	0.009	0.518	0.738	0.998	42.230	0.277	0.295
16.0	1.801	0.04977	-0.080	0.006	0.559	0.682	0.998	36.198	0.285	0.295
17.0	1.811	0.05932	-0.081	0.005	0.602	0.626	0.998	30.534	0.386	0.295
18.0	1.810	0.07027	-0.082	0.004	0.638	0.572	0.998	25.751	0.191	0.295
19.0	1.797	0.08289	-0.082	0.003	0.680	0.521	0.998	21.678	0.231	0.296
20.0	1.775	0.09709	-0.082	0.003	0.725	0.475	0.998	18.281	0.237	0.296

Name = NACA 2418
Mach = 0; Re = 3230000; T.U. = 1.0; T.L. = 1.0
Surface Finish = 2; Stall model = 0; Transition model = 1; Aspect Ratio = 0; ground effect = 0
?	Cl	Cd	Cm 0.25	T.U.	T.L.	S.U.	S.L.	L/D	A.C.	C.P.
[°]	[-]	[-]	[-]	[-]	[-]	[-]	[-]	[-]	[-]	[-]
-20.0	-1.330	0.12540	-0.011	0.575	0.005	0.993	0.256	-10.607	0.992	0.242
-19.0	-1.328	0.10810	-0.012	0.555	0.006	0.993	0.291	-12.288	0.540	0.241
-18.0	-1.320	0.09115	-0.014	0.515	0.006	0.993	0.336	-14.487	0.377	0.240
-17.0	-1.304	0.07608	-0.015	0.484	0.006	0.993	0.387	-17.142	0.343	0.238
-16.0	-1.284	0.06082	-0.017	0.452	0.007	0.993	0.461	-21.104	0.325	0.237
-15.0	-1.254	0.04780	-0.019	0.417	0.007	0.993	0.543	-26.228	0.312	0.235
-14.0	-1.217	0.03629	-0.021	0.402	0.009	0.993	0.645	-33.535	0.302	0.233
-13.0	-1.169	0.02773	-0.023	0.379	0.011	0.993	0.752	-42.171	0.289	0.230
-12.0	-1.101	0.02253	-0.026	0.357	0.014	0.993	0.841	-48.882	0.278	0.227
-11.0	-1.016	0.01978	-0.028	0.346	0.015	0.992	0.893	-51.395	0.273	0.223
-10.0	-0.920	0.01791	-0.030	0.313	0.016	0.992	0.929	-51.391	0.270	0.218
-9.0	-0.816	0.01650	-0.032	0.299	0.017	0.992	0.951	-49.431	0.269	0.211
-8.0	-0.705	0.01532	-0.034	0.271	0.019	0.992	0.966	-46.013	0.268	0.202
-7.0	-0.589	0.01424	-0.036	0.254	0.024	0.992	0.976	-41.379	0.267	0.189
-6.0	-0.470	0.01339	-0.038	0.230	0.031	0.992	0.981	-35.088	0.267	0.170
-5.0	-0.348	0.00979	-0.040	0.209	0.033	0.991	0.985	-35.557	0.267	0.136
-4.0	-0.225	0.00964	-0.042	0.190	0.041	0.991	0.989	-23.307	0.267	0.064
-3.0	-0.100	0.01036	-0.044	0.169	0.052	0.990	0.990	-9.680	0.267	-0.189
-2.0	0.025	0.01033	-0.046	0.150	0.061	0.990	0.991	2.400	0.267	2.111
-1.0	0.150	0.00936	-0.048	0.130	0.075	0.989	0.992	16.042	0.267	0.572
0.0	0.275	0.00945	-0.051	0.110	0.089	0.987	0.992	29.101	0.267	0.434
1.0	0.400	0.00954	-0.053	0.095	0.107	0.984	0.993	41.897	0.268	0.382
2.0	0.524	0.01340	-0.055	0.076	0.127	0.981	0.994	39.089	0.268	0.355
3.0	0.647	0.01403	-0.057	0.065	0.144	0.979	0.995	46.118	0.268	0.338
4.0	0.769	0.01495	-0.059	0.049	0.171	0.974	0.995	51.437	0.268	0.327
5.0	0.889	0.01584	-0.062	0.042	0.186	0.968	0.996	56.112	0.268	0.319
6.0	1.007	0.01696	-0.064	0.031	0.215	0.961	0.997	59.370	0.269	0.313
7.0	1.121	0.01871	-0.066	0.026	0.234	0.951	0.997	59.900	0.269	0.309
8.0	1.231	0.02004	-0.068	0.023	0.262	0.940	0.998	61.423	0.269	0.305
9.0	1.336	0.02176	-0.070	0.018	0.294	0.923	0.998	61.375	0.270	0.302
10.0	1.432	0.02379	-0.072	0.013	0.317	0.905	0.998	60.216	0.271	0.300
11.0	1.520	0.02607	-0.074	0.012	0.356	0.881	0.998	58.323	0.271	0.299
12.0	1.600	0.02873	-0.076	0.011	0.401	0.854	0.998	55.666	0.273	0.297
13.0	1.668	0.03194	-0.077	0.010	0.449	0.821	0.998	52.233	0.274	0.296
14.0	1.727	0.03599	-0.079	0.009	0.465	0.785	0.998	47.976	0.276	0.295
15.0	1.773	0.04106	-0.080	0.008	0.501	0.743	0.998	43.178	0.277	0.295
16.0	1.803	0.04916	-0.081	0.005	0.525	0.686	0.998	36.666	0.286	0.295
17.0	1.814	0.05799	-0.081	0.004	0.563	0.633	0.998	31.285	0.377	0.295
18.0	1.812	0.06875	-0.082	0.003	0.606	0.579	0.998	26.360	0.182	0.295
19.0	1.800	0.08077	-0.082	0.003	0.646	0.530	0.998	22.288	0.229	0.296
20.0	1.778	0.09470	-0.083	0.003	0.686	0.483	0.998	18.775	0.236	0.296

Name = NACA 2418
Mach = 0; Re = 3630000; T.U. = 1.0; T.L. = 1.0
Surface Finish = 2; Stall model = 0; Transition model = 1; Aspect Ratio = 0; ground effect = 0
?	Cl	Cd	Cm 0.25	T.U.	T.L.	S.U.	S.L.	L/D	A.C.	C.P.
[°]	[-]	[-]	[-]	[-]	[-]	[-]	[-]	[-]	[-]	[-]
-20.0	-1.333	0.12254	-0.011	0.559	0.005	0.994	0.265	-10.876	0.725	0.242
-19.0	-1.330	0.10648	-0.012	0.521	0.005	0.993	0.296	-12.490	0.521	0.241
-18.0	-1.322	0.08950	-0.014	0.502	0.006	0.993	0.343	-14.776	0.382	0.240
-17.0	-1.307	0.07448	-0.015	0.459	0.006	0.993	0.396	-17.544	0.346	0.238
-16.0	-1.286	0.05924	-0.017	0.426	0.006	0.993	0.471	-21.715	0.324	0.237
-15.0	-1.255	0.04687	-0.019	0.406	0.007	0.993	0.549	-26.784	0.311	0.235
-14.0	-1.219	0.03548	-0.021	0.396	0.008	0.993	0.652	-34.355	0.301	0.233
-13.0	-1.170	0.02750	-0.023	0.362	0.010	0.993	0.754	-42.548	0.289	0.230
-12.0	-1.104	0.02191	-0.026	0.349	0.014	0.993	0.850	-50.366	0.278	0.227
-11.0	-1.017	0.01939	-0.028	0.323	0.015	0.993	0.899	-52.469	0.272	0.223
-10.0	-0.921	0.01761	-0.030	0.303	0.016	0.992	0.933	-52.297	0.270	0.218
-9.0	-0.816	0.01621	-0.032	0.287	0.017	0.992	0.954	-50.358	0.269	0.211
-8.0	-0.705	0.01511	-0.034	0.259	0.018	0.992	0.967	-46.662	0.268	0.202
-7.0	-0.589	0.01405	-0.036	0.248	0.022	0.992	0.977	-41.936	0.267	0.189
-6.0	-0.470	0.01324	-0.038	0.216	0.030	0.992	0.982	-35.480	0.267	0.170
-5.0	-0.348	0.00960	-0.040	0.204	0.032	0.991	0.986	-36.248	0.267	0.136
-4.0	-0.225	0.00955	-0.042	0.176	0.038	0.991	0.989	-23.542	0.267	0.064
-3.0	-0.100	0.01021	-0.044	0.164	0.050	0.990	0.991	-9.829	0.267	-0.189
-2.0	0.025	0.01023	-0.046	0.137	0.057	0.990	0.991	2.425	0.267	2.111
-1.0	0.150	0.00928	-0.048	0.125	0.073	0.989	0.992	16.183	0.267	0.572
0.0	0.275	0.00932	-0.051	0.102	0.083	0.987	0.993	29.528	0.268	0.434
1.0	0.400	0.00932	-0.053	0.092	0.103	0.985	0.994	42.891	0.268	0.382
2.0	0.524	0.01329	-0.055	0.071	0.117	0.982	0.994	39.422	0.268	0.355
3.0	0.647	0.01378	-0.057	0.063	0.139	0.979	0.995	46.944	0.268	0.338
4.0	0.769	0.01474	-0.059	0.046	0.157	0.975	0.996	52.183	0.268	0.327
5.0	0.889	0.01557	-0.062	0.040	0.178	0.969	0.997	57.120	0.268	0.319
6.0	1.007	0.01671	-0.064	0.029	0.205	0.962	0.997	60.276	0.269	0.313
7.0	1.121	0.01845	-0.066	0.024	0.223	0.953	0.997	60.773	0.269	0.309
8.0	1.232	0.01969	-0.068	0.022	0.256	0.942	0.998	62.543	0.269	0.305
9.0	1.337	0.02148	-0.070	0.016	0.273	0.926	0.998	62.232	0.270	0.302
10.0	1.433	0.02343	-0.072	0.012	0.305	0.908	0.998	61.161	0.271	0.300
11.0	1.522	0.02558	-0.074	0.011	0.334	0.885	0.998	59.490	0.271	0.299
12.0	1.601	0.02820	-0.076	0.010	0.370	0.858	0.998	56.769	0.273	0.297
13.0	1.671	0.03123	-0.077	0.010	0.413	0.828	0.998	53.500	0.274	0.296
14.0	1.729	0.03520	-0.079	0.009	0.453	0.791	0.998	49.120	0.275	0.296
15.0	1.773	0.04083	-0.080	0.007	0.472	0.745	0.998	43.433	0.276	0.295
16.0	1.805	0.04839	-0.081	0.004	0.506	0.690	0.998	37.293	0.287	0.295
17.0	1.816	0.05689	-0.081	0.004	0.537	0.639	0.998	31.930	0.374	0.295
18.0	1.815	0.06723	-0.082	0.003	0.570	0.586	0.998	27.000	0.172	0.295
19.0	1.803	0.07905	-0.082	0.003	0.612	0.537	0.998	22.810	0.227	0.296
20.0	1.781	0.09277	-0.083	0.003	0.656	0.490	0.998	19.196	0.236	0.296

Name = NACA 2418
Mach = 0; Re = 4030000; T.U. = 1.0; T.L. = 1.0
Surface Finish = 2; Stall model = 0; Transition model = 1; Aspect Ratio = 0; ground effect = 0
?	Cl	Cd	Cm 0.25	T.U.	T.L.	S.U.	S.L.	L/D	A.C.	C.P.
[°]	[-]	[-]	[-]	[-]	[-]	[-]	[-]	[-]	[-]	[-]
-20.0	-1.335	0.12019	-0.011	0.531	0.005	0.994	0.272	-11.107	0.756	0.242
-19.0	-1.332	0.10434	-0.012	0.507	0.005	0.994	0.304	-12.769	0.509	0.241
-18.0	-1.324	0.08805	-0.014	0.468	0.006	0.993	0.348	-15.040	0.380	0.240
-17.0	-1.309	0.07308	-0.015	0.443	0.006	0.993	0.403	-17.908	0.347	0.238
-16.0	-1.289	0.05805	-0.017	0.412	0.006	0.993	0.479	-22.199	0.325	0.237
-15.0	-1.258	0.04571	-0.019	0.400	0.006	0.993	0.559	-27.521	0.310	0.235
-14.0	-1.220	0.03499	-0.021	0.370	0.007	0.993	0.657	-34.875	0.300	0.233
-13.0	-1.171	0.02716	-0.023	0.353	0.009	0.993	0.757	-43.106	0.288	0.230
-12.0	-1.103	0.02183	-0.026	0.344	0.012	0.993	0.849	-50.547	0.278	0.227
-11.0	-1.019	0.01899	-0.028	0.309	0.015	0.993	0.905	-53.652	0.272	0.223
-10.0	-0.922	0.01729	-0.030	0.298	0.015	0.992	0.936	-53.287	0.270	0.218
-9.0	-0.816	0.01598	-0.032	0.266	0.016	0.992	0.956	-51.106	0.268	0.211
-8.0	-0.705	0.01486	-0.034	0.253	0.018	0.992	0.968	-47.457	0.268	0.202
-7.0	-0.589	0.01389	-0.036	0.227	0.021	0.992	0.977	-42.432	0.267	0.189
-6.0	-0.470	0.00969	-0.038	0.209	0.029	0.992	0.982	-48.474	0.267	0.170
-5.0	-0.348	0.00954	-0.040	0.191	0.031	0.991	0.986	-36.499	0.267	0.136
-4.0	-0.225	0.01025	-0.042	0.169	0.036	0.991	0.990	-21.939	0.267	0.064
-3.0	-0.100	0.01019	-0.044	0.154	0.049	0.990	0.991	-9.845	0.267	-0.189
-2.0	0.025	0.01011	-0.046	0.131	0.054	0.990	0.991	2.454	0.267	2.111
-1.0	0.150	0.00914	-0.048	0.117	0.070	0.990	0.992	16.434	0.267	0.572
0.0	0.275	0.00925	-0.051	0.097	0.079	0.988	0.993	29.759	0.267	0.434
1.0	0.400	0.00932	-0.053	0.083	0.101	0.985	0.994	42.916	0.268	0.382
2.0	0.524	0.00950	-0.055	0.068	0.111	0.982	0.994	55.141	0.268	0.355
3.0	0.647	0.01370	-0.057	0.055	0.136	0.980	0.995	47.247	0.268	0.338
4.0	0.769	0.01452	-0.059	0.044	0.148	0.977	0.996	52.972	0.268	0.327
5.0	0.889	0.01539	-0.062	0.037	0.174	0.970	0.997	57.797	0.268	0.319
6.0	1.007	0.01652	-0.064	0.027	0.190	0.963	0.997	60.955	0.269	0.313
7.0	1.122	0.01813	-0.066	0.023	0.217	0.955	0.997	61.862	0.269	0.309
8.0	1.232	0.01936	-0.068	0.022	0.238	0.944	0.998	63.640	0.269	0.305
9.0	1.337	0.02118	-0.070	0.014	0.263	0.928	0.998	63.115	0.270	0.302
10.0	1.434	0.02303	-0.072	0.012	0.295	0.910	0.998	62.263	0.271	0.300
11.0	1.523	0.02517	-0.074	0.011	0.315	0.888	0.998	60.505	0.272	0.299
12.0	1.603	0.02763	-0.076	0.010	0.353	0.863	0.998	58.009	0.273	0.297
13.0	1.672	0.03068	-0.077	0.009	0.397	0.833	0.998	54.512	0.274	0.296
14.0	1.731	0.03441	-0.079	0.009	0.434	0.798	0.998	50.308	0.275	0.296
15.0	1.774	0.04051	-0.080	0.005	0.459	0.747	0.998	43.794	0.276	0.295
16.0	1.806	0.04759	-0.081	0.004	0.485	0.695	0.998	37.954	0.288	0.295
17.0	1.819	0.05575	-0.082	0.003	0.513	0.645	0.998	32.627	0.370	0.295
18.0	1.818	0.06575	-0.082	0.003	0.554	0.594	0.998	27.650	0.164	0.295
19.0	1.806	0.07736	-0.083	0.003	0.583	0.545	0.998	23.349	0.228	0.296
20.0	1.783	0.09118	-0.083	0.002	0.621	0.496	0.998	19.558	0.238	0.297

Name = NACA 2418
Mach = 0; Re = 4430000; T.U. = 1.0; T.L. = 1.0
Surface Finish = 2; Stall model = 0; Transition model = 1; Aspect Ratio = 0; ground effect = 0
?	Cl	Cd	Cm 0.25	T.U.	T.L.	S.U.	S.L.	L/D	A.C.	C.P.
[°]	[-]	[-]	[-]	[-]	[-]	[-]	[-]	[-]	[-]	[-]
-20.0	-1.336	0.11893	-0.011	0.514	0.005	0.994	0.275	-11.234	1.446	0.242
-19.0	-1.335	0.10226	-0.012	0.486	0.005	0.994	0.312	-13.055	0.534	0.241
-18.0	-1.326	0.08659	-0.014	0.455	0.006	0.994	0.355	-15.316	0.387	0.240
-17.0	-1.312	0.07104	-0.015	0.420	0.006	0.994	0.414	-18.472	0.351	0.238
-16.0	-1.292	0.05639	-0.017	0.404	0.006	0.993	0.490	-22.907	0.324	0.237
-15.0	-1.261	0.04434	-0.019	0.387	0.006	0.993	0.570	-28.444	0.308	0.235
-14.0	-1.222	0.03418	-0.021	0.359	0.007	0.994	0.665	-35.762	0.298	0.233
-13.0	-1.172	0.02676	-0.023	0.348	0.008	0.993	0.762	-43.782	0.287	0.230
-12.0	-1.103	0.02183	-0.026	0.319	0.011	0.993	0.847	-50.526	0.278	0.227
-11.0	-1.019	0.01868	-0.028	0.302	0.014	0.993	0.908	-54.559	0.273	0.223
-10.0	-0.922	0.01702	-0.030	0.284	0.015	0.993	0.938	-54.176	0.270	0.218
-9.0	-0.817	0.01578	-0.032	0.257	0.016	0.992	0.958	-51.776	0.268	0.211
-8.0	-0.705	0.01466	-0.034	0.248	0.017	0.993	0.969	-48.120	0.268	0.202
-7.0	-0.590	0.01376	-0.036	0.216	0.020	0.992	0.978	-42.852	0.267	0.189
-6.0	-0.470	0.00959	-0.038	0.205	0.028	0.992	0.983	-49.024	0.267	0.170
-5.0	-0.348	0.00939	-0.040	0.177	0.031	0.992	0.987	-37.073	0.267	0.136
-4.0	-0.225	0.01022	-0.042	0.164	0.035	0.991	0.990	-22.003	0.267	0.064
-3.0	-0.100	0.01005	-0.044	0.141	0.046	0.991	0.991	-9.979	0.267	-0.189
-2.0	0.025	0.00998	-0.046	0.127	0.053	0.990	0.992	2.486	0.267	2.111
-1.0	0.150	0.01005	-0.048	0.106	0.064	0.990	0.992	14.948	0.267	0.572
0.0	0.275	0.00909	-0.051	0.094	0.077	0.988	0.993	30.274	0.268	0.434
1.0	0.400	0.00921	-0.053	0.075	0.092	0.986	0.994	43.414	0.268	0.382
2.0	0.524	0.00942	-0.055	0.066	0.107	0.983	0.994	55.627	0.268	0.355
3.0	0.647	0.01354	-0.057	0.050	0.128	0.980	0.995	47.793	0.268	0.338
4.0	0.769	0.01432	-0.059	0.042	0.143	0.977	0.996	53.726	0.268	0.327
5.0	0.890	0.01522	-0.062	0.033	0.171	0.971	0.997	58.454	0.268	0.319
6.0	1.007	0.01629	-0.064	0.026	0.182	0.964	0.997	61.832	0.269	0.313
7.0	1.122	0.01790	-0.066	0.023	0.213	0.956	0.997	62.693	0.269	0.309
8.0	1.232	0.01923	-0.068	0.019	0.226	0.945	0.998	64.082	0.269	0.305
9.0	1.338	0.02090	-0.070	0.013	0.257	0.930	0.998	63.990	0.270	0.302
10.0	1.435	0.02272	-0.072	0.011	0.275	0.912	0.998	63.137	0.271	0.300
11.0	1.524	0.02477	-0.074	0.011	0.306	0.891	0.998	61.515	0.272	0.299
12.0	1.604	0.02721	-0.076	0.010	0.336	0.867	0.998	58.937	0.273	0.297
13.0	1.674	0.03019	-0.077	0.009	0.367	0.837	0.998	55.452	0.274	0.296
14.0	1.732	0.03421	-0.079	0.007	0.408	0.799	0.998	50.621	0.275	0.296
15.0	1.775	0.04004	-0.080	0.005	0.451	0.750	0.998	44.332	0.277	0.295
16.0	1.809	0.04672	-0.081	0.004	0.466	0.701	0.998	38.713	0.289	0.295
17.0	1.821	0.05474	-0.082	0.003	0.502	0.651	0.998	33.278	0.372	0.295
18.0	1.820	0.06468	-0.082	0.003	0.525	0.600	0.998	28.145	0.158	0.295
19.0	1.809	0.07564	-0.083	0.003	0.562	0.552	0.998	23.915	0.224	0.296
20.0	1.787	0.08892	-0.083	0.002	0.604	0.504	0.998	20.091	0.234	0.297

Name = NACA 2418
Mach = 0; Re = 4830000; T.U. = 1.0; T.L. = 1.0
Surface Finish = 2; Stall model = 0; Transition model = 1; Aspect Ratio = 0; ground effect = 0
?	Cl	Cd	Cm 0.25	T.U.	T.L.	S.U.	S.L.	L/D	A.C.	C.P.
[°]	[-]	[-]	[-]	[-]	[-]	[-]	[-]	[-]	[-]	[-]
-20.0	-1.338	0.11700	-0.011	0.505	0.005	0.994	0.281	-11.435	0.952	0.242
-19.0	-1.336	0.10119	-0.012	0.464	0.005	0.994	0.315	-13.203	0.563	0.241
-18.0	-1.329	0.08469	-0.014	0.438	0.006	0.994	0.364	-15.692	0.392	0.240
-17.0	-1.314	0.06996	-0.015	0.410	0.005	0.994	0.420	-18.781	0.348	0.238
-16.0	-1.294	0.05549	-0.017	0.399	0.006	0.993	0.496	-23.312	0.324	0.237
-15.0	-1.263	0.04352	-0.019	0.368	0.006	0.993	0.577	-29.027	0.309	0.235
-14.0	-1.224	0.03350	-0.021	0.352	0.007	0.994	0.672	-36.547	0.298	0.233
-13.0	-1.173	0.02631	-0.023	0.343	0.008	0.993	0.768	-44.598	0.286	0.230
-12.0	-1.103	0.02166	-0.026	0.308	0.010	0.993	0.849	-50.934	0.278	0.227
-11.0	-1.020	0.01839	-0.028	0.298	0.014	0.993	0.912	-55.467	0.273	0.223
-10.0	-0.922	0.01684	-0.030	0.267	0.015	0.993	0.940	-54.774	0.270	0.218
-9.0	-0.817	0.01555	-0.032	0.253	0.016	0.992	0.959	-52.550	0.268	0.211
-8.0	-0.705	0.01455	-0.034	0.230	0.016	0.993	0.970	-48.489	0.268	0.202
-7.0	-0.590	0.01367	-0.036	0.210	0.019	0.992	0.978	-43.131	0.267	0.189
-6.0	-0.470	0.00951	-0.038	0.200	0.025	0.992	0.983	-49.417	0.267	0.170
-5.0	-0.348	0.00932	-0.040	0.171	0.030	0.992	0.988	-37.379	0.267	0.136
-4.0	-0.225	0.00998	-0.042	0.162	0.033	0.991	0.990	-22.521	0.267	0.064
-3.0	-0.100	0.00995	-0.044	0.134	0.042	0.991	0.991	-10.082	0.267	-0.189
-2.0	0.025	0.00985	-0.046	0.125	0.052	0.990	0.992	2.518	0.267	2.112
-1.0	0.150	0.00995	-0.048	0.100	0.060	0.990	0.992	15.093	0.267	0.572
0.0	0.275	0.00902	-0.051	0.092	0.075	0.989	0.993	30.526	0.268	0.434
1.0	0.400	0.00916	-0.053	0.071	0.086	0.986	0.994	43.668	0.268	0.382
2.0	0.524	0.00927	-0.055	0.064	0.105	0.983	0.995	56.546	0.268	0.355
3.0	0.647	0.01343	-0.057	0.047	0.119	0.981	0.995	48.184	0.268	0.338
4.0	0.769	0.01411	-0.059	0.041	0.140	0.978	0.996	54.535	0.268	0.327
5.0	0.890	0.01514	-0.062	0.030	0.157	0.972	0.997	58.778	0.268	0.319
6.0	1.008	0.01613	-0.064	0.024	0.177	0.965	0.997	62.491	0.269	0.313
7.0	1.122	0.01764	-0.066	0.023	0.200	0.958	0.998	63.632	0.269	0.309
8.0	1.233	0.01909	-0.068	0.016	0.220	0.946	0.998	64.552	0.269	0.305
9.0	1.338	0.02067	-0.070	0.012	0.250	0.932	0.998	64.733	0.270	0.302
10.0	1.435	0.02245	-0.072	0.011	0.266	0.915	0.998	63.941	0.271	0.300
11.0	1.525	0.02442	-0.074	0.010	0.301	0.895	0.998	62.446	0.272	0.299
12.0	1.605	0.02682	-0.076	0.009	0.318	0.870	0.998	59.842	0.273	0.297
13.0	1.675	0.02967	-0.077	0.009	0.354	0.841	0.998	56.461	0.274	0.296
14.0	1.732	0.03409	-0.079	0.006	0.397	0.800	0.998	50.808	0.275	0.296
15.0	1.777	0.03952	-0.080	0.004	0.429	0.753	0.998	44.951	0.278	0.295
16.0	1.810	0.04613	-0.081	0.003	0.457	0.705	0.998	39.235	0.290	0.295
17.0	1.823	0.05395	-0.082	0.003	0.480	0.656	0.998	33.794	0.368	0.295
18.0	1.823	0.06332	-0.083	0.003	0.510	0.606	0.998	28.788	0.153	0.295
19.0	1.811	0.07452	-0.083	0.002	0.548	0.557	0.998	24.302	0.225	0.296
20.0	1.789	0.08768	-0.083	0.002	0.573	0.509	0.999	20.398	0.234	0.297

Name = NACA 2418
Mach = 0; Re = 5230000; T.U. = 1.0; T.L. = 1.0
Surface Finish = 2; Stall model = 0; Transition model = 1; Aspect Ratio = 0; ground effect = 0
?	Cl	Cd	Cm 0.25	T.U.	T.L.	S.U.	S.L.	L/D	A.C.	C.P.
[°]	[-]	[-]	[-]	[-]	[-]	[-]	[-]	[-]	[-]	[-]
-20.0	-1.340	0.11536	-0.011	0.482	0.005	0.994	0.287	-11.614	1.018	0.242
-19.0	-1.338	0.09949	-0.012	0.454	0.005	0.994	0.322	-13.450	0.582	0.241
-18.0	-1.331	0.08300	-0.014	0.420	0.006	0.994	0.371	-16.039	0.398	0.240
-17.0	-1.317	0.06831	-0.015	0.404	0.005	0.994	0.430	-19.276	0.349	0.238
-16.0	-1.296	0.05413	-0.017	0.389	0.006	0.994	0.505	-23.947	0.324	0.237
-15.0	-1.266	0.04240	-0.019	0.359	0.006	0.994	0.587	-29.851	0.308	0.235
-14.0	-1.227	0.03266	-0.021	0.348	0.007	0.994	0.682	-37.564	0.297	0.233
-13.0	-1.175	0.02589	-0.023	0.320	0.007	0.993	0.773	-45.367	0.285	0.230
-12.0	-1.104	0.02150	-0.026	0.302	0.008	0.993	0.850	-51.335	0.278	0.227
-11.0	-1.021	0.01816	-0.028	0.291	0.014	0.993	0.914	-56.211	0.273	0.223
-10.0	-0.923	0.01660	-0.030	0.259	0.015	0.993	0.943	-55.598	0.269	0.218
-9.0	-0.817	0.01535	-0.032	0.249	0.015	0.993	0.960	-53.240	0.268	0.211
-8.0	-0.706	0.01435	-0.034	0.219	0.016	0.993	0.972	-49.174	0.268	0.202
-7.0	-0.590	0.01348	-0.036	0.206	0.018	0.992	0.979	-43.742	0.267	0.189
-6.0	-0.470	0.00948	-0.038	0.182	0.023	0.992	0.983	-49.576	0.267	0.170
-5.0	-0.348	0.00929	-0.040	0.167	0.030	0.992	0.988	-37.466	0.267	0.136
-4.0	-0.225	0.00999	-0.042	0.150	0.033	0.991	0.990	-22.501	0.267	0.064
-3.0	-0.100	0.00985	-0.044	0.130	0.039	0.991	0.991	-10.189	0.267	-0.189
-2.0	0.025	0.00979	-0.046	0.119	0.050	0.990	0.992	2.533	0.267	2.112
-1.0	0.150	0.00994	-0.048	0.097	0.057	0.990	0.992	15.118	0.267	0.572
0.0	0.275	0.00893	-0.051	0.088	0.074	0.989	0.993	30.837	0.268	0.434
1.0	0.400	0.00909	-0.053	0.069	0.082	0.987	0.994	43.986	0.268	0.382
2.0	0.524	0.00919	-0.055	0.062	0.103	0.984	0.995	56.990	0.268	0.355
3.0	0.647	0.01325	-0.057	0.045	0.114	0.981	0.996	48.845	0.268	0.338
4.0	0.769	0.01397	-0.059	0.040	0.137	0.978	0.996	55.090	0.268	0.327
5.0	0.890	0.01501	-0.062	0.028	0.149	0.973	0.997	59.289	0.268	0.319
6.0	1.008	0.01639	-0.064	0.024	0.174	0.966	0.997	61.508	0.269	0.313
7.0	1.123	0.01743	-0.066	0.022	0.189	0.959	0.998	64.398	0.269	0.309
8.0	1.233	0.01889	-0.068	0.015	0.216	0.947	0.998	65.256	0.269	0.305
9.0	1.339	0.02043	-0.070	0.012	0.234	0.934	0.998	65.535	0.270	0.302
10.0	1.436	0.02212	-0.072	0.011	0.260	0.917	0.998	64.913	0.271	0.300
11.0	1.525	0.02409	-0.074	0.010	0.285	0.897	0.998	63.317	0.272	0.299
12.0	1.606	0.02642	-0.076	0.009	0.310	0.874	0.998	60.791	0.273	0.297
13.0	1.677	0.02922	-0.078	0.009	0.347	0.845	0.998	57.379	0.274	0.296
14.0	1.732	0.03389	-0.079	0.005	0.371	0.801	0.998	51.118	0.275	0.296
15.0	1.778	0.03899	-0.080	0.004	0.410	0.758	0.998	45.599	0.278	0.295
16.0	1.812	0.04531	-0.081	0.003	0.451	0.711	0.998	39.995	0.290	0.295
17.0	1.825	0.05319	-0.082	0.003	0.465	0.660	0.998	34.309	0.371	0.295
18.0	1.825	0.06245	-0.083	0.002	0.501	0.611	0.998	29.222	0.135	0.295
19.0	1.814	0.07314	-0.083	0.002	0.522	0.564	0.998	24.797	0.222	0.296
20.0	1.791	0.08603	-0.084	0.002	0.559	0.515	0.999	20.819	0.234	0.297

Name = NACA 2418
Mach = 0; Re = 5630000; T.U. = 1.0; T.L. = 1.0
Surface Finish = 2; Stall model = 0; Transition model = 1; Aspect Ratio = 0; ground effect = 0
?	Cl	Cd	Cm 0.25	T.U.	T.L.	S.U.	S.L.	L/D	A.C.	C.P.
[°]	[-]	[-]	[-]	[-]	[-]	[-]	[-]	[-]	[-]	[-]
-20.0	-1.341	0.11377	-0.011	0.464	0.005	0.994	0.292	-11.789	1.218	0.242
-19.0	-1.340	0.09791	-0.012	0.443	0.005	0.994	0.328	-13.684	0.573	0.241
-18.0	-1.333	0.08211	-0.014	0.410	0.005	0.994	0.376	-16.228	0.404	0.240
-17.0	-1.319	0.06684	-0.016	0.400	0.005	0.994	0.438	-19.740	0.349	0.238
-16.0	-1.297	0.05344	-0.017	0.370	0.005	0.994	0.509	-24.279	0.322	0.237
-15.0	-1.267	0.04181	-0.019	0.353	0.006	0.994	0.592	-30.311	0.309	0.235
-14.0	-1.228	0.03209	-0.021	0.345	0.006	0.994	0.688	-38.278	0.297	0.233
-13.0	-1.176	0.02553	-0.023	0.310	0.007	0.993	0.779	-46.071	0.284	0.230
-12.0	-1.104	0.02132	-0.026	0.299	0.008	0.993	0.853	-51.785	0.277	0.227
-11.0	-1.020	0.01827	-0.028	0.271	0.012	0.993	0.913	-55.865	0.273	0.223
-10.0	-0.923	0.01641	-0.030	0.254	0.014	0.993	0.944	-56.239	0.270	0.218
-9.0	-0.817	0.01519	-0.032	0.242	0.015	0.993	0.961	-53.812	0.268	0.211
-8.0	-0.706	0.01418	-0.034	0.213	0.016	0.993	0.973	-49.782	0.268	0.202
-7.0	-0.590	0.01335	-0.036	0.204	0.017	0.992	0.979	-44.184	0.267	0.189
-6.0	-0.470	0.00940	-0.038	0.174	0.022	0.992	0.984	-50.005	0.267	0.170
-5.0	-0.348	0.00915	-0.040	0.164	0.029	0.992	0.988	-38.050	0.267	0.136
-4.0	-0.225	0.00999	-0.042	0.140	0.032	0.991	0.990	-22.507	0.267	0.064
-3.0	-0.100	0.00972	-0.044	0.127	0.037	0.991	0.991	-10.317	0.267	-0.189
-2.0	0.025	0.00971	-0.046	0.108	0.050	0.990	0.992	2.554	0.267	2.112
-1.0	0.150	0.00982	-0.048	0.094	0.055	0.990	0.992	15.295	0.267	0.572
0.0	0.275	0.00889	-0.051	0.079	0.073	0.989	0.993	30.975	0.268	0.434
1.0	0.400	0.00900	-0.053	0.067	0.079	0.987	0.994	44.422	0.268	0.382
2.0	0.524	0.00918	-0.055	0.055	0.101	0.985	0.995	57.111	0.268	0.355
3.0	0.647	0.01319	-0.057	0.044	0.110	0.981	0.996	49.073	0.268	0.338
4.0	0.770	0.01383	-0.059	0.040	0.135	0.979	0.996	55.657	0.268	0.327
5.0	0.890	0.01485	-0.062	0.027	0.144	0.973	0.997	59.907	0.268	0.319
6.0	1.008	0.01624	-0.064	0.023	0.172	0.967	0.997	62.077	0.269	0.313
7.0	1.123	0.01727	-0.066	0.022	0.183	0.960	0.998	65.034	0.269	0.309
8.0	1.233	0.01870	-0.068	0.014	0.213	0.949	0.998	65.954	0.269	0.305
9.0	1.339	0.02023	-0.070	0.012	0.226	0.936	0.998	66.204	0.270	0.302
10.0	1.437	0.02189	-0.072	0.011	0.256	0.919	0.998	65.626	0.271	0.300
11.0	1.526	0.02381	-0.074	0.010	0.272	0.900	0.998	64.095	0.272	0.299
12.0	1.607	0.02607	-0.076	0.009	0.304	0.877	0.998	61.651	0.273	0.297
13.0	1.677	0.02913	-0.078	0.008	0.326	0.846	0.998	57.567	0.274	0.296
14.0	1.733	0.03356	-0.079	0.005	0.358	0.804	0.998	51.655	0.275	0.296
15.0	1.780	0.03850	-0.080	0.004	0.400	0.761	0.998	46.227	0.279	0.295
16.0	1.814	0.04475	-0.081	0.003	0.434	0.714	0.998	40.523	0.291	0.295
17.0	1.827	0.05225	-0.082	0.003	0.457	0.666	0.998	34.966	0.368	0.295
18.0	1.827	0.06137	-0.083	0.002	0.480	0.617	0.998	29.774	0.145	0.295
19.0	1.815	0.07217	-0.083	0.002	0.510	0.567	0.998	25.150	0.221	0.296
20.0	1.793	0.08451	-0.084	0.002	0.546	0.521	0.999	21.221	0.229	0.297

Name = NACA 2418
Mach = 0; Re = 6030000; T.U. = 1.0; T.L. = 1.0
Surface Finish = 2; Stall model = 0; Transition model = 1; Aspect Ratio = 0; ground effect = 0
?	Cl	Cd	Cm 0.25	T.U.	T.L.	S.U.	S.L.	L/D	A.C.	C.P.
[°]	[-]	[-]	[-]	[-]	[-]	[-]	[-]	[-]	[-]	[-]
-20.0	-1.342	0.11313	-0.011	0.456	0.004	0.994	0.293	-11.858	14.316	0.242
-19.0	-1.341	0.09650	-0.012	0.423	0.005	0.994	0.333	-13.902	0.651	0.241
-18.0	-1.334	0.08070	-0.014	0.405	0.005	0.994	0.382	-16.536	0.410	0.240
-17.0	-1.322	0.06548	-0.016	0.396	0.005	0.994	0.446	-20.186	0.351	0.238
-16.0	-1.300	0.05229	-0.017	0.360	0.005	0.994	0.518	-24.859	0.322	0.237
-15.0	-1.269	0.04087	-0.019	0.350	0.006	0.994	0.600	-31.058	0.308	0.235
-14.0	-1.231	0.03143	-0.021	0.327	0.006	0.994	0.696	-39.149	0.296	0.233
-13.0	-1.177	0.02518	-0.024	0.305	0.007	0.993	0.783	-46.742	0.284	0.230
-12.0	-1.105	0.02107	-0.026	0.296	0.007	0.993	0.856	-52.441	0.277	0.227
-11.0	-1.020	0.01823	-0.028	0.262	0.010	0.993	0.912	-55.975	0.273	0.223
-10.0	-0.924	0.01623	-0.030	0.251	0.014	0.993	0.946	-56.908	0.270	0.218
-9.0	-0.818	0.01503	-0.032	0.225	0.015	0.993	0.963	-54.411	0.268	0.211
-8.0	-0.706	0.01408	-0.034	0.209	0.015	0.993	0.973	-50.137	0.268	0.202
-7.0	-0.590	0.01321	-0.036	0.197	0.017	0.992	0.980	-44.645	0.267	0.189
-6.0	-0.470	0.00932	-0.038	0.170	0.021	0.992	0.985	-50.418	0.267	0.170
-5.0	-0.348	0.00906	-0.040	0.162	0.029	0.992	0.989	-38.459	0.267	0.136
-4.0	-0.225	0.00978	-0.042	0.134	0.031	0.992	0.990	-22.992	0.267	0.064
-3.0	-0.100	0.00971	-0.044	0.125	0.036	0.991	0.991	-10.333	0.267	-0.189
-2.0	0.025	0.00961	-0.046	0.103	0.049	0.991	0.992	2.581	0.267	2.112
-1.0	0.150	0.00971	-0.048	0.093	0.054	0.990	0.993	15.470	0.267	0.572
0.0	0.275	0.00880	-0.051	0.074	0.070	0.989	0.994	31.291	0.268	0.434
1.0	0.400	0.00890	-0.053	0.066	0.078	0.987	0.994	44.949	0.268	0.382
2.0	0.524	0.00912	-0.055	0.051	0.096	0.985	0.995	57.483	0.268	0.355
3.0	0.647	0.00940	-0.057	0.043	0.108	0.982	0.996	68.849	0.268	0.338
4.0	0.770	0.01369	-0.059	0.036	0.129	0.979	0.997	56.201	0.268	0.327
5.0	0.890	0.01472	-0.062	0.026	0.141	0.974	0.997	60.461	0.268	0.319
6.0	1.008	0.01603	-0.064	0.023	0.167	0.968	0.997	62.877	0.269	0.313
7.0	1.123	0.01706	-0.066	0.020	0.179	0.961	0.998	65.849	0.269	0.309
8.0	1.233	0.01855	-0.068	0.013	0.208	0.950	0.998	66.506	0.269	0.305
9.0	1.339	0.02000	-0.070	0.011	0.220	0.937	0.998	66.971	0.270	0.302
10.0	1.437	0.02164	-0.072	0.010	0.254	0.921	0.998	66.415	0.271	0.300
11.0	1.527	0.02354	-0.074	0.010	0.266	0.903	0.998	64.875	0.272	0.299
12.0	1.608	0.02576	-0.076	0.009	0.301	0.879	0.998	62.426	0.273	0.297
13.0	1.677	0.02908	-0.078	0.006	0.315	0.846	0.998	57.669	0.274	0.296
14.0	1.734	0.03328	-0.079	0.004	0.351	0.807	0.998	52.109	0.276	0.296
15.0	1.781	0.03805	-0.080	0.003	0.383	0.765	0.998	46.807	0.279	0.295
16.0	1.815	0.04425	-0.081	0.003	0.414	0.717	0.998	41.013	0.291	0.295
17.0	1.829	0.05162	-0.082	0.002	0.452	0.670	0.998	35.423	0.366	0.295
18.0	1.829	0.06033	-0.083	0.002	0.466	0.622	0.998	30.322	0.130	0.295
19.0	1.818	0.07101	-0.084	0.002	0.503	0.573	0.998	25.594	0.219	0.296
20.0	1.796	0.08321	-0.084	0.002	0.523	0.527	0.999	21.582	0.229	0.297

Name = NACA 2418
Mach = 0; Re = 6430000; T.U. = 1.0; T.L. = 1.0
Surface Finish = 2; Stall model = 0; Transition model = 1; Aspect Ratio = 0; ground effect = 0
?	Cl	Cd	Cm 0.25	T.U.	T.L.	S.U.	S.L.	L/D	A.C.	C.P.
[°]	[-]	[-]	[-]	[-]	[-]	[-]	[-]	[-]	[-]	[-]
-20.0	-1.343	0.11190	-0.011	0.450	0.004	0.994	0.298	-12.003	1.544	0.242
-19.0	-1.342	0.09601	-0.012	0.413	0.004	0.994	0.335	-13.978	0.682	0.241
-18.0	-1.336	0.07941	-0.014	0.401	0.005	0.994	0.388	-16.829	0.413	0.240
-17.0	-1.323	0.06496	-0.016	0.377	0.005	0.994	0.449	-20.360	0.352	0.238
-16.0	-1.302	0.05125	-0.017	0.355	0.005	0.994	0.526	-25.407	0.324	0.237
-15.0	-1.272	0.04003	-0.019	0.346	0.006	0.994	0.608	-31.764	0.307	0.235
-14.0	-1.232	0.03105	-0.021	0.314	0.006	0.994	0.700	-39.671	0.295	0.233
-13.0	-1.179	0.02475	-0.024	0.300	0.007	0.993	0.789	-47.616	0.283	0.230
-12.0	-1.106	0.02088	-0.026	0.282	0.007	0.993	0.859	-52.948	0.276	0.227
-11.0	-1.021	0.01812	-0.028	0.257	0.010	0.993	0.913	-56.331	0.273	0.223
-10.0	-0.924	0.01603	-0.030	0.248	0.014	0.993	0.948	-57.634	0.270	0.218
-9.0	-0.818	0.01493	-0.032	0.217	0.015	0.993	0.963	-54.765	0.268	0.211
-8.0	-0.706	0.01390	-0.034	0.206	0.015	0.993	0.974	-50.778	0.268	0.202
-7.0	-0.590	0.01319	-0.036	0.183	0.016	0.992	0.980	-44.724	0.267	0.189
-6.0	-0.470	0.00925	-0.038	0.167	0.020	0.992	0.985	-50.804	0.267	0.170
-5.0	-0.348	0.00899	-0.040	0.155	0.029	0.992	0.989	-38.739	0.267	0.136
-4.0	-0.225	0.00976	-0.042	0.131	0.031	0.992	0.990	-23.030	0.267	0.064
-3.0	-0.100	0.00960	-0.044	0.124	0.034	0.991	0.991	-10.448	0.267	-0.189
-2.0	0.025	0.00959	-0.046	0.099	0.049	0.991	0.992	2.587	0.267	2.112
-1.0	0.150	0.00969	-0.048	0.092	0.053	0.990	0.993	15.506	0.267	0.572
0.0	0.275	0.00877	-0.051	0.071	0.065	0.990	0.994	31.399	0.268	0.434
1.0	0.400	0.00883	-0.053	0.065	0.077	0.988	0.994	45.291	0.268	0.382
2.0	0.524	0.00907	-0.055	0.048	0.089	0.985	0.995	57.782	0.268	0.355
3.0	0.647	0.00927	-0.057	0.042	0.106	0.982	0.996	69.872	0.268	0.338
4.0	0.770	0.01368	-0.059	0.032	0.121	0.979	0.997	56.257	0.268	0.327
5.0	0.890	0.01509	-0.062	0.025	0.139	0.975	0.997	58.996	0.268	0.319
6.0	1.008	0.01592	-0.064	0.023	0.155	0.969	0.997	63.332	0.269	0.313
7.0	1.123	0.01699	-0.066	0.018	0.176	0.962	0.998	66.123	0.269	0.309
8.0	1.234	0.01839	-0.068	0.012	0.194	0.951	0.998	67.101	0.269	0.305
9.0	1.340	0.01982	-0.070	0.011	0.217	0.938	0.998	67.583	0.270	0.302
10.0	1.438	0.02144	-0.072	0.010	0.237	0.923	0.998	67.060	0.271	0.300
11.0	1.528	0.02329	-0.074	0.009	0.261	0.905	0.998	65.597	0.272	0.299
12.0	1.609	0.02548	-0.076	0.009	0.285	0.881	0.998	63.129	0.273	0.297
13.0	1.677	0.02896	-0.078	0.005	0.309	0.847	0.998	57.912	0.274	0.296
14.0	1.735	0.03290	-0.079	0.004	0.344	0.809	0.998	52.744	0.276	0.296
15.0	1.782	0.03766	-0.080	0.003	0.366	0.768	0.998	47.318	0.279	0.295
16.0	1.817	0.04360	-0.081	0.003	0.404	0.722	0.998	41.667	0.291	0.295
17.0	1.830	0.05081	-0.082	0.002	0.448	0.674	0.998	36.022	0.369	0.295
18.0	1.831	0.05969	-0.083	0.002	0.458	0.625	0.998	30.665	0.127	0.295
19.0	1.819	0.06988	-0.084	0.002	0.487	0.578	0.998	26.038	0.219	0.296
20.0	1.797	0.08245	-0.084	0.002	0.512	0.530	0.999	21.793	0.232	0.297


