Name = NACA 2421
Mach = 0; Re = 30000; T.U. = 1.0; T.L. = 1.0
Surface Finish = 2; Stall model = 0; Transition model = 1; Aspect Ratio = 0; ground effect = 0
?	Cl	Cd	Cm 0.25	T.U.	T.L.	S.U.	S.L.	L/D	A.C.	C.P.
[°]	[-]	[-]	[-]	[-]	[-]	[-]	[-]	[-]	[-]	[-]
-20.0	-1.428	0.28685	-0.003	0.908	0.022	0.950	0.039	-4.978	0.281	0.248
-19.0	-1.398	0.25813	-0.004	0.900	0.023	0.947	0.042	-5.416	0.278	0.247
-18.0	-1.359	0.23286	-0.005	0.890	0.025	0.945	0.045	-5.835	0.272	0.246
-17.0	-1.307	0.20863	-0.006	0.881	0.028	0.940	0.048	-6.266	0.271	0.245
-16.0	-1.250	0.18762	-0.007	0.872	0.030	0.937	0.055	-6.665	0.270	0.244
-15.0	-1.187	0.16703	-0.008	0.857	0.033	0.934	0.060	-7.106	0.270	0.243
-14.0	-1.118	0.14864	-0.010	0.845	0.036	0.928	0.069	-7.522	0.271	0.241
-13.0	-1.044	0.13251	-0.011	0.829	0.041	0.924	0.081	-7.880	0.272	0.239
-12.0	-0.966	0.11745	-0.013	0.811	0.045	0.919	0.098	-8.224	0.273	0.236
-11.0	-0.883	0.10388	-0.015	0.792	0.053	0.915	0.120	-8.504	0.276	0.233
-10.0	-0.798	0.09122	-0.017	0.768	0.062	0.911	0.154	-8.752	0.279	0.228
-9.0	-0.711	0.07917	-0.020	0.744	0.072	0.907	0.207	-8.979	0.281	0.222
-8.0	-0.619	0.06880	-0.023	0.715	0.087	0.903	0.270	-9.003	0.284	0.213
-7.0	-0.526	0.05915	-0.026	0.681	0.104	0.899	0.362	-8.898	0.287	0.200
-6.0	-0.430	0.05064	-0.030	0.646	0.128	0.894	0.490	-8.500	0.287	0.180
-5.0	-0.327	0.04465	-0.034	0.607	0.156	0.890	0.618	-7.316	0.283	0.147
-4.0	-0.215	0.04083	-0.037	0.564	0.188	0.886	0.736	-5.265	0.279	0.077
-3.0	-0.096	0.03881	-0.040	0.518	0.223	0.882	0.822	-2.471	0.276	-0.172
-2.0	0.028	0.03785	-0.043	0.471	0.262	0.875	0.876	0.738	0.273	1.805
-1.0	0.154	0.03757	-0.046	0.435	0.307	0.858	0.907	4.101	0.270	0.549
0.0	0.275	0.03829	-0.049	0.412	0.373	0.829	0.921	7.190	0.268	0.426
1.0	0.396	0.03921	-0.051	0.388	0.472	0.794	0.915	10.092	0.268	0.378
2.0	0.514	0.04069	-0.053	0.362	0.523	0.756	0.927	12.624	0.268	0.353
3.0	0.629	0.04278	-0.055	0.336	0.575	0.715	0.934	14.691	0.268	0.337
4.0	0.742	0.04537	-0.057	0.305	0.632	0.680	0.936	16.345	0.268	0.327
5.0	0.852	0.04864	-0.059	0.272	0.689	0.647	0.936	17.518	0.267	0.319
6.0	0.959	0.05265	-0.061	0.240	0.741	0.613	0.935	18.219	0.267	0.313
7.0	1.063	0.05754	-0.062	0.206	0.784	0.581	0.936	18.478	0.268	0.309
8.0	1.163	0.06345	-0.064	0.173	0.816	0.547	0.938	18.329	0.267	0.305
9.0	1.257	0.07073	-0.066	0.140	0.843	0.511	0.941	17.775	0.266	0.302
10.0	1.345	0.07932	-0.067	0.110	0.864	0.472	0.945	16.960	0.265	0.300
11.0	1.426	0.08976	-0.068	0.085	0.880	0.429	0.950	15.892	0.260	0.298
12.0	1.497	0.10303	-0.069	0.069	0.895	0.372	0.954	14.525	0.246	0.296
13.0	1.551	0.12016	-0.068	0.055	0.907	0.297	0.958	12.909	0.220	0.294
14.0	1.593	0.14068	-0.066	0.047	0.915	0.217	0.961	11.326	0.197	0.291
15.0	1.634	0.16210	-0.064	0.039	0.925	0.157	0.963	10.080	0.194	0.289
16.0	1.673	0.18491	-0.061	0.033	0.933	0.114	0.965	9.045	0.198	0.287
17.0	1.709	0.20841	-0.060	0.030	0.938	0.086	0.968	8.200	0.213	0.285
18.0	1.742	0.23256	-0.059	0.027	0.944	0.070	0.971	7.490	0.221	0.284
19.0	1.769	0.25895	-0.058	0.024	0.948	0.057	0.974	6.830	0.236	0.283
20.0	1.790	0.28680	-0.058	0.022	0.954	0.051	0.976	6.242	0.257	0.282

Name = NACA 2421
Mach = 0; Re = 430000; T.U. = 1.0; T.L. = 1.0
Surface Finish = 2; Stall model = 0; Transition model = 1; Aspect Ratio = 0; ground effect = 0
?	Cl	Cd	Cm 0.25	T.U.	T.L.	S.U.	S.L.	L/D	A.C.	C.P.
[°]	[-]	[-]	[-]	[-]	[-]	[-]	[-]	[-]	[-]	[-]
-20.0	-1.501	0.14446	-0.004	0.836	0.017	0.990	0.245	-10.389	0.311	0.247
-19.0	-1.478	0.12694	-0.006	0.814	0.018	0.990	0.272	-11.642	0.302	0.246
-18.0	-1.446	0.11053	-0.007	0.798	0.019	0.990	0.304	-13.079	0.292	0.245
-17.0	-1.403	0.09493	-0.009	0.771	0.021	0.990	0.343	-14.776	0.288	0.244
-16.0	-1.355	0.08014	-0.011	0.750	0.023	0.990	0.392	-16.903	0.288	0.242
-15.0	-1.303	0.06607	-0.013	0.719	0.025	0.990	0.456	-19.717	0.288	0.240
-14.0	-1.244	0.05380	-0.015	0.690	0.029	0.990	0.528	-23.123	0.285	0.238
-13.0	-1.176	0.04437	-0.017	0.660	0.032	0.990	0.596	-26.505	0.283	0.235
-12.0	-1.101	0.03678	-0.020	0.623	0.035	0.990	0.670	-29.923	0.281	0.232
-11.0	-1.017	0.03051	-0.022	0.587	0.040	0.990	0.743	-33.327	0.279	0.228
-10.0	-0.924	0.02623	-0.025	0.554	0.045	0.988	0.807	-35.219	0.276	0.223
-9.0	-0.821	0.02314	-0.027	0.513	0.053	0.987	0.859	-35.487	0.274	0.217
-8.0	-0.710	0.02097	-0.030	0.471	0.061	0.986	0.896	-33.875	0.273	0.208
-7.0	-0.594	0.01926	-0.032	0.436	0.071	0.985	0.923	-30.840	0.272	0.196
-6.0	-0.474	0.01784	-0.035	0.413	0.084	0.983	0.942	-26.564	0.271	0.176
-5.0	-0.351	0.01932	-0.038	0.396	0.099	0.982	0.957	-18.150	0.271	0.143
-4.0	-0.225	0.01868	-0.040	0.368	0.117	0.980	0.965	-12.062	0.271	0.072
-3.0	-0.099	0.01819	-0.043	0.349	0.139	0.978	0.972	-5.436	0.271	-0.182
-2.0	0.029	0.01802	-0.045	0.321	0.161	0.976	0.977	1.582	0.271	1.841
-1.0	0.156	0.01781	-0.048	0.299	0.186	0.972	0.980	8.780	0.271	0.557
0.0	0.283	0.01531	-0.051	0.271	0.215	0.967	0.983	18.496	0.271	0.429
1.0	0.410	0.01594	-0.053	0.248	0.243	0.963	0.985	25.695	0.271	0.380
2.0	0.535	0.01687	-0.056	0.219	0.274	0.957	0.988	31.736	0.271	0.355
3.0	0.660	0.01845	-0.059	0.195	0.310	0.948	0.990	35.753	0.271	0.339
4.0	0.783	0.01966	-0.061	0.169	0.351	0.939	0.990	39.796	0.271	0.328
5.0	0.903	0.02103	-0.064	0.145	0.419	0.926	0.991	42.946	0.271	0.321
6.0	1.021	0.02266	-0.066	0.123	0.467	0.912	0.991	45.079	0.272	0.315
7.0	1.136	0.02476	-0.069	0.102	0.504	0.893	0.992	45.876	0.272	0.311
8.0	1.246	0.02718	-0.071	0.084	0.542	0.872	0.993	45.846	0.272	0.307
9.0	1.351	0.03005	-0.074	0.069	0.586	0.845	0.993	44.946	0.272	0.304
10.0	1.449	0.03343	-0.076	0.057	0.634	0.815	0.993	43.332	0.272	0.302
11.0	1.540	0.03736	-0.078	0.047	0.683	0.782	0.994	41.225	0.272	0.300
12.0	1.625	0.04198	-0.080	0.040	0.730	0.746	0.994	38.707	0.273	0.299
13.0	1.699	0.04774	-0.081	0.034	0.772	0.707	0.994	35.586	0.274	0.298
14.0	1.763	0.05434	-0.083	0.030	0.806	0.666	0.995	32.446	0.275	0.297
15.0	1.818	0.06205	-0.084	0.026	0.837	0.626	0.994	29.302	0.277	0.296
16.0	1.864	0.07129	-0.086	0.023	0.858	0.584	0.994	26.146	0.279	0.296
17.0	1.901	0.08167	-0.087	0.021	0.876	0.545	0.994	23.273	0.282	0.296
18.0	1.928	0.09423	-0.088	0.018	0.892	0.503	0.994	20.456	0.288	0.295
19.0	1.946	0.10830	-0.088	0.016	0.906	0.465	0.994	17.973	0.304	0.295
20.0	1.958	0.12363	-0.089	0.014	0.915	0.430	0.994	15.836	0.319	0.296

Name = NACA 2421
Mach = 0; Re = 830000; T.U. = 1.0; T.L. = 1.0
Surface Finish = 2; Stall model = 0; Transition model = 1; Aspect Ratio = 0; ground effect = 0
?	Cl	Cd	Cm 0.25	T.U.	T.L.	S.U.	S.L.	L/D	A.C.	C.P.
[°]	[-]	[-]	[-]	[-]	[-]	[-]	[-]	[-]	[-]	[-]
-20.0	-1.518	0.12588	-0.005	0.774	0.015	0.991	0.295	-12.061	0.313	0.247
-19.0	-1.496	0.11008	-0.006	0.754	0.016	0.991	0.324	-13.589	0.305	0.246
-18.0	-1.464	0.09518	-0.008	0.723	0.017	0.991	0.360	-15.385	0.294	0.245
-17.0	-1.423	0.08083	-0.009	0.695	0.018	0.991	0.405	-17.599	0.290	0.244
-16.0	-1.375	0.06759	-0.011	0.665	0.019	0.991	0.460	-20.351	0.288	0.242
-15.0	-1.321	0.05587	-0.013	0.629	0.020	0.991	0.520	-23.653	0.286	0.240
-14.0	-1.261	0.04571	-0.015	0.599	0.023	0.991	0.588	-27.583	0.285	0.238
-13.0	-1.193	0.03731	-0.018	0.563	0.026	0.991	0.661	-31.965	0.282	0.235
-12.0	-1.115	0.03104	-0.020	0.525	0.030	0.991	0.733	-35.932	0.279	0.232
-11.0	-1.028	0.02667	-0.022	0.490	0.033	0.990	0.795	-38.555	0.277	0.228
-10.0	-0.931	0.02357	-0.025	0.451	0.036	0.990	0.846	-39.518	0.275	0.223
-9.0	-0.826	0.02064	-0.027	0.421	0.042	0.989	0.887	-40.012	0.273	0.217
-8.0	-0.713	0.01870	-0.030	0.403	0.050	0.988	0.917	-38.143	0.272	0.208
-7.0	-0.596	0.01732	-0.032	0.380	0.057	0.987	0.938	-34.403	0.271	0.196
-6.0	-0.475	0.01606	-0.035	0.358	0.067	0.986	0.953	-29.576	0.271	0.176
-5.0	-0.351	0.01499	-0.038	0.341	0.079	0.984	0.963	-23.417	0.271	0.143
-4.0	-0.226	0.01425	-0.040	0.312	0.092	0.982	0.971	-15.834	0.271	0.072
-3.0	-0.099	0.01660	-0.043	0.294	0.110	0.980	0.977	-5.960	0.271	-0.182
-2.0	0.029	0.01651	-0.045	0.263	0.129	0.978	0.980	1.728	0.271	1.842
-1.0	0.156	0.01357	-0.048	0.245	0.149	0.977	0.983	11.526	0.271	0.557
0.0	0.283	0.01409	-0.051	0.216	0.173	0.972	0.986	20.119	0.271	0.429
1.0	0.410	0.01473	-0.053	0.195	0.195	0.967	0.988	27.837	0.271	0.380
2.0	0.536	0.01622	-0.056	0.170	0.222	0.962	0.990	33.041	0.271	0.355
3.0	0.661	0.01713	-0.059	0.148	0.252	0.955	0.990	38.568	0.271	0.339
4.0	0.784	0.01821	-0.061	0.128	0.278	0.946	0.991	43.039	0.272	0.328
5.0	0.905	0.01947	-0.064	0.106	0.311	0.936	0.992	46.486	0.272	0.321
6.0	1.024	0.02094	-0.067	0.091	0.350	0.923	0.992	48.883	0.272	0.315
7.0	1.139	0.02268	-0.069	0.074	0.406	0.907	0.993	50.229	0.272	0.311
8.0	1.250	0.02467	-0.072	0.062	0.458	0.888	0.994	50.680	0.272	0.307
9.0	1.356	0.02722	-0.074	0.050	0.489	0.865	0.994	49.820	0.272	0.305
10.0	1.456	0.02999	-0.076	0.043	0.522	0.840	0.994	48.540	0.273	0.302
11.0	1.549	0.03335	-0.078	0.036	0.563	0.810	0.995	46.452	0.273	0.301
12.0	1.635	0.03741	-0.080	0.030	0.609	0.776	0.995	43.712	0.274	0.299
13.0	1.711	0.04217	-0.082	0.026	0.656	0.740	0.996	40.577	0.275	0.298
14.0	1.778	0.04753	-0.084	0.024	0.704	0.704	0.996	37.397	0.277	0.297
15.0	1.835	0.05393	-0.085	0.022	0.749	0.667	0.997	34.017	0.278	0.297
16.0	1.880	0.06249	-0.087	0.018	0.785	0.624	0.997	30.084	0.280	0.296
17.0	1.916	0.07222	-0.088	0.015	0.815	0.582	0.997	26.538	0.285	0.296
18.0	1.945	0.08302	-0.089	0.013	0.843	0.543	0.997	23.423	0.294	0.296
19.0	1.964	0.09502	-0.090	0.012	0.866	0.505	0.998	20.670	0.311	0.296
20.0	1.976	0.10833	-0.091	0.011	0.881	0.471	0.998	18.237	0.329	0.296

Name = NACA 2421
Mach = 0; Re = 1230000; T.U. = 1.0; T.L. = 1.0
Surface Finish = 2; Stall model = 0; Transition model = 1; Aspect Ratio = 0; ground effect = 0
?	Cl	Cd	Cm 0.25	T.U.	T.L.	S.U.	S.L.	L/D	A.C.	C.P.
[°]	[-]	[-]	[-]	[-]	[-]	[-]	[-]	[-]	[-]	[-]
-20.0	-1.528	0.11681	-0.005	0.722	0.014	0.992	0.321	-13.078	0.317	0.247
-19.0	-1.506	0.10141	-0.006	0.695	0.015	0.992	0.353	-14.851	0.307	0.246
-18.0	-1.475	0.08729	-0.008	0.665	0.015	0.992	0.391	-16.896	0.297	0.245
-17.0	-1.435	0.07328	-0.009	0.630	0.016	0.991	0.442	-19.578	0.291	0.243
-16.0	-1.386	0.06153	-0.011	0.604	0.017	0.991	0.494	-22.526	0.287	0.242
-15.0	-1.331	0.05090	-0.013	0.566	0.018	0.991	0.554	-26.152	0.286	0.240
-14.0	-1.269	0.04191	-0.015	0.531	0.019	0.991	0.619	-30.281	0.284	0.238
-13.0	-1.200	0.03453	-0.018	0.502	0.022	0.991	0.688	-34.740	0.282	0.235
-12.0	-1.121	0.02880	-0.020	0.458	0.025	0.991	0.758	-38.935	0.279	0.232
-11.0	-1.034	0.02465	-0.023	0.427	0.030	0.991	0.821	-41.935	0.276	0.228
-10.0	-0.935	0.02193	-0.025	0.407	0.033	0.990	0.866	-42.640	0.274	0.223
-9.0	-0.828	0.01987	-0.027	0.389	0.036	0.990	0.901	-41.682	0.273	0.217
-8.0	-0.715	0.01767	-0.030	0.362	0.042	0.989	0.927	-40.454	0.272	0.208
-7.0	-0.597	0.01628	-0.033	0.348	0.051	0.988	0.945	-36.649	0.271	0.195
-6.0	-0.475	0.01522	-0.035	0.320	0.057	0.987	0.958	-31.237	0.271	0.176
-5.0	-0.351	0.01429	-0.038	0.301	0.068	0.985	0.967	-24.594	0.271	0.143
-4.0	-0.226	0.01359	-0.040	0.275	0.080	0.984	0.974	-16.621	0.271	0.072
-3.0	-0.099	0.01599	-0.043	0.254	0.094	0.981	0.978	-6.190	0.271	-0.183
-2.0	0.029	0.01576	-0.045	0.229	0.110	0.980	0.982	1.812	0.271	1.842
-1.0	0.156	0.01306	-0.048	0.209	0.129	0.978	0.985	11.981	0.271	0.557
0.0	0.284	0.01358	-0.051	0.184	0.147	0.974	0.987	20.876	0.271	0.429
1.0	0.410	0.01417	-0.053	0.165	0.173	0.970	0.989	28.953	0.271	0.380
2.0	0.536	0.01555	-0.056	0.141	0.191	0.964	0.990	34.489	0.271	0.355
3.0	0.661	0.01632	-0.059	0.125	0.218	0.959	0.991	40.508	0.271	0.339
4.0	0.784	0.01746	-0.061	0.103	0.243	0.950	0.991	44.935	0.272	0.328
5.0	0.906	0.01861	-0.064	0.089	0.269	0.941	0.992	48.675	0.272	0.321
6.0	1.025	0.02005	-0.067	0.072	0.303	0.929	0.993	51.116	0.272	0.315
7.0	1.141	0.02161	-0.069	0.062	0.334	0.914	0.993	52.788	0.272	0.311
8.0	1.252	0.02361	-0.072	0.049	0.378	0.896	0.994	53.053	0.272	0.307
9.0	1.359	0.02568	-0.074	0.042	0.440	0.876	0.994	52.937	0.273	0.305
10.0	1.460	0.02827	-0.076	0.035	0.467	0.852	0.995	51.627	0.273	0.302
11.0	1.553	0.03147	-0.079	0.029	0.501	0.823	0.995	49.359	0.273	0.301
12.0	1.641	0.03507	-0.081	0.025	0.533	0.793	0.996	46.791	0.274	0.299
13.0	1.718	0.03926	-0.083	0.022	0.571	0.760	0.996	43.762	0.276	0.298
14.0	1.786	0.04404	-0.084	0.021	0.616	0.726	0.997	40.548	0.277	0.297
15.0	1.842	0.05086	-0.086	0.017	0.661	0.685	0.997	36.205	0.278	0.297
16.0	1.888	0.05870	-0.087	0.014	0.707	0.643	0.997	32.156	0.282	0.296
17.0	1.925	0.06726	-0.089	0.012	0.751	0.603	0.997	28.626	0.287	0.296
18.0	1.954	0.07701	-0.090	0.011	0.789	0.566	0.997	25.375	0.297	0.296
19.0	1.974	0.08798	-0.091	0.011	0.817	0.529	0.998	22.441	0.315	0.296
20.0	1.986	0.10036	-0.092	0.010	0.843	0.495	0.998	19.790	0.334	0.296

Name = NACA 2421
Mach = 0; Re = 1630000; T.U. = 1.0; T.L. = 1.0
Surface Finish = 2; Stall model = 0; Transition model = 1; Aspect Ratio = 0; ground effect = 0
?	Cl	Cd	Cm 0.25	T.U.	T.L.	S.U.	S.L.	L/D	A.C.	C.P.
[°]	[-]	[-]	[-]	[-]	[-]	[-]	[-]	[-]	[-]	[-]
-20.0	-1.529	0.11536	-0.005	0.675	0.011	0.992	0.324	-13.251	0.335	0.247
-19.0	-1.511	0.09723	-0.006	0.649	0.013	0.992	0.368	-15.542	0.318	0.246
-18.0	-1.483	0.08189	-0.008	0.615	0.014	0.992	0.415	-18.107	0.299	0.245
-17.0	-1.443	0.06848	-0.010	0.581	0.015	0.992	0.467	-21.067	0.291	0.243
-16.0	-1.394	0.05737	-0.011	0.555	0.016	0.991	0.519	-24.294	0.287	0.242
-15.0	-1.338	0.04760	-0.013	0.516	0.017	0.991	0.577	-28.111	0.285	0.240
-14.0	-1.275	0.03933	-0.016	0.482	0.018	0.992	0.641	-32.422	0.283	0.238
-13.0	-1.205	0.03257	-0.018	0.449	0.019	0.991	0.708	-36.991	0.281	0.235
-12.0	-1.125	0.02748	-0.020	0.418	0.022	0.991	0.773	-40.944	0.279	0.232
-11.0	-1.037	0.02347	-0.023	0.402	0.027	0.991	0.835	-44.167	0.276	0.228
-10.0	-0.938	0.02084	-0.025	0.378	0.031	0.990	0.879	-44.984	0.274	0.223
-9.0	-0.830	0.01902	-0.028	0.357	0.033	0.990	0.910	-43.614	0.272	0.217
-8.0	-0.716	0.01757	-0.030	0.345	0.037	0.990	0.933	-40.725	0.272	0.208
-7.0	-0.597	0.01577	-0.033	0.313	0.044	0.989	0.949	-37.860	0.271	0.195
-6.0	-0.476	0.01462	-0.035	0.298	0.052	0.988	0.961	-32.529	0.271	0.176
-5.0	-0.352	0.01384	-0.038	0.269	0.060	0.986	0.969	-25.402	0.271	0.143
-4.0	-0.226	0.01309	-0.040	0.251	0.073	0.985	0.976	-17.251	0.271	0.072
-3.0	-0.099	0.01264	-0.043	0.224	0.083	0.982	0.979	-7.833	0.271	-0.183
-2.0	0.029	0.01242	-0.045	0.207	0.100	0.980	0.983	2.298	0.271	1.843
-1.0	0.157	0.01274	-0.048	0.182	0.113	0.979	0.986	12.289	0.271	0.558
0.0	0.284	0.01320	-0.051	0.165	0.136	0.976	0.988	21.492	0.271	0.429
1.0	0.410	0.01445	-0.053	0.142	0.150	0.971	0.990	28.406	0.271	0.380
2.0	0.536	0.01507	-0.056	0.126	0.176	0.967	0.991	35.600	0.271	0.355
3.0	0.661	0.01595	-0.059	0.105	0.195	0.961	0.991	41.458	0.271	0.339
4.0	0.785	0.01689	-0.062	0.092	0.219	0.953	0.992	46.459	0.272	0.328
5.0	0.906	0.01814	-0.064	0.074	0.246	0.943	0.992	49.969	0.272	0.321
6.0	1.026	0.01935	-0.067	0.064	0.270	0.934	0.993	53.025	0.272	0.315
7.0	1.142	0.02100	-0.069	0.051	0.303	0.919	0.994	54.377	0.272	0.311
8.0	1.254	0.02275	-0.072	0.043	0.330	0.903	0.994	55.120	0.272	0.307
9.0	1.361	0.02468	-0.074	0.038	0.371	0.884	0.994	55.148	0.273	0.305
10.0	1.462	0.02730	-0.077	0.029	0.423	0.860	0.995	53.545	0.273	0.302
11.0	1.557	0.03011	-0.079	0.025	0.460	0.834	0.996	51.706	0.274	0.301
12.0	1.645	0.03338	-0.081	0.023	0.489	0.805	0.996	49.278	0.275	0.299
13.0	1.723	0.03728	-0.083	0.021	0.519	0.774	0.997	46.227	0.276	0.298
14.0	1.789	0.04273	-0.085	0.016	0.558	0.736	0.997	41.875	0.277	0.297
15.0	1.846	0.04877	-0.086	0.014	0.601	0.697	0.997	37.859	0.279	0.297
16.0	1.893	0.05578	-0.088	0.012	0.639	0.657	0.998	33.943	0.283	0.296
17.0	1.932	0.06379	-0.089	0.011	0.682	0.619	0.997	30.285	0.289	0.296
18.0	1.961	0.07284	-0.090	0.010	0.725	0.582	0.997	26.928	0.299	0.296
19.0	1.982	0.08313	-0.091	0.010	0.765	0.547	0.998	23.842	0.318	0.296
20.0	1.994	0.09482	-0.092	0.009	0.801	0.512	0.998	21.028	0.337	0.296

Name = NACA 2421
Mach = 0; Re = 2030000; T.U. = 1.0; T.L. = 1.0
Surface Finish = 2; Stall model = 0; Transition model = 1; Aspect Ratio = 0; ground effect = 0
?	Cl	Cd	Cm 0.25	T.U.	T.L.	S.U.	S.L.	L/D	A.C.	C.P.
[°]	[-]	[-]	[-]	[-]	[-]	[-]	[-]	[-]	[-]	[-]
-20.0	-1.531	0.11302	-0.005	0.635	0.009	0.992	0.330	-13.544	0.327	0.247
-19.0	-1.511	0.09639	-0.006	0.609	0.010	0.992	0.369	-15.682	0.323	0.246
-18.0	-1.488	0.07862	-0.008	0.572	0.013	0.992	0.430	-18.925	0.304	0.245
-17.0	-1.448	0.06526	-0.010	0.546	0.014	0.992	0.485	-22.193	0.291	0.243
-16.0	-1.400	0.05425	-0.011	0.511	0.015	0.992	0.539	-25.805	0.287	0.242
-15.0	-1.343	0.04520	-0.013	0.474	0.016	0.991	0.596	-29.724	0.285	0.240
-14.0	-1.280	0.03733	-0.016	0.444	0.017	0.992	0.659	-34.294	0.283	0.238
-13.0	-1.209	0.03108	-0.018	0.415	0.018	0.991	0.724	-38.893	0.280	0.235
-12.0	-1.128	0.02644	-0.020	0.401	0.019	0.991	0.785	-42.652	0.278	0.232
-11.0	-1.038	0.02290	-0.023	0.374	0.023	0.991	0.841	-45.327	0.276	0.228
-10.0	-0.939	0.02006	-0.025	0.355	0.030	0.990	0.888	-46.832	0.274	0.223
-9.0	-0.831	0.01836	-0.028	0.345	0.032	0.990	0.916	-45.252	0.272	0.217
-8.0	-0.716	0.01704	-0.030	0.312	0.034	0.990	0.937	-42.027	0.271	0.208
-7.0	-0.598	0.01597	-0.033	0.298	0.039	0.990	0.952	-37.413	0.271	0.195
-6.0	-0.476	0.01423	-0.035	0.268	0.050	0.988	0.964	-33.447	0.271	0.176
-5.0	-0.352	0.01346	-0.038	0.252	0.055	0.987	0.971	-26.131	0.271	0.143
-4.0	-0.226	0.01289	-0.040	0.226	0.064	0.985	0.977	-17.522	0.271	0.072
-3.0	-0.099	0.01231	-0.043	0.208	0.077	0.983	0.980	-8.047	0.271	-0.183
-2.0	0.029	0.01221	-0.045	0.185	0.088	0.981	0.983	2.339	0.271	1.843
-1.0	0.157	0.01245	-0.048	0.167	0.106	0.979	0.987	12.578	0.271	0.558
0.0	0.284	0.01293	-0.051	0.146	0.120	0.977	0.989	21.936	0.271	0.429
1.0	0.411	0.01420	-0.054	0.129	0.140	0.973	0.990	28.903	0.271	0.380
2.0	0.537	0.01478	-0.056	0.110	0.159	0.968	0.991	36.304	0.271	0.355
3.0	0.662	0.01556	-0.059	0.095	0.180	0.962	0.991	42.521	0.272	0.339
4.0	0.785	0.01657	-0.062	0.078	0.204	0.955	0.992	47.394	0.272	0.328
5.0	0.907	0.01766	-0.064	0.067	0.224	0.947	0.993	51.356	0.272	0.321
6.0	1.027	0.01889	-0.067	0.055	0.255	0.937	0.993	54.362	0.272	0.315
7.0	1.143	0.02045	-0.069	0.045	0.274	0.923	0.994	55.874	0.272	0.311
8.0	1.256	0.02204	-0.072	0.040	0.306	0.908	0.994	56.966	0.272	0.307
9.0	1.362	0.02416	-0.074	0.031	0.335	0.888	0.995	56.392	0.273	0.305
10.0	1.464	0.02650	-0.077	0.026	0.372	0.866	0.995	55.239	0.273	0.302
11.0	1.559	0.02908	-0.079	0.023	0.422	0.842	0.996	53.626	0.274	0.301
12.0	1.648	0.03211	-0.081	0.022	0.458	0.815	0.996	51.333	0.275	0.299
13.0	1.726	0.03622	-0.083	0.017	0.484	0.781	0.997	47.644	0.276	0.298
14.0	1.793	0.04141	-0.085	0.014	0.514	0.745	0.997	43.292	0.278	0.297
15.0	1.850	0.04693	-0.086	0.012	0.554	0.708	0.997	39.432	0.280	0.297
16.0	1.898	0.05354	-0.088	0.011	0.589	0.669	0.998	35.458	0.284	0.296
17.0	1.937	0.06127	-0.089	0.010	0.628	0.631	0.997	31.617	0.289	0.296
18.0	1.967	0.06978	-0.091	0.010	0.670	0.595	0.997	28.186	0.300	0.296
19.0	1.988	0.07954	-0.092	0.009	0.714	0.560	0.998	24.990	0.319	0.296
20.0	2.000	0.09055	-0.093	0.009	0.756	0.526	0.998	22.090	0.339	0.296

Name = NACA 2421
Mach = 0; Re = 2430000; T.U. = 1.0; T.L. = 1.0
Surface Finish = 2; Stall model = 0; Transition model = 1; Aspect Ratio = 0; ground effect = 0
?	Cl	Cd	Cm 0.25	T.U.	T.L.	S.U.	S.L.	L/D	A.C.	C.P.
[°]	[-]	[-]	[-]	[-]	[-]	[-]	[-]	[-]	[-]	[-]
-20.0	-1.533	0.11073	-0.005	0.608	0.008	0.992	0.336	-13.845	0.323	0.247
-19.0	-1.513	0.09515	-0.006	0.570	0.008	0.992	0.374	-15.900	0.316	0.246
-18.0	-1.486	0.07917	-0.008	0.543	0.010	0.992	0.425	-18.773	0.309	0.245
-17.0	-1.454	0.06218	-0.010	0.511	0.014	0.992	0.501	-23.380	0.296	0.243
-16.0	-1.405	0.05194	-0.012	0.474	0.015	0.992	0.554	-27.045	0.287	0.242
-15.0	-1.348	0.04317	-0.014	0.448	0.015	0.991	0.612	-31.232	0.285	0.240
-14.0	-1.285	0.03566	-0.016	0.415	0.016	0.992	0.675	-36.022	0.282	0.238
-13.0	-1.212	0.02985	-0.018	0.402	0.017	0.992	0.738	-40.606	0.280	0.235
-12.0	-1.130	0.02558	-0.020	0.376	0.018	0.991	0.795	-44.187	0.277	0.232
-11.0	-1.039	0.02233	-0.023	0.356	0.020	0.991	0.847	-46.542	0.276	0.228
-10.0	-0.940	0.01970	-0.025	0.345	0.025	0.990	0.891	-47.718	0.274	0.223
-9.0	-0.832	0.01788	-0.028	0.313	0.031	0.990	0.921	-46.503	0.272	0.217
-8.0	-0.717	0.01662	-0.030	0.299	0.032	0.990	0.940	-43.105	0.271	0.208
-7.0	-0.598	0.01566	-0.033	0.271	0.036	0.990	0.955	-38.183	0.271	0.195
-6.0	-0.476	0.01399	-0.035	0.254	0.044	0.989	0.965	-34.017	0.271	0.176
-5.0	-0.352	0.01318	-0.038	0.232	0.052	0.987	0.973	-26.702	0.271	0.143
-4.0	-0.226	0.01260	-0.040	0.210	0.058	0.986	0.978	-17.932	0.271	0.072
-3.0	-0.099	0.01195	-0.043	0.194	0.073	0.984	0.982	-8.290	0.271	-0.183
-2.0	0.029	0.01197	-0.046	0.170	0.081	0.982	0.985	2.385	0.271	1.843
-1.0	0.157	0.01223	-0.048	0.157	0.099	0.980	0.988	12.800	0.271	0.558
0.0	0.284	0.01343	-0.051	0.133	0.112	0.978	0.990	21.135	0.271	0.429
1.0	0.411	0.01387	-0.054	0.121	0.133	0.974	0.990	29.610	0.271	0.380
2.0	0.537	0.01461	-0.056	0.099	0.146	0.969	0.991	36.739	0.271	0.355
3.0	0.662	0.01519	-0.059	0.089	0.173	0.964	0.992	43.580	0.272	0.339
4.0	0.786	0.01626	-0.062	0.070	0.187	0.958	0.992	48.316	0.272	0.328
5.0	0.907	0.01722	-0.064	0.063	0.214	0.949	0.993	52.693	0.272	0.321
6.0	1.027	0.01855	-0.067	0.048	0.231	0.939	0.994	55.384	0.272	0.315
7.0	1.143	0.01992	-0.069	0.042	0.260	0.926	0.994	57.406	0.272	0.311
8.0	1.256	0.02155	-0.072	0.036	0.283	0.912	0.995	58.306	0.273	0.307
9.0	1.364	0.02360	-0.074	0.027	0.311	0.892	0.995	57.774	0.273	0.305
10.0	1.466	0.02577	-0.077	0.024	0.348	0.872	0.996	56.870	0.274	0.302
11.0	1.561	0.02827	-0.079	0.022	0.381	0.849	0.996	55.242	0.274	0.301
12.0	1.651	0.03119	-0.081	0.020	0.429	0.822	0.997	52.928	0.275	0.299
13.0	1.728	0.03544	-0.083	0.014	0.459	0.786	0.997	48.753	0.276	0.298
14.0	1.796	0.04025	-0.085	0.012	0.486	0.752	0.997	44.614	0.278	0.297
15.0	1.854	0.04551	-0.087	0.011	0.514	0.717	0.997	40.742	0.281	0.297
16.0	1.902	0.05189	-0.088	0.010	0.554	0.679	0.998	36.663	0.284	0.296
17.0	1.942	0.05902	-0.090	0.010	0.588	0.643	0.997	32.902	0.290	0.296
18.0	1.971	0.06747	-0.091	0.009	0.625	0.605	0.997	29.218	0.301	0.296
19.0	1.993	0.07668	-0.092	0.009	0.667	0.571	0.998	25.990	0.321	0.296
20.0	2.005	0.08735	-0.093	0.009	0.711	0.538	0.998	22.956	0.341	0.297

Name = NACA 2421
Mach = 0; Re = 2830000; T.U. = 1.0; T.L. = 1.0
Surface Finish = 2; Stall model = 0; Transition model = 1; Aspect Ratio = 0; ground effect = 0
?	Cl	Cd	Cm 0.25	T.U.	T.L.	S.U.	S.L.	L/D	A.C.	C.P.
[°]	[-]	[-]	[-]	[-]	[-]	[-]	[-]	[-]	[-]	[-]
-20.0	-1.535	0.10860	-0.005	0.571	0.007	0.992	0.342	-14.136	0.326	0.247
-19.0	-1.516	0.09302	-0.006	0.548	0.008	0.992	0.381	-16.293	0.316	0.246
-18.0	-1.488	0.07805	-0.008	0.512	0.009	0.992	0.430	-19.063	0.303	0.245
-17.0	-1.451	0.06339	-0.010	0.480	0.011	0.992	0.492	-22.887	0.298	0.243
-16.0	-1.409	0.05001	-0.012	0.451	0.014	0.992	0.568	-28.171	0.290	0.242
-15.0	-1.352	0.04155	-0.014	0.418	0.015	0.992	0.625	-32.534	0.285	0.240
-14.0	-1.288	0.03433	-0.016	0.403	0.016	0.992	0.688	-37.529	0.282	0.238
-13.0	-1.215	0.02892	-0.018	0.382	0.016	0.992	0.748	-42.009	0.279	0.235
-12.0	-1.132	0.02484	-0.020	0.358	0.017	0.992	0.804	-45.578	0.277	0.232
-11.0	-1.041	0.02178	-0.023	0.347	0.019	0.991	0.855	-47.800	0.275	0.228
-10.0	-0.941	0.01943	-0.025	0.317	0.022	0.991	0.895	-48.419	0.274	0.223
-9.0	-0.832	0.01746	-0.028	0.301	0.030	0.990	0.926	-47.684	0.272	0.217
-8.0	-0.717	0.01626	-0.030	0.278	0.031	0.990	0.944	-44.092	0.271	0.208
-7.0	-0.598	0.01532	-0.033	0.257	0.034	0.990	0.958	-39.037	0.271	0.195
-6.0	-0.476	0.01373	-0.035	0.245	0.040	0.989	0.967	-34.672	0.271	0.176
-5.0	-0.352	0.01292	-0.038	0.215	0.050	0.988	0.975	-27.239	0.271	0.143
-4.0	-0.226	0.01238	-0.040	0.203	0.055	0.986	0.979	-18.260	0.270	0.072
-3.0	-0.099	0.00880	-0.043	0.175	0.066	0.985	0.982	-11.264	0.271	-0.183
-2.0	0.029	0.00875	-0.046	0.163	0.077	0.982	0.985	3.265	0.271	1.843
-1.0	0.157	0.01214	-0.048	0.139	0.089	0.980	0.988	12.896	0.271	0.558
0.0	0.284	0.01326	-0.051	0.127	0.106	0.978	0.990	21.405	0.271	0.429
1.0	0.411	0.01372	-0.054	0.105	0.120	0.976	0.991	29.944	0.271	0.380
2.0	0.537	0.01429	-0.056	0.093	0.140	0.971	0.991	37.556	0.271	0.355
3.0	0.662	0.01511	-0.059	0.077	0.156	0.965	0.992	43.817	0.272	0.339
4.0	0.786	0.01597	-0.062	0.066	0.178	0.959	0.992	49.218	0.272	0.328
5.0	0.908	0.01700	-0.064	0.054	0.197	0.950	0.993	53.399	0.272	0.321
6.0	1.028	0.01817	-0.067	0.045	0.219	0.941	0.994	56.545	0.272	0.315
7.0	1.144	0.01948	-0.069	0.040	0.244	0.929	0.994	58.724	0.272	0.311
8.0	1.257	0.02122	-0.072	0.031	0.266	0.914	0.995	59.229	0.273	0.307
9.0	1.365	0.02314	-0.074	0.025	0.300	0.896	0.995	58.990	0.273	0.305
10.0	1.467	0.02521	-0.077	0.023	0.318	0.877	0.996	58.190	0.274	0.302
11.0	1.563	0.02754	-0.079	0.021	0.355	0.854	0.996	56.765	0.274	0.301
12.0	1.652	0.03076	-0.081	0.016	0.398	0.825	0.997	53.694	0.275	0.299
13.0	1.730	0.03494	-0.083	0.013	0.444	0.792	0.997	49.515	0.276	0.298
14.0	1.798	0.03914	-0.085	0.012	0.462	0.760	0.997	45.947	0.279	0.297
15.0	1.857	0.04423	-0.087	0.011	0.493	0.725	0.998	41.990	0.281	0.297
16.0	1.906	0.05035	-0.088	0.010	0.518	0.688	0.998	37.856	0.284	0.296
17.0	1.945	0.05737	-0.090	0.009	0.557	0.651	0.997	33.907	0.291	0.296
18.0	1.975	0.06542	-0.091	0.009	0.593	0.615	0.997	30.193	0.301	0.296
19.0	1.997	0.07431	-0.093	0.009	0.628	0.581	0.998	26.869	0.320	0.296
20.0	2.004	0.08783	-0.093	0.006	0.668	0.534	0.998	22.814	0.353	0.297

Name = NACA 2421
Mach = 0; Re = 3230000; T.U. = 1.0; T.L. = 1.0
Surface Finish = 2; Stall model = 0; Transition model = 1; Aspect Ratio = 0; ground effect = 0
?	Cl	Cd	Cm 0.25	T.U.	T.L.	S.U.	S.L.	L/D	A.C.	C.P.
[°]	[-]	[-]	[-]	[-]	[-]	[-]	[-]	[-]	[-]	[-]
-20.0	-1.537	0.10699	-0.005	0.556	0.006	0.992	0.347	-14.364	0.328	0.247
-19.0	-1.518	0.09141	-0.006	0.517	0.007	0.992	0.387	-16.603	0.316	0.246
-18.0	-1.489	0.07688	-0.008	0.493	0.008	0.992	0.435	-19.375	0.301	0.245
-17.0	-1.451	0.06308	-0.010	0.456	0.009	0.992	0.494	-23.006	0.297	0.243
-16.0	-1.409	0.04967	-0.012	0.424	0.013	0.992	0.569	-28.373	0.292	0.242
-15.0	-1.355	0.04022	-0.014	0.406	0.014	0.992	0.636	-33.692	0.286	0.240
-14.0	-1.291	0.03327	-0.016	0.396	0.015	0.992	0.699	-38.811	0.282	0.238
-13.0	-1.217	0.02807	-0.018	0.362	0.016	0.992	0.758	-43.363	0.279	0.235
-12.0	-1.134	0.02416	-0.020	0.349	0.017	0.992	0.813	-46.960	0.277	0.232
-11.0	-1.042	0.02130	-0.023	0.326	0.018	0.991	0.860	-48.922	0.275	0.228
-10.0	-0.941	0.01911	-0.025	0.305	0.020	0.991	0.898	-49.269	0.273	0.223
-9.0	-0.833	0.01720	-0.028	0.295	0.027	0.990	0.928	-48.427	0.272	0.217
-8.0	-0.717	0.01597	-0.030	0.261	0.030	0.990	0.946	-44.920	0.271	0.208
-7.0	-0.598	0.01504	-0.033	0.250	0.033	0.990	0.959	-39.778	0.271	0.195
-6.0	-0.476	0.01426	-0.035	0.221	0.036	0.990	0.968	-33.391	0.271	0.176
-5.0	-0.352	0.01273	-0.038	0.207	0.048	0.988	0.976	-27.645	0.271	0.143
-4.0	-0.226	0.01221	-0.040	0.184	0.053	0.987	0.979	-18.515	0.270	0.072
-3.0	-0.099	0.00874	-0.043	0.167	0.060	0.985	0.982	-11.332	0.271	-0.183
-2.0	0.029	0.00863	-0.046	0.151	0.075	0.983	0.986	3.309	0.271	1.843
-1.0	0.157	0.01198	-0.048	0.131	0.083	0.981	0.989	13.077	0.271	0.558
0.0	0.284	0.01301	-0.051	0.120	0.103	0.979	0.990	21.807	0.271	0.429
1.0	0.411	0.01358	-0.054	0.098	0.113	0.977	0.991	30.244	0.271	0.380
2.0	0.537	0.01401	-0.056	0.090	0.136	0.972	0.991	38.335	0.271	0.355
3.0	0.662	0.01487	-0.059	0.071	0.147	0.966	0.992	44.532	0.272	0.339
4.0	0.786	0.01564	-0.062	0.063	0.173	0.961	0.993	50.250	0.272	0.328
5.0	0.908	0.01683	-0.064	0.049	0.185	0.952	0.993	53.965	0.272	0.321
6.0	1.028	0.01788	-0.067	0.042	0.213	0.943	0.994	57.491	0.272	0.315
7.0	1.145	0.01917	-0.070	0.038	0.228	0.932	0.994	59.719	0.272	0.311
8.0	1.258	0.02092	-0.072	0.028	0.258	0.916	0.995	60.117	0.273	0.307
9.0	1.366	0.02268	-0.075	0.024	0.276	0.900	0.995	60.218	0.273	0.305
10.0	1.468	0.02465	-0.077	0.022	0.306	0.881	0.996	59.554	0.274	0.302
11.0	1.565	0.02697	-0.079	0.020	0.333	0.859	0.996	58.012	0.274	0.301
12.0	1.653	0.03029	-0.081	0.014	0.365	0.829	0.997	54.568	0.275	0.299
13.0	1.732	0.03424	-0.083	0.012	0.407	0.798	0.997	50.589	0.277	0.298
14.0	1.801	0.03827	-0.085	0.011	0.451	0.766	0.997	47.057	0.279	0.297
15.0	1.860	0.04319	-0.087	0.010	0.467	0.731	0.998	43.060	0.281	0.297
16.0	1.909	0.04901	-0.089	0.009	0.501	0.695	0.998	38.951	0.285	0.296
17.0	1.948	0.05590	-0.090	0.009	0.525	0.659	0.997	34.855	0.291	0.296
18.0	1.979	0.06372	-0.092	0.008	0.562	0.623	0.997	31.056	0.300	0.296
19.0	1.997	0.07428	-0.093	0.007	0.603	0.581	0.998	26.880	0.321	0.296
20.0	2.004	0.08749	-0.093	0.005	0.635	0.535	0.998	22.905	0.352	0.297

Name = NACA 2421
Mach = 0; Re = 3630000; T.U. = 1.0; T.L. = 1.0
Surface Finish = 2; Stall model = 0; Transition model = 1; Aspect Ratio = 0; ground effect = 0
?	Cl	Cd	Cm 0.25	T.U.	T.L.	S.U.	S.L.	L/D	A.C.	C.P.
[°]	[-]	[-]	[-]	[-]	[-]	[-]	[-]	[-]	[-]	[-]
-20.0	-1.539	0.10500	-0.005	0.524	0.006	0.992	0.353	-14.659	0.328	0.247
-19.0	-1.520	0.08962	-0.006	0.504	0.007	0.992	0.394	-16.959	0.315	0.246
-18.0	-1.491	0.07561	-0.008	0.463	0.007	0.992	0.441	-19.724	0.300	0.245
-17.0	-1.452	0.06230	-0.010	0.436	0.008	0.992	0.497	-23.311	0.294	0.243
-16.0	-1.408	0.05012	-0.012	0.411	0.010	0.992	0.564	-28.089	0.293	0.242
-15.0	-1.359	0.03889	-0.014	0.399	0.014	0.992	0.647	-34.935	0.287	0.240
-14.0	-1.294	0.03239	-0.016	0.369	0.015	0.992	0.708	-39.935	0.282	0.238
-13.0	-1.220	0.02739	-0.018	0.353	0.015	0.992	0.766	-44.528	0.279	0.235
-12.0	-1.136	0.02361	-0.020	0.345	0.016	0.992	0.820	-48.114	0.277	0.232
-11.0	-1.043	0.02092	-0.023	0.310	0.017	0.992	0.866	-49.879	0.275	0.228
-10.0	-0.942	0.01879	-0.025	0.298	0.019	0.991	0.902	-50.142	0.273	0.223
-9.0	-0.833	0.01709	-0.028	0.269	0.024	0.991	0.930	-48.753	0.272	0.217
-8.0	-0.718	0.01572	-0.030	0.253	0.030	0.990	0.948	-45.647	0.271	0.208
-7.0	-0.599	0.01479	-0.033	0.235	0.032	0.990	0.961	-40.479	0.271	0.195
-6.0	-0.476	0.01408	-0.035	0.211	0.035	0.990	0.969	-33.845	0.271	0.176
-5.0	-0.352	0.01258	-0.038	0.203	0.043	0.989	0.976	-27.995	0.270	0.143
-4.0	-0.226	0.01203	-0.040	0.173	0.051	0.987	0.980	-18.791	0.270	0.072
-3.0	-0.099	0.00866	-0.043	0.162	0.057	0.985	0.983	-11.437	0.271	-0.183
-2.0	0.029	0.00853	-0.046	0.138	0.073	0.984	0.986	3.350	0.271	1.844
-1.0	0.157	0.01180	-0.048	0.127	0.080	0.981	0.989	13.280	0.271	0.558
0.0	0.284	0.01287	-0.051	0.106	0.095	0.979	0.990	22.047	0.271	0.429
1.0	0.411	0.01334	-0.054	0.094	0.109	0.977	0.991	30.807	0.271	0.380
2.0	0.537	0.01399	-0.056	0.079	0.125	0.972	0.991	38.395	0.271	0.355
3.0	0.662	0.01469	-0.059	0.067	0.142	0.967	0.992	45.069	0.272	0.339
4.0	0.786	0.01542	-0.062	0.059	0.160	0.962	0.993	50.994	0.272	0.328
5.0	0.908	0.01657	-0.064	0.045	0.179	0.953	0.994	54.824	0.272	0.321
6.0	1.028	0.01757	-0.067	0.041	0.200	0.945	0.994	58.537	0.272	0.315
7.0	1.145	0.01898	-0.070	0.033	0.219	0.934	0.995	60.320	0.272	0.311
8.0	1.258	0.02058	-0.072	0.026	0.244	0.919	0.995	61.147	0.273	0.307
9.0	1.367	0.02227	-0.075	0.023	0.265	0.903	0.996	61.353	0.273	0.305
10.0	1.469	0.02419	-0.077	0.021	0.296	0.884	0.996	60.736	0.274	0.302
11.0	1.565	0.02681	-0.079	0.016	0.315	0.860	0.997	58.378	0.274	0.301
12.0	1.655	0.02984	-0.081	0.013	0.351	0.833	0.997	55.446	0.275	0.299
13.0	1.734	0.03362	-0.083	0.011	0.383	0.803	0.997	51.573	0.277	0.298
14.0	1.803	0.03752	-0.085	0.010	0.421	0.771	0.998	48.046	0.279	0.297
15.0	1.862	0.04224	-0.087	0.010	0.455	0.737	0.998	44.082	0.282	0.297
16.0	1.912	0.04789	-0.089	0.009	0.475	0.702	0.998	39.920	0.285	0.296
17.0	1.952	0.05442	-0.090	0.009	0.507	0.666	0.997	35.860	0.291	0.296
18.0	1.982	0.06209	-0.092	0.008	0.538	0.631	0.997	31.926	0.299	0.296
19.0	1.996	0.07441	-0.093	0.005	0.569	0.579	0.998	26.830	0.322	0.296
20.0	2.005	0.08650	-0.093	0.004	0.609	0.538	0.998	23.182	0.347	0.297

Name = NACA 2421
Mach = 0; Re = 4030000; T.U. = 1.0; T.L. = 1.0
Surface Finish = 2; Stall model = 0; Transition model = 1; Aspect Ratio = 0; ground effect = 0
?	Cl	Cd	Cm 0.25	T.U.	T.L.	S.U.	S.L.	L/D	A.C.	C.P.
[°]	[-]	[-]	[-]	[-]	[-]	[-]	[-]	[-]	[-]	[-]
-20.0	-1.542	0.10271	-0.005	0.509	0.006	0.992	0.362	-15.014	0.324	0.247
-19.0	-1.522	0.08809	-0.006	0.475	0.006	0.992	0.400	-17.277	0.314	0.246
-18.0	-1.494	0.07416	-0.008	0.451	0.007	0.992	0.447	-20.142	0.300	0.245
-17.0	-1.454	0.06140	-0.010	0.417	0.007	0.992	0.502	-23.677	0.293	0.243
-16.0	-1.408	0.04987	-0.012	0.403	0.009	0.992	0.565	-28.233	0.292	0.242
-15.0	-1.358	0.03888	-0.014	0.384	0.013	0.992	0.647	-34.940	0.288	0.240
-14.0	-1.296	0.03162	-0.016	0.358	0.014	0.992	0.715	-40.974	0.282	0.238
-13.0	-1.222	0.02665	-0.018	0.348	0.015	0.992	0.775	-45.842	0.279	0.235
-12.0	-1.138	0.02315	-0.020	0.318	0.016	0.992	0.827	-49.134	0.276	0.232
-11.0	-1.045	0.02052	-0.023	0.303	0.017	0.992	0.871	-50.913	0.275	0.228
-10.0	-0.943	0.01854	-0.025	0.286	0.018	0.991	0.905	-50.860	0.273	0.223
-9.0	-0.833	0.01692	-0.028	0.258	0.022	0.991	0.932	-49.248	0.272	0.217
-8.0	-0.718	0.01545	-0.030	0.248	0.029	0.990	0.951	-46.469	0.271	0.208
-7.0	-0.599	0.01464	-0.033	0.219	0.031	0.990	0.962	-40.902	0.271	0.195
-6.0	-0.477	0.01384	-0.035	0.206	0.033	0.990	0.970	-34.428	0.271	0.176
-5.0	-0.352	0.01245	-0.038	0.184	0.039	0.989	0.977	-28.282	0.270	0.143
-4.0	-0.226	0.01184	-0.040	0.167	0.050	0.988	0.980	-19.089	0.270	0.072
-3.0	-0.099	0.00855	-0.043	0.154	0.055	0.986	0.983	-11.589	0.271	-0.183
-2.0	0.029	0.00849	-0.046	0.131	0.066	0.984	0.986	3.366	0.271	1.844
-1.0	0.157	0.01234	-0.048	0.124	0.077	0.982	0.990	12.690	0.271	0.558
0.0	0.284	0.01279	-0.051	0.099	0.087	0.980	0.990	22.192	0.271	0.429
1.0	0.411	0.01325	-0.054	0.091	0.106	0.977	0.991	31.015	0.271	0.380
2.0	0.537	0.01380	-0.056	0.073	0.117	0.973	0.992	38.919	0.271	0.355
3.0	0.662	0.01444	-0.059	0.065	0.139	0.968	0.992	45.856	0.272	0.339
4.0	0.786	0.01536	-0.062	0.052	0.150	0.962	0.993	51.200	0.272	0.328
5.0	0.909	0.01636	-0.064	0.043	0.175	0.955	0.994	55.525	0.272	0.321
6.0	1.029	0.01735	-0.067	0.039	0.188	0.946	0.994	59.280	0.272	0.315
7.0	1.145	0.01881	-0.070	0.029	0.215	0.935	0.995	60.887	0.272	0.311
8.0	1.259	0.02031	-0.072	0.025	0.229	0.921	0.995	61.971	0.273	0.307
9.0	1.368	0.02192	-0.075	0.022	0.259	0.906	0.996	62.390	0.273	0.305
10.0	1.470	0.02381	-0.077	0.021	0.276	0.887	0.996	61.744	0.274	0.302
11.0	1.566	0.02654	-0.079	0.014	0.306	0.863	0.997	58.999	0.274	0.301
12.0	1.656	0.02969	-0.082	0.012	0.330	0.837	0.997	55.767	0.275	0.299
13.0	1.735	0.03309	-0.084	0.010	0.361	0.807	0.997	52.443	0.277	0.298
14.0	1.805	0.03682	-0.086	0.010	0.403	0.776	0.998	49.018	0.279	0.297
15.0	1.865	0.04129	-0.087	0.010	0.448	0.744	0.998	45.159	0.282	0.297
16.0	1.914	0.04692	-0.089	0.009	0.461	0.708	0.998	40.793	0.285	0.296
17.0	1.954	0.05339	-0.091	0.008	0.491	0.673	0.997	36.604	0.290	0.296
18.0	1.981	0.06262	-0.092	0.006	0.514	0.627	0.998	31.626	0.299	0.296
19.0	1.997	0.07362	-0.093	0.004	0.554	0.582	0.998	27.130	0.322	0.296
20.0	2.007	0.08525	-0.094	0.003	0.581	0.542	0.998	23.547	0.346	0.297

Name = NACA 2421
Mach = 0; Re = 4430000; T.U. = 1.0; T.L. = 1.0
Surface Finish = 2; Stall model = 0; Transition model = 1; Aspect Ratio = 0; ground effect = 0
?	Cl	Cd	Cm 0.25	T.U.	T.L.	S.U.	S.L.	L/D	A.C.	C.P.
[°]	[-]	[-]	[-]	[-]	[-]	[-]	[-]	[-]	[-]	[-]
-20.0	-1.544	0.10127	-0.005	0.499	0.006	0.992	0.366	-15.244	0.325	0.247
-19.0	-1.524	0.08679	-0.006	0.459	0.006	0.992	0.405	-17.557	0.316	0.246
-18.0	-1.496	0.07278	-0.008	0.429	0.006	0.992	0.454	-20.556	0.300	0.245
-17.0	-1.456	0.06025	-0.010	0.408	0.007	0.992	0.509	-24.165	0.293	0.243
-16.0	-1.409	0.04914	-0.012	0.398	0.008	0.992	0.570	-28.679	0.290	0.242
-15.0	-1.357	0.03937	-0.014	0.366	0.010	0.992	0.641	-34.463	0.289	0.240
-14.0	-1.298	0.03083	-0.016	0.352	0.014	0.992	0.724	-42.106	0.284	0.238
-13.0	-1.223	0.02612	-0.018	0.339	0.015	0.992	0.781	-46.834	0.279	0.235
-12.0	-1.139	0.02273	-0.020	0.307	0.015	0.992	0.832	-50.111	0.276	0.232
-11.0	-1.045	0.02021	-0.023	0.298	0.016	0.992	0.875	-51.723	0.274	0.228
-10.0	-0.943	0.01829	-0.025	0.267	0.018	0.991	0.908	-51.574	0.273	0.223
-9.0	-0.834	0.01670	-0.028	0.253	0.020	0.991	0.934	-49.914	0.272	0.217
-8.0	-0.718	0.01530	-0.030	0.235	0.027	0.990	0.952	-46.936	0.271	0.208
-7.0	-0.599	0.01442	-0.033	0.212	0.030	0.990	0.963	-41.523	0.271	0.195
-6.0	-0.477	0.01367	-0.035	0.203	0.032	0.990	0.971	-34.864	0.271	0.176
-5.0	-0.352	0.01301	-0.038	0.174	0.037	0.990	0.977	-27.075	0.271	0.143
-4.0	-0.226	0.01166	-0.040	0.164	0.049	0.988	0.981	-19.389	0.270	0.072
-3.0	-0.099	0.00846	-0.043	0.140	0.053	0.986	0.984	-11.719	0.271	-0.183
-2.0	0.029	0.00843	-0.046	0.128	0.061	0.984	0.987	3.389	0.271	1.844
-1.0	0.157	0.00919	-0.048	0.111	0.076	0.982	0.990	17.054	0.271	0.558
0.0	0.284	0.01268	-0.051	0.096	0.083	0.980	0.990	22.394	0.271	0.429
1.0	0.411	0.01303	-0.054	0.088	0.104	0.978	0.991	31.533	0.271	0.380
2.0	0.537	0.01370	-0.056	0.069	0.112	0.974	0.992	39.198	0.271	0.355
3.0	0.662	0.01428	-0.059	0.063	0.136	0.969	0.992	46.401	0.272	0.339
4.0	0.786	0.01519	-0.062	0.047	0.145	0.963	0.993	51.786	0.272	0.328
5.0	0.909	0.01611	-0.064	0.041	0.172	0.957	0.994	56.399	0.272	0.321
6.0	1.029	0.01707	-0.067	0.039	0.181	0.948	0.994	60.290	0.272	0.315
7.0	1.146	0.01857	-0.070	0.027	0.212	0.937	0.995	61.719	0.272	0.311
8.0	1.259	0.02000	-0.072	0.024	0.222	0.923	0.996	62.957	0.273	0.307
9.0	1.368	0.02157	-0.075	0.022	0.254	0.908	0.996	63.431	0.273	0.305
10.0	1.471	0.02353	-0.077	0.019	0.266	0.890	0.996	62.524	0.274	0.302
11.0	1.567	0.02620	-0.079	0.013	0.301	0.865	0.997	59.796	0.274	0.301
12.0	1.657	0.02928	-0.082	0.011	0.316	0.840	0.997	56.594	0.275	0.299
13.0	1.737	0.03251	-0.084	0.010	0.351	0.811	0.997	53.427	0.277	0.298
14.0	1.807	0.03619	-0.086	0.010	0.381	0.781	0.998	49.915	0.279	0.297
15.0	1.867	0.04060	-0.087	0.009	0.416	0.749	0.998	45.981	0.282	0.297
16.0	1.917	0.04600	-0.089	0.009	0.453	0.714	0.998	41.668	0.286	0.297
17.0	1.957	0.05223	-0.091	0.008	0.469	0.678	0.997	37.466	0.289	0.296
18.0	1.981	0.06251	-0.092	0.005	0.503	0.628	0.998	31.688	0.298	0.296
19.0	1.999	0.07286	-0.093	0.003	0.527	0.585	0.998	27.433	0.322	0.296
20.0	2.009	0.08412	-0.094	0.003	0.561	0.546	0.998	23.883	0.346	0.297

Name = NACA 2421
Mach = 0; Re = 4830000; T.U. = 1.0; T.L. = 1.0
Surface Finish = 2; Stall model = 0; Transition model = 1; Aspect Ratio = 0; ground effect = 0
?	Cl	Cd	Cm 0.25	T.U.	T.L.	S.U.	S.L.	L/D	A.C.	C.P.
[°]	[-]	[-]	[-]	[-]	[-]	[-]	[-]	[-]	[-]	[-]
-20.0	-1.546	0.09964	-0.005	0.470	0.006	0.993	0.372	-15.515	0.324	0.247
-19.0	-1.526	0.08557	-0.006	0.450	0.006	0.992	0.410	-17.830	0.315	0.246
-18.0	-1.498	0.07169	-0.008	0.415	0.006	0.992	0.460	-20.892	0.300	0.245
-17.0	-1.458	0.05927	-0.010	0.402	0.007	0.992	0.514	-24.596	0.292	0.243
-16.0	-1.410	0.04859	-0.012	0.381	0.007	0.992	0.573	-29.030	0.289	0.242
-15.0	-1.356	0.03930	-0.014	0.357	0.009	0.992	0.640	-34.519	0.289	0.240
-14.0	-1.300	0.03009	-0.016	0.347	0.014	0.992	0.733	-43.221	0.285	0.238
-13.0	-1.225	0.02560	-0.018	0.318	0.015	0.992	0.789	-47.857	0.278	0.235
-12.0	-1.140	0.02232	-0.021	0.301	0.015	0.992	0.838	-51.094	0.276	0.232
-11.0	-1.046	0.01986	-0.023	0.289	0.016	0.992	0.879	-52.679	0.274	0.228
-10.0	-0.944	0.01807	-0.025	0.258	0.017	0.991	0.911	-52.230	0.273	0.223
-9.0	-0.834	0.01650	-0.028	0.249	0.019	0.991	0.935	-50.549	0.272	0.217
-8.0	-0.718	0.01528	-0.030	0.220	0.024	0.990	0.952	-47.020	0.271	0.208
-7.0	-0.599	0.01425	-0.033	0.207	0.030	0.990	0.964	-42.037	0.271	0.195
-6.0	-0.477	0.01357	-0.035	0.189	0.032	0.990	0.972	-35.115	0.271	0.176
-5.0	-0.352	0.01289	-0.038	0.168	0.035	0.990	0.978	-27.322	0.270	0.143
-4.0	-0.226	0.01155	-0.040	0.161	0.046	0.988	0.982	-19.581	0.270	0.072
-3.0	-0.099	0.00839	-0.043	0.133	0.052	0.986	0.985	-11.810	0.271	-0.183
-2.0	0.029	0.00832	-0.046	0.125	0.058	0.985	0.988	3.437	0.271	1.844
-1.0	0.157	0.00908	-0.048	0.103	0.074	0.982	0.990	17.257	0.271	0.558
0.0	0.284	0.01253	-0.051	0.093	0.080	0.980	0.991	22.665	0.271	0.429
1.0	0.411	0.01299	-0.054	0.078	0.100	0.978	0.991	31.644	0.271	0.380
2.0	0.537	0.01349	-0.056	0.067	0.109	0.975	0.992	39.836	0.271	0.355
3.0	0.663	0.01409	-0.059	0.062	0.126	0.970	0.993	47.010	0.272	0.339
4.0	0.787	0.01504	-0.062	0.045	0.142	0.964	0.993	52.285	0.272	0.328
5.0	0.909	0.01595	-0.064	0.040	0.159	0.958	0.994	57.012	0.272	0.321
6.0	1.029	0.01704	-0.067	0.034	0.177	0.948	0.994	60.403	0.272	0.315
7.0	1.146	0.01839	-0.070	0.026	0.195	0.938	0.995	62.306	0.273	0.311
8.0	1.260	0.01977	-0.072	0.023	0.217	0.925	0.996	63.710	0.273	0.307
9.0	1.369	0.02131	-0.075	0.021	0.236	0.911	0.996	64.213	0.273	0.305
10.0	1.471	0.02343	-0.077	0.016	0.261	0.891	0.996	62.782	0.274	0.302
11.0	1.568	0.02593	-0.079	0.012	0.281	0.868	0.997	60.458	0.274	0.301
12.0	1.658	0.02881	-0.082	0.011	0.308	0.843	0.997	57.552	0.275	0.299
13.0	1.738	0.03204	-0.084	0.010	0.336	0.815	0.997	54.245	0.277	0.298
14.0	1.808	0.03558	-0.086	0.010	0.362	0.786	0.998	50.821	0.279	0.297
15.0	1.868	0.03996	-0.088	0.009	0.402	0.753	0.998	46.759	0.282	0.297
16.0	1.918	0.04522	-0.089	0.008	0.445	0.718	0.998	42.422	0.285	0.297
17.0	1.955	0.05279	-0.091	0.006	0.459	0.675	0.997	37.043	0.289	0.296
18.0	1.982	0.06182	-0.092	0.004	0.485	0.630	0.998	32.060	0.300	0.296
19.0	2.000	0.07200	-0.093	0.003	0.512	0.589	0.998	27.781	0.323	0.296
20.0	2.011	0.08286	-0.094	0.003	0.551	0.550	0.998	24.268	0.346	0.297

Name = NACA 2421
Mach = 0; Re = 5230000; T.U. = 1.0; T.L. = 1.0
Surface Finish = 2; Stall model = 0; Transition model = 1; Aspect Ratio = 0; ground effect = 0
?	Cl	Cd	Cm 0.25	T.U.	T.L.	S.U.	S.L.	L/D	A.C.	C.P.
[°]	[-]	[-]	[-]	[-]	[-]	[-]	[-]	[-]	[-]	[-]
-20.0	-1.547	0.09835	-0.005	0.458	0.005	0.993	0.377	-15.733	0.328	0.247
-19.0	-1.528	0.08393	-0.006	0.429	0.006	0.993	0.418	-18.207	0.317	0.246
-18.0	-1.500	0.07027	-0.008	0.407	0.006	0.992	0.467	-21.350	0.300	0.245
-17.0	-1.459	0.05838	-0.010	0.398	0.006	0.992	0.519	-24.999	0.292	0.243
-16.0	-1.412	0.04782	-0.012	0.366	0.007	0.992	0.579	-29.530	0.289	0.242
-15.0	-1.358	0.03880	-0.014	0.352	0.008	0.992	0.644	-34.994	0.288	0.240
-14.0	-1.298	0.03066	-0.016	0.343	0.012	0.992	0.724	-42.340	0.285	0.238
-13.0	-1.227	0.02519	-0.018	0.308	0.014	0.992	0.794	-48.682	0.279	0.235
-12.0	-1.141	0.02197	-0.021	0.298	0.015	0.992	0.842	-51.942	0.276	0.232
-11.0	-1.047	0.01964	-0.023	0.270	0.016	0.992	0.882	-53.301	0.274	0.228
-10.0	-0.944	0.01783	-0.025	0.254	0.017	0.991	0.913	-52.959	0.273	0.223
-9.0	-0.834	0.01634	-0.028	0.244	0.019	0.991	0.937	-51.050	0.272	0.217
-8.0	-0.719	0.01514	-0.030	0.213	0.022	0.991	0.954	-47.454	0.271	0.208
-7.0	-0.599	0.01410	-0.033	0.204	0.029	0.990	0.965	-42.495	0.271	0.195
-6.0	-0.477	0.01338	-0.035	0.177	0.031	0.990	0.973	-35.628	0.271	0.176
-5.0	-0.352	0.01284	-0.038	0.165	0.034	0.990	0.978	-27.424	0.270	0.143
-4.0	-0.226	0.01152	-0.040	0.148	0.042	0.989	0.982	-19.622	0.270	0.072
-3.0	-0.099	0.00827	-0.043	0.130	0.051	0.987	0.985	-11.981	0.271	-0.183
-2.0	0.029	0.00826	-0.046	0.123	0.056	0.985	0.988	3.461	0.271	1.844
-1.0	0.157	0.00902	-0.048	0.099	0.073	0.983	0.990	17.376	0.271	0.558
0.0	0.284	0.01241	-0.051	0.091	0.078	0.981	0.991	22.874	0.271	0.429
1.0	0.411	0.01289	-0.054	0.073	0.091	0.978	0.991	31.890	0.271	0.380
2.0	0.537	0.01339	-0.056	0.065	0.107	0.976	0.992	40.141	0.271	0.355
3.0	0.663	0.01409	-0.059	0.054	0.118	0.970	0.993	47.037	0.272	0.339
4.0	0.787	0.01493	-0.062	0.043	0.139	0.964	0.993	52.706	0.272	0.328
5.0	0.909	0.01581	-0.064	0.039	0.150	0.959	0.994	57.520	0.272	0.321
6.0	1.029	0.01695	-0.067	0.030	0.175	0.949	0.994	60.724	0.272	0.315
7.0	1.146	0.01816	-0.070	0.025	0.187	0.939	0.995	63.140	0.273	0.311
8.0	1.260	0.01949	-0.072	0.023	0.214	0.927	0.996	64.654	0.273	0.307
9.0	1.369	0.02103	-0.075	0.021	0.227	0.913	0.996	65.116	0.273	0.305
10.0	1.472	0.02323	-0.077	0.014	0.257	0.893	0.997	63.359	0.274	0.302
11.0	1.569	0.02561	-0.079	0.011	0.271	0.871	0.997	61.254	0.274	0.301
12.0	1.659	0.02845	-0.082	0.011	0.304	0.846	0.997	58.315	0.275	0.299
13.0	1.740	0.03155	-0.084	0.010	0.320	0.819	0.998	55.144	0.277	0.298
14.0	1.810	0.03506	-0.086	0.009	0.353	0.790	0.998	51.621	0.280	0.297
15.0	1.870	0.03929	-0.088	0.009	0.387	0.758	0.998	47.596	0.282	0.297
16.0	1.920	0.04450	-0.089	0.008	0.417	0.724	0.998	43.161	0.284	0.297
17.0	1.955	0.05281	-0.091	0.005	0.453	0.675	0.997	37.020	0.289	0.296
18.0	1.983	0.06136	-0.092	0.003	0.469	0.633	0.998	32.321	0.301	0.296
19.0	2.002	0.07095	-0.093	0.003	0.504	0.593	0.998	28.218	0.323	0.296
20.0	2.013	0.08181	-0.094	0.002	0.525	0.554	0.998	24.601	0.347	0.297

Name = NACA 2421
Mach = 0; Re = 5630000; T.U. = 1.0; T.L. = 1.0
Surface Finish = 2; Stall model = 0; Transition model = 1; Aspect Ratio = 0; ground effect = 0
?	Cl	Cd	Cm 0.25	T.U.	T.L.	S.U.	S.L.	L/D	A.C.	C.P.
[°]	[-]	[-]	[-]	[-]	[-]	[-]	[-]	[-]	[-]	[-]
-20.0	-1.549	0.09681	-0.005	0.451	0.005	0.993	0.382	-16.002	0.327	0.247
-19.0	-1.530	0.08282	-0.006	0.416	0.005	0.993	0.422	-18.470	0.316	0.246
-18.0	-1.501	0.06944	-0.008	0.403	0.006	0.992	0.470	-21.621	0.300	0.245
-17.0	-1.461	0.05764	-0.010	0.387	0.006	0.992	0.523	-25.346	0.292	0.243
-16.0	-1.414	0.04716	-0.012	0.358	0.007	0.992	0.583	-29.972	0.289	0.242
-15.0	-1.359	0.03844	-0.014	0.348	0.007	0.992	0.647	-35.340	0.287	0.240
-14.0	-1.297	0.03082	-0.016	0.321	0.010	0.992	0.721	-42.098	0.285	0.238
-13.0	-1.228	0.02477	-0.018	0.303	0.014	0.992	0.799	-49.576	0.280	0.235
-12.0	-1.142	0.02164	-0.021	0.295	0.015	0.992	0.846	-52.782	0.276	0.232
-11.0	-1.048	0.01940	-0.023	0.261	0.015	0.992	0.885	-54.011	0.274	0.228
-10.0	-0.945	0.01761	-0.025	0.250	0.016	0.991	0.915	-53.637	0.273	0.223
-9.0	-0.834	0.01618	-0.028	0.226	0.018	0.991	0.938	-51.562	0.272	0.217
-8.0	-0.719	0.01500	-0.030	0.209	0.021	0.991	0.955	-47.929	0.271	0.208
-7.0	-0.599	0.01390	-0.033	0.202	0.029	0.990	0.966	-43.118	0.271	0.195
-6.0	-0.477	0.01329	-0.035	0.171	0.031	0.990	0.974	-35.869	0.271	0.176
-5.0	-0.352	0.01263	-0.038	0.162	0.033	0.990	0.979	-27.881	0.270	0.143
-4.0	-0.226	0.00835	-0.040	0.139	0.039	0.989	0.982	-27.071	0.270	0.072
-3.0	-0.099	0.00822	-0.043	0.127	0.050	0.987	0.985	-12.062	0.271	-0.183
-2.0	0.029	0.00822	-0.046	0.113	0.054	0.985	0.988	3.477	0.271	1.844
-1.0	0.157	0.00893	-0.048	0.096	0.067	0.984	0.990	17.546	0.271	0.558
0.0	0.284	0.01220	-0.051	0.090	0.077	0.981	0.991	23.282	0.271	0.429
1.0	0.411	0.01280	-0.054	0.070	0.086	0.979	0.991	32.115	0.271	0.380
2.0	0.537	0.01326	-0.056	0.064	0.105	0.977	0.992	40.544	0.271	0.355
3.0	0.663	0.01403	-0.059	0.049	0.113	0.971	0.993	47.231	0.272	0.339
4.0	0.787	0.01471	-0.062	0.042	0.137	0.965	0.994	53.493	0.272	0.328
5.0	0.909	0.01559	-0.064	0.039	0.146	0.960	0.994	58.347	0.272	0.321
6.0	1.029	0.01677	-0.067	0.028	0.172	0.950	0.995	61.387	0.272	0.315
7.0	1.147	0.01799	-0.070	0.024	0.181	0.940	0.995	63.727	0.273	0.311
8.0	1.261	0.01929	-0.072	0.022	0.212	0.929	0.996	65.359	0.273	0.307
9.0	1.370	0.02079	-0.075	0.021	0.222	0.915	0.996	65.901	0.273	0.305
10.0	1.472	0.02305	-0.077	0.013	0.253	0.894	0.997	63.862	0.274	0.302
11.0	1.569	0.02531	-0.080	0.011	0.265	0.873	0.997	62.002	0.274	0.301
12.0	1.660	0.02814	-0.082	0.010	0.298	0.850	0.997	59.001	0.275	0.299
13.0	1.741	0.03116	-0.084	0.009	0.312	0.822	0.998	55.873	0.277	0.298
14.0	1.811	0.03463	-0.086	0.009	0.348	0.793	0.998	52.303	0.280	0.297
15.0	1.872	0.03882	-0.088	0.009	0.368	0.762	0.998	48.215	0.282	0.297
16.0	1.920	0.04448	-0.089	0.007	0.405	0.724	0.998	43.177	0.284	0.297
17.0	1.956	0.05236	-0.091	0.004	0.448	0.677	0.998	37.360	0.290	0.296
18.0	1.985	0.06055	-0.092	0.003	0.460	0.637	0.998	32.778	0.301	0.296
19.0	2.004	0.07006	-0.093	0.003	0.488	0.597	0.998	28.601	0.324	0.296
20.0	2.014	0.08080	-0.094	0.002	0.512	0.558	0.998	24.930	0.348	0.297

Name = NACA 2421
Mach = 0; Re = 6030000; T.U. = 1.0; T.L. = 1.0
Surface Finish = 2; Stall model = 0; Transition model = 1; Aspect Ratio = 0; ground effect = 0
?	Cl	Cd	Cm 0.25	T.U.	T.L.	S.U.	S.L.	L/D	A.C.	C.P.
[°]	[-]	[-]	[-]	[-]	[-]	[-]	[-]	[-]	[-]	[-]
-20.0	-1.550	0.09605	-0.005	0.436	0.005	0.993	0.385	-16.140	0.332	0.247
-19.0	-1.532	0.08147	-0.006	0.409	0.005	0.993	0.428	-18.803	0.317	0.246
-18.0	-1.503	0.06824	-0.008	0.399	0.006	0.993	0.476	-22.030	0.300	0.245
-17.0	-1.463	0.05660	-0.010	0.369	0.006	0.992	0.529	-25.844	0.292	0.243
-16.0	-1.415	0.04654	-0.012	0.353	0.006	0.992	0.587	-30.398	0.288	0.242
-15.0	-1.360	0.03791	-0.014	0.345	0.007	0.992	0.651	-35.871	0.286	0.240
-14.0	-1.298	0.03071	-0.016	0.311	0.009	0.992	0.722	-42.251	0.285	0.238
-13.0	-1.229	0.02434	-0.018	0.300	0.014	0.992	0.804	-50.510	0.280	0.235
-12.0	-1.143	0.02132	-0.021	0.277	0.015	0.992	0.851	-53.619	0.276	0.232
-11.0	-1.048	0.01916	-0.023	0.256	0.015	0.992	0.888	-54.705	0.274	0.228
-10.0	-0.945	0.01744	-0.025	0.248	0.016	0.991	0.917	-54.190	0.273	0.223
-9.0	-0.835	0.01605	-0.028	0.216	0.018	0.991	0.940	-52.014	0.272	0.217
-8.0	-0.719	0.01492	-0.030	0.206	0.019	0.991	0.955	-48.183	0.271	0.208
-7.0	-0.599	0.01386	-0.033	0.186	0.027	0.990	0.967	-43.231	0.271	0.195
-6.0	-0.477	0.01312	-0.035	0.168	0.030	0.990	0.975	-36.353	0.271	0.176
-5.0	-0.352	0.01259	-0.038	0.161	0.032	0.990	0.979	-27.964	0.270	0.143
-4.0	-0.226	0.00832	-0.040	0.133	0.037	0.989	0.982	-27.192	0.271	0.072
-3.0	-0.099	0.00815	-0.043	0.125	0.050	0.987	0.986	-12.168	0.271	-0.183
-2.0	0.029	0.00812	-0.046	0.105	0.053	0.986	0.989	3.520	0.271	1.844
-1.0	0.157	0.00898	-0.048	0.094	0.062	0.984	0.990	17.453	0.271	0.558
0.0	0.284	0.01220	-0.051	0.083	0.076	0.981	0.991	23.280	0.271	0.429
1.0	0.411	0.01270	-0.054	0.068	0.083	0.979	0.991	32.374	0.271	0.380
2.0	0.537	0.01311	-0.056	0.063	0.104	0.977	0.992	41.000	0.271	0.355
3.0	0.663	0.01388	-0.059	0.046	0.110	0.971	0.993	47.756	0.272	0.339
4.0	0.787	0.01461	-0.062	0.041	0.136	0.966	0.994	53.866	0.272	0.328
5.0	0.910	0.01546	-0.064	0.038	0.142	0.960	0.994	58.840	0.272	0.321
6.0	1.030	0.01665	-0.067	0.027	0.166	0.951	0.995	61.852	0.272	0.315
7.0	1.147	0.01783	-0.070	0.024	0.178	0.941	0.995	64.341	0.273	0.311
8.0	1.261	0.01912	-0.072	0.022	0.198	0.930	0.996	65.964	0.273	0.307
9.0	1.370	0.02072	-0.075	0.018	0.218	0.915	0.996	66.129	0.273	0.305
10.0	1.473	0.02289	-0.077	0.012	0.237	0.896	0.997	64.351	0.274	0.302
11.0	1.570	0.02538	-0.080	0.010	0.261	0.875	0.997	61.859	0.274	0.301
12.0	1.661	0.02780	-0.082	0.010	0.280	0.852	0.997	59.734	0.275	0.299
13.0	1.742	0.03080	-0.084	0.009	0.307	0.825	0.998	56.557	0.277	0.298
14.0	1.813	0.03414	-0.086	0.009	0.330	0.797	0.998	53.094	0.280	0.297
15.0	1.873	0.03823	-0.088	0.009	0.358	0.765	0.998	48.997	0.281	0.297
16.0	1.920	0.04465	-0.089	0.005	0.398	0.722	0.998	42.993	0.284	0.297
17.0	1.957	0.05187	-0.091	0.004	0.423	0.680	0.998	37.739	0.291	0.296
18.0	1.986	0.05984	-0.092	0.003	0.454	0.640	0.998	33.193	0.302	0.296
19.0	2.005	0.06927	-0.093	0.002	0.471	0.600	0.998	28.949	0.324	0.296
20.0	2.016	0.07958	-0.094	0.002	0.505	0.563	0.998	25.338	0.348	0.297

Name = NACA 2421
Mach = 0; Re = 6430000; T.U. = 1.0; T.L. = 1.0
Surface Finish = 2; Stall model = 0; Transition model = 1; Aspect Ratio = 0; ground effect = 0
?	Cl	Cd	Cm 0.25	T.U.	T.L.	S.U.	S.L.	L/D	A.C.	C.P.
[°]	[-]	[-]	[-]	[-]	[-]	[-]	[-]	[-]	[-]	[-]
-20.0	-1.552	0.09479	-0.005	0.420	0.005	0.993	0.390	-16.372	0.333	0.247
-19.0	-1.534	0.08018	-0.006	0.405	0.005	0.993	0.434	-19.128	0.316	0.246
-18.0	-1.504	0.06766	-0.008	0.397	0.005	0.993	0.479	-22.236	0.299	0.245
-17.0	-1.464	0.05602	-0.010	0.361	0.006	0.992	0.533	-26.132	0.292	0.243
-16.0	-1.416	0.04602	-0.012	0.349	0.006	0.992	0.591	-30.768	0.288	0.242
-15.0	-1.361	0.03746	-0.014	0.331	0.007	0.992	0.655	-36.328	0.286	0.240
-14.0	-1.298	0.03044	-0.016	0.305	0.008	0.993	0.725	-42.653	0.284	0.238
-13.0	-1.228	0.02464	-0.018	0.297	0.012	0.992	0.799	-49.824	0.280	0.235
-12.0	-1.144	0.02113	-0.021	0.266	0.014	0.992	0.854	-54.156	0.276	0.232
-11.0	-1.049	0.01895	-0.023	0.253	0.015	0.992	0.891	-55.352	0.274	0.228
-10.0	-0.945	0.01723	-0.025	0.240	0.016	0.991	0.920	-54.889	0.272	0.223
-9.0	-0.835	0.01588	-0.028	0.211	0.017	0.991	0.941	-52.569	0.272	0.217
-8.0	-0.719	0.01476	-0.030	0.204	0.019	0.991	0.957	-48.718	0.271	0.208
-7.0	-0.599	0.01382	-0.033	0.176	0.025	0.991	0.967	-43.358	0.271	0.195
-6.0	-0.477	0.01305	-0.035	0.166	0.030	0.990	0.976	-36.554	0.271	0.176
-5.0	-0.352	0.01244	-0.038	0.151	0.032	0.990	0.979	-28.304	0.270	0.143
-4.0	-0.226	0.00825	-0.040	0.131	0.035	0.989	0.983	-27.424	0.270	0.072
-3.0	-0.099	0.00809	-0.043	0.124	0.049	0.988	0.986	-12.253	0.271	-0.183
-2.0	0.029	0.00812	-0.046	0.100	0.052	0.986	0.989	3.519	0.271	1.844
-1.0	0.157	0.00881	-0.048	0.092	0.059	0.984	0.990	17.775	0.271	0.558
0.0	0.284	0.00885	-0.051	0.076	0.075	0.982	0.991	32.104	0.271	0.429
1.0	0.411	0.01256	-0.054	0.066	0.080	0.979	0.992	32.719	0.271	0.380
2.0	0.538	0.01297	-0.056	0.062	0.103	0.977	0.992	41.459	0.271	0.355
3.0	0.663	0.01380	-0.059	0.045	0.108	0.972	0.993	48.041	0.272	0.339
4.0	0.787	0.01452	-0.062	0.040	0.127	0.967	0.994	54.199	0.272	0.328
5.0	0.910	0.01534	-0.064	0.034	0.140	0.961	0.994	59.291	0.272	0.321
6.0	1.030	0.01655	-0.067	0.025	0.155	0.952	0.995	62.249	0.272	0.315
7.0	1.147	0.01761	-0.070	0.023	0.176	0.942	0.996	65.126	0.273	0.311
8.0	1.262	0.01891	-0.072	0.022	0.190	0.932	0.996	66.726	0.273	0.307
9.0	1.370	0.02061	-0.075	0.016	0.216	0.916	0.996	66.487	0.273	0.305
10.0	1.473	0.02266	-0.077	0.011	0.228	0.897	0.997	65.027	0.274	0.302
11.0	1.571	0.02510	-0.080	0.010	0.258	0.877	0.997	62.572	0.275	0.301
12.0	1.662	0.02753	-0.082	0.010	0.271	0.854	0.997	60.357	0.276	0.299
13.0	1.743	0.03042	-0.084	0.009	0.304	0.828	0.998	57.293	0.278	0.298
14.0	1.814	0.03371	-0.086	0.009	0.318	0.800	0.998	53.803	0.280	0.297
15.0	1.875	0.03773	-0.088	0.009	0.352	0.769	0.998	49.691	0.281	0.297
16.0	1.920	0.04459	-0.089	0.004	0.379	0.722	0.998	43.060	0.284	0.297
17.0	1.958	0.05145	-0.091	0.003	0.410	0.682	0.998	38.061	0.291	0.296
18.0	1.988	0.05915	-0.092	0.003	0.450	0.644	0.998	33.602	0.302	0.296
19.0	2.007	0.06848	-0.093	0.002	0.462	0.603	0.998	29.301	0.325	0.296
20.0	2.018	0.07876	-0.094	0.002	0.500	0.566	0.998	25.620	0.348	0.297


