Name = NACA 2424
Mach = 0; Re = 30000; T.U. = 1.0; T.L. = 1.0
Surface Finish = 2; Stall model = 0; Transition model = 1; Aspect Ratio = 0; ground effect = 0
?	Cl	Cd	Cm 0.25	T.U.	T.L.	S.U.	S.L.	L/D	A.C.	C.P.
[°]	[-]	[-]	[-]	[-]	[-]	[-]	[-]	[-]	[-]	[-]
-20.0	-1.545	0.26676	0.002	0.886	0.034	0.939	0.064	-5.791	0.275	0.251
-19.0	-1.498	0.24292	0.001	0.878	0.036	0.936	0.070	-6.166	0.274	0.250
-18.0	-1.444	0.21956	-0.001	0.867	0.039	0.932	0.074	-6.577	0.273	0.250
-17.0	-1.386	0.19797	-0.002	0.854	0.042	0.927	0.084	-6.999	0.273	0.249
-16.0	-1.321	0.17790	-0.003	0.842	0.046	0.922	0.095	-7.426	0.272	0.247
-15.0	-1.250	0.15919	-0.005	0.828	0.051	0.918	0.104	-7.853	0.273	0.246
-14.0	-1.176	0.14224	-0.007	0.811	0.056	0.914	0.122	-8.267	0.273	0.244
-13.0	-1.096	0.12657	-0.009	0.796	0.062	0.908	0.140	-8.658	0.274	0.242
-12.0	-1.011	0.11221	-0.011	0.773	0.069	0.905	0.166	-9.012	0.275	0.240
-11.0	-0.923	0.09958	-0.013	0.753	0.079	0.897	0.194	-9.265	0.276	0.236
-10.0	-0.831	0.08803	-0.015	0.725	0.090	0.894	0.230	-9.442	0.277	0.232
-9.0	-0.737	0.07769	-0.018	0.698	0.102	0.888	0.273	-9.483	0.278	0.226
-8.0	-0.638	0.06906	-0.021	0.666	0.119	0.884	0.317	-9.242	0.279	0.218
-7.0	-0.537	0.06131	-0.024	0.632	0.137	0.880	0.378	-8.762	0.282	0.206
-6.0	-0.434	0.05448	-0.027	0.596	0.158	0.874	0.462	-7.965	0.283	0.187
-5.0	-0.325	0.04934	-0.031	0.558	0.182	0.868	0.545	-6.592	0.282	0.155
-4.0	-0.211	0.04553	-0.034	0.517	0.207	0.861	0.632	-4.644	0.281	0.087
-3.0	-0.092	0.04300	-0.038	0.476	0.236	0.852	0.716	-2.150	0.280	-0.161
-2.0	0.031	0.04157	-0.042	0.441	0.267	0.837	0.787	0.755	0.277	1.574
-1.0	0.159	0.04097	-0.045	0.419	0.300	0.807	0.840	3.869	0.275	0.532
0.0	0.281	0.04189	-0.048	0.400	0.340	0.769	0.874	6.705	0.273	0.420
1.0	0.402	0.04293	-0.050	0.375	0.405	0.736	0.885	9.373	0.272	0.375
2.0	0.521	0.04458	-0.053	0.353	0.475	0.696	0.886	11.685	0.272	0.351
3.0	0.637	0.04676	-0.056	0.327	0.517	0.662	0.902	13.631	0.272	0.337
4.0	0.751	0.04959	-0.058	0.301	0.561	0.627	0.911	15.151	0.272	0.327
5.0	0.864	0.05301	-0.061	0.273	0.609	0.599	0.917	16.291	0.272	0.320
6.0	0.972	0.05727	-0.063	0.247	0.659	0.566	0.920	16.975	0.271	0.315
7.0	1.078	0.06233	-0.065	0.219	0.707	0.538	0.922	17.302	0.271	0.310
8.0	1.181	0.06839	-0.067	0.193	0.751	0.509	0.922	17.271	0.271	0.307
9.0	1.279	0.07551	-0.069	0.168	0.785	0.479	0.926	16.943	0.271	0.304
10.0	1.374	0.08379	-0.071	0.144	0.812	0.449	0.931	16.393	0.271	0.302
11.0	1.464	0.09332	-0.073	0.122	0.837	0.422	0.934	15.691	0.270	0.300
12.0	1.545	0.10489	-0.075	0.104	0.855	0.387	0.937	14.733	0.268	0.298
13.0	1.621	0.11790	-0.076	0.087	0.873	0.354	0.940	13.751	0.263	0.297
14.0	1.686	0.13405	-0.077	0.075	0.884	0.308	0.945	12.577	0.256	0.295
15.0	1.745	0.15221	-0.077	0.064	0.897	0.263	0.949	11.462	0.250	0.294
16.0	1.798	0.17266	-0.077	0.055	0.908	0.222	0.953	10.412	0.240	0.293
17.0	1.842	0.19519	-0.076	0.049	0.914	0.180	0.958	9.436	0.227	0.291
18.0	1.878	0.21975	-0.075	0.044	0.922	0.146	0.959	8.546	0.226	0.290
19.0	1.910	0.24465	-0.074	0.040	0.931	0.122	0.962	7.809	0.237	0.289
20.0	1.939	0.27099	-0.074	0.035	0.935	0.105	0.964	7.155	0.245	0.288

Name = NACA 2424
Mach = 0; Re = 430000; T.U. = 1.0; T.L. = 1.0
Surface Finish = 2; Stall model = 0; Transition model = 1; Aspect Ratio = 0; ground effect = 0
?	Cl	Cd	Cm 0.25	T.U.	T.L.	S.U.	S.L.	L/D	A.C.	C.P.
[°]	[-]	[-]	[-]	[-]	[-]	[-]	[-]	[-]	[-]	[-]
-20.0	-1.644	0.12678	0.003	0.803	0.024	0.990	0.325	-12.969	0.289	0.252
-19.0	-1.602	0.11088	0.001	0.780	0.027	0.990	0.354	-14.452	0.288	0.251
-18.0	-1.556	0.09593	-0.001	0.760	0.030	0.990	0.389	-16.216	0.286	0.250
-17.0	-1.502	0.08261	-0.003	0.733	0.032	0.989	0.428	-18.185	0.285	0.248
-16.0	-1.442	0.07076	-0.005	0.710	0.034	0.989	0.471	-20.385	0.283	0.247
-15.0	-1.376	0.06032	-0.007	0.677	0.036	0.988	0.517	-22.810	0.282	0.245
-14.0	-1.303	0.05109	-0.009	0.649	0.040	0.987	0.567	-25.503	0.282	0.243
-13.0	-1.223	0.04316	-0.012	0.617	0.045	0.986	0.621	-28.340	0.281	0.240
-12.0	-1.136	0.03645	-0.014	0.582	0.051	0.985	0.679	-31.158	0.279	0.237
-11.0	-1.041	0.03154	-0.017	0.551	0.055	0.984	0.731	-32.995	0.279	0.234
-10.0	-0.940	0.02957	-0.020	0.514	0.061	0.983	0.781	-31.777	0.278	0.229
-9.0	-0.832	0.02667	-0.023	0.476	0.070	0.981	0.828	-31.210	0.277	0.223
-8.0	-0.719	0.02454	-0.026	0.442	0.080	0.980	0.865	-29.301	0.276	0.214
-7.0	-0.600	0.02285	-0.029	0.419	0.091	0.979	0.893	-26.280	0.275	0.202
-6.0	-0.478	0.02151	-0.032	0.402	0.105	0.977	0.916	-22.226	0.275	0.183
-5.0	-0.353	0.02058	-0.035	0.377	0.119	0.975	0.934	-17.160	0.275	0.151
-4.0	-0.226	0.01984	-0.038	0.357	0.137	0.972	0.946	-11.384	0.275	0.081
-3.0	-0.097	0.01941	-0.041	0.337	0.154	0.968	0.956	-5.006	0.274	-0.176
-2.0	0.033	0.01917	-0.045	0.311	0.175	0.964	0.963	1.697	0.274	1.618
-1.0	0.163	0.01910	-0.048	0.292	0.195	0.960	0.969	8.524	0.275	0.543
0.0	0.292	0.01936	-0.051	0.265	0.219	0.954	0.975	15.073	0.275	0.424
1.0	0.420	0.01974	-0.054	0.246	0.243	0.947	0.977	21.297	0.275	0.379
2.0	0.548	0.02040	-0.057	0.220	0.269	0.939	0.980	26.857	0.275	0.355
3.0	0.674	0.02112	-0.060	0.201	0.300	0.931	0.982	31.924	0.275	0.340
4.0	0.799	0.02021	-0.064	0.177	0.329	0.918	0.984	39.505	0.275	0.330
5.0	0.921	0.02165	-0.067	0.159	0.370	0.906	0.986	42.552	0.275	0.322
6.0	1.041	0.02351	-0.070	0.137	0.431	0.888	0.988	44.262	0.276	0.317
7.0	1.157	0.02604	-0.073	0.121	0.468	0.870	0.990	44.436	0.275	0.313
8.0	1.270	0.02865	-0.076	0.103	0.502	0.847	0.990	44.318	0.276	0.310
9.0	1.377	0.03146	-0.078	0.090	0.536	0.822	0.990	43.786	0.276	0.307
10.0	1.480	0.03495	-0.081	0.076	0.575	0.794	0.991	42.348	0.276	0.305
11.0	1.577	0.03893	-0.084	0.066	0.618	0.764	0.991	40.513	0.276	0.303
12.0	1.667	0.04359	-0.086	0.057	0.662	0.731	0.992	38.231	0.277	0.302
13.0	1.749	0.04912	-0.088	0.049	0.707	0.697	0.992	35.612	0.278	0.300
14.0	1.826	0.05541	-0.090	0.044	0.748	0.664	0.992	32.947	0.279	0.299
15.0	1.895	0.06253	-0.092	0.039	0.780	0.630	0.993	30.304	0.279	0.299
16.0	1.957	0.07127	-0.094	0.034	0.808	0.595	0.993	27.454	0.281	0.298
17.0	2.010	0.08092	-0.096	0.030	0.835	0.562	0.993	24.840	0.285	0.298
18.0	2.052	0.09180	-0.098	0.026	0.853	0.530	0.993	22.350	0.292	0.298
19.0	2.086	0.10328	-0.099	0.025	0.873	0.501	0.993	20.199	0.300	0.297
20.0	2.112	0.11650	-0.101	0.022	0.885	0.472	0.993	18.128	0.305	0.298

Name = NACA 2424
Mach = 0; Re = 830000; T.U. = 1.0; T.L. = 1.0
Surface Finish = 2; Stall model = 0; Transition model = 1; Aspect Ratio = 0; ground effect = 0
?	Cl	Cd	Cm 0.25	T.U.	T.L.	S.U.	S.L.	L/D	A.C.	C.P.
[°]	[-]	[-]	[-]	[-]	[-]	[-]	[-]	[-]	[-]	[-]
-20.0	-1.659	0.11237	0.003	0.739	0.020	0.991	0.365	-14.765	0.289	0.252
-19.0	-1.617	0.09861	0.001	0.714	0.021	0.991	0.393	-16.398	0.289	0.251
-18.0	-1.571	0.08501	-0.001	0.684	0.022	0.991	0.432	-18.477	0.288	0.250
-17.0	-1.518	0.07235	-0.003	0.659	0.025	0.990	0.475	-20.985	0.286	0.248
-16.0	-1.460	0.06083	-0.005	0.623	0.029	0.990	0.524	-23.993	0.284	0.247
-15.0	-1.392	0.05166	-0.007	0.593	0.031	0.990	0.571	-26.951	0.282	0.245
-14.0	-1.318	0.04374	-0.009	0.561	0.033	0.989	0.619	-30.125	0.281	0.243
-13.0	-1.236	0.03728	-0.012	0.525	0.036	0.988	0.669	-33.148	0.280	0.240
-12.0	-1.146	0.03186	-0.014	0.494	0.039	0.987	0.722	-35.972	0.279	0.237
-11.0	-1.050	0.02753	-0.017	0.456	0.045	0.986	0.773	-38.138	0.278	0.234
-10.0	-0.947	0.02419	-0.020	0.427	0.051	0.984	0.819	-39.147	0.277	0.229
-9.0	-0.837	0.02380	-0.023	0.408	0.056	0.983	0.856	-35.178	0.276	0.223
-8.0	-0.722	0.02195	-0.026	0.393	0.064	0.982	0.887	-32.913	0.276	0.214
-7.0	-0.603	0.02052	-0.029	0.366	0.075	0.981	0.912	-29.379	0.275	0.202
-6.0	-0.480	0.01948	-0.032	0.349	0.083	0.979	0.931	-24.613	0.275	0.183
-5.0	-0.354	0.01868	-0.035	0.324	0.096	0.978	0.944	-18.944	0.275	0.151
-4.0	-0.226	0.01806	-0.038	0.303	0.110	0.976	0.955	-12.528	0.274	0.081
-3.0	-0.097	0.01773	-0.041	0.281	0.125	0.972	0.962	-5.486	0.274	-0.176
-2.0	0.033	0.01755	-0.045	0.258	0.143	0.968	0.968	1.855	0.274	1.619
-1.0	0.163	0.01752	-0.048	0.239	0.159	0.964	0.974	9.300	0.275	0.543
0.0	0.292	0.01780	-0.051	0.215	0.180	0.960	0.977	16.411	0.275	0.425
1.0	0.421	0.01814	-0.054	0.198	0.200	0.954	0.980	23.202	0.275	0.379
2.0	0.549	0.01877	-0.057	0.174	0.223	0.946	0.982	29.230	0.275	0.355
3.0	0.675	0.01728	-0.061	0.159	0.247	0.938	0.985	39.068	0.275	0.340
4.0	0.800	0.01862	-0.064	0.136	0.271	0.927	0.986	42.965	0.275	0.330
5.0	0.923	0.01993	-0.067	0.123	0.302	0.915	0.988	46.314	0.276	0.322
6.0	1.043	0.02214	-0.070	0.103	0.328	0.901	0.989	47.122	0.276	0.317
7.0	1.161	0.02391	-0.073	0.092	0.365	0.884	0.990	48.552	0.276	0.313
8.0	1.274	0.02612	-0.076	0.076	0.417	0.863	0.990	48.787	0.276	0.310
9.0	1.383	0.02855	-0.079	0.066	0.459	0.841	0.991	48.432	0.276	0.307
10.0	1.487	0.03149	-0.081	0.058	0.489	0.817	0.992	47.225	0.276	0.305
11.0	1.585	0.03509	-0.084	0.049	0.519	0.788	0.992	45.186	0.277	0.303
12.0	1.677	0.03898	-0.087	0.043	0.558	0.759	0.993	43.010	0.278	0.302
13.0	1.761	0.04350	-0.089	0.039	0.598	0.729	0.993	40.484	0.278	0.301
14.0	1.838	0.04937	-0.091	0.032	0.638	0.695	0.993	37.220	0.279	0.300
15.0	1.907	0.05592	-0.093	0.028	0.679	0.661	0.994	34.107	0.281	0.299
16.0	1.971	0.06313	-0.095	0.026	0.721	0.629	0.995	31.220	0.283	0.298
17.0	2.026	0.07115	-0.097	0.024	0.759	0.598	0.995	28.471	0.287	0.298
18.0	2.068	0.08045	-0.099	0.022	0.794	0.566	0.996	25.709	0.295	0.298
19.0	2.103	0.09041	-0.101	0.020	0.818	0.538	0.996	23.266	0.302	0.298
20.0	2.128	0.10342	-0.102	0.017	0.841	0.504	0.996	20.572	0.306	0.298

Name = NACA 2424
Mach = 0; Re = 1230000; T.U. = 1.0; T.L. = 1.0
Surface Finish = 2; Stall model = 0; Transition model = 1; Aspect Ratio = 0; ground effect = 0
?	Cl	Cd	Cm 0.25	T.U.	T.L.	S.U.	S.L.	L/D	A.C.	C.P.
[°]	[-]	[-]	[-]	[-]	[-]	[-]	[-]	[-]	[-]	[-]
-20.0	-1.667	0.10488	0.003	0.685	0.017	0.991	0.386	-15.899	0.291	0.252
-19.0	-1.627	0.09142	0.001	0.661	0.018	0.991	0.419	-17.793	0.289	0.251
-18.0	-1.579	0.07908	-0.001	0.625	0.019	0.991	0.456	-19.968	0.287	0.250
-17.0	-1.525	0.06786	-0.003	0.598	0.021	0.991	0.495	-22.474	0.285	0.248
-16.0	-1.465	0.05756	-0.005	0.565	0.023	0.990	0.541	-25.451	0.285	0.247
-15.0	-1.399	0.04803	-0.007	0.531	0.027	0.990	0.594	-29.135	0.283	0.245
-14.0	-1.326	0.04027	-0.009	0.504	0.031	0.990	0.649	-32.933	0.281	0.243
-13.0	-1.243	0.03415	-0.012	0.463	0.033	0.989	0.697	-36.404	0.280	0.240
-12.0	-1.152	0.02948	-0.015	0.433	0.035	0.988	0.746	-39.078	0.278	0.237
-11.0	-1.054	0.02578	-0.017	0.412	0.038	0.987	0.792	-40.882	0.278	0.234
-10.0	-0.950	0.02267	-0.020	0.399	0.044	0.986	0.835	-41.907	0.277	0.229
-9.0	-0.840	0.02030	-0.023	0.371	0.051	0.984	0.872	-41.377	0.276	0.223
-8.0	-0.724	0.02077	-0.026	0.354	0.055	0.983	0.898	-34.865	0.275	0.214
-7.0	-0.604	0.01953	-0.029	0.334	0.063	0.982	0.920	-30.916	0.275	0.202
-6.0	-0.480	0.01851	-0.032	0.309	0.075	0.980	0.937	-25.951	0.275	0.183
-5.0	-0.354	0.01773	-0.035	0.295	0.082	0.979	0.949	-19.983	0.274	0.151
-4.0	-0.226	0.01723	-0.038	0.265	0.095	0.978	0.959	-13.141	0.274	0.081
-3.0	-0.097	0.01692	-0.041	0.250	0.109	0.975	0.965	-5.754	0.274	-0.176
-2.0	0.033	0.01684	-0.045	0.225	0.123	0.970	0.971	1.935	0.274	1.620
-1.0	0.163	0.01680	-0.048	0.207	0.140	0.967	0.976	9.703	0.275	0.543
0.0	0.292	0.01701	-0.051	0.186	0.156	0.962	0.979	17.184	0.275	0.425
1.0	0.421	0.01737	-0.054	0.168	0.177	0.958	0.982	24.244	0.275	0.379
2.0	0.549	0.01572	-0.057	0.149	0.195	0.950	0.983	34.929	0.275	0.355
3.0	0.676	0.01667	-0.061	0.131	0.218	0.942	0.986	40.530	0.275	0.340
4.0	0.801	0.01774	-0.064	0.117	0.239	0.933	0.988	45.164	0.275	0.330
5.0	0.924	0.01969	-0.067	0.099	0.265	0.921	0.989	46.927	0.276	0.322
6.0	1.045	0.02104	-0.070	0.090	0.291	0.909	0.990	49.681	0.276	0.317
7.0	1.162	0.02296	-0.073	0.073	0.316	0.891	0.990	50.614	0.276	0.313
8.0	1.277	0.02484	-0.076	0.064	0.352	0.873	0.991	51.398	0.276	0.310
9.0	1.386	0.02716	-0.079	0.055	0.391	0.852	0.991	51.023	0.276	0.307
10.0	1.490	0.02994	-0.082	0.046	0.448	0.828	0.992	49.786	0.277	0.305
11.0	1.590	0.03301	-0.084	0.041	0.468	0.803	0.993	48.176	0.277	0.303
12.0	1.682	0.03648	-0.087	0.038	0.501	0.776	0.993	46.115	0.278	0.302
13.0	1.766	0.04128	-0.089	0.030	0.529	0.742	0.993	42.782	0.279	0.301
14.0	1.844	0.04645	-0.092	0.026	0.566	0.711	0.994	39.701	0.280	0.300
15.0	1.915	0.05229	-0.094	0.024	0.608	0.679	0.995	36.617	0.281	0.299
16.0	1.979	0.05872	-0.096	0.022	0.649	0.649	0.995	33.711	0.284	0.298
17.0	2.035	0.06611	-0.098	0.021	0.688	0.618	0.996	30.782	0.288	0.298
18.0	2.077	0.07528	-0.100	0.018	0.726	0.585	0.996	27.586	0.294	0.298
19.0	2.109	0.08617	-0.101	0.015	0.762	0.551	0.997	24.479	0.302	0.298
20.0	2.134	0.09815	-0.103	0.013	0.796	0.519	0.997	21.747	0.309	0.298

Name = NACA 2424
Mach = 0; Re = 1630000; T.U. = 1.0; T.L. = 1.0
Surface Finish = 2; Stall model = 0; Transition model = 1; Aspect Ratio = 0; ground effect = 0
?	Cl	Cd	Cm 0.25	T.U.	T.L.	S.U.	S.L.	L/D	A.C.	C.P.
[°]	[-]	[-]	[-]	[-]	[-]	[-]	[-]	[-]	[-]	[-]
-20.0	-1.674	0.09941	0.003	0.641	0.017	0.991	0.404	-16.840	0.291	0.252
-19.0	-1.633	0.08659	0.001	0.613	0.017	0.991	0.437	-18.861	0.289	0.251
-18.0	-1.585	0.07506	-0.001	0.579	0.017	0.991	0.472	-21.120	0.287	0.250
-17.0	-1.531	0.06449	-0.003	0.556	0.018	0.991	0.511	-23.732	0.285	0.248
-16.0	-1.470	0.05479	-0.005	0.518	0.020	0.990	0.556	-26.825	0.284	0.247
-15.0	-1.403	0.04623	-0.007	0.488	0.022	0.990	0.605	-30.340	0.283	0.245
-14.0	-1.330	0.03867	-0.009	0.454	0.026	0.990	0.661	-34.377	0.282	0.243
-13.0	-1.248	0.03252	-0.012	0.423	0.031	0.990	0.716	-38.386	0.280	0.240
-12.0	-1.156	0.02778	-0.015	0.406	0.033	0.989	0.764	-41.627	0.278	0.237
-11.0	-1.057	0.02451	-0.017	0.393	0.034	0.988	0.805	-43.117	0.277	0.234
-10.0	-0.952	0.02183	-0.020	0.364	0.038	0.986	0.845	-43.615	0.277	0.229
-9.0	-0.841	0.01953	-0.023	0.350	0.045	0.985	0.880	-43.084	0.276	0.222
-8.0	-0.725	0.01776	-0.026	0.324	0.051	0.984	0.907	-40.840	0.275	0.214
-7.0	-0.604	0.01883	-0.029	0.304	0.056	0.983	0.926	-32.099	0.275	0.202
-6.0	-0.481	0.01792	-0.032	0.288	0.064	0.981	0.941	-26.816	0.275	0.183
-5.0	-0.355	0.01721	-0.035	0.261	0.076	0.980	0.953	-20.601	0.274	0.151
-4.0	-0.227	0.01664	-0.038	0.248	0.084	0.979	0.961	-13.611	0.274	0.081
-3.0	-0.097	0.01645	-0.042	0.220	0.099	0.976	0.968	-5.920	0.274	-0.176
-2.0	0.033	0.01628	-0.045	0.206	0.111	0.973	0.974	2.002	0.274	1.621
-1.0	0.163	0.01635	-0.048	0.182	0.126	0.968	0.977	9.973	0.275	0.544
0.0	0.292	0.01655	-0.051	0.166	0.143	0.964	0.980	17.668	0.275	0.425
1.0	0.421	0.01694	-0.054	0.148	0.159	0.960	0.982	24.876	0.275	0.379
2.0	0.549	0.01528	-0.057	0.130	0.179	0.952	0.985	35.937	0.275	0.355
3.0	0.676	0.01615	-0.061	0.117	0.197	0.945	0.987	41.856	0.275	0.340
4.0	0.802	0.01733	-0.064	0.099	0.219	0.936	0.989	46.246	0.276	0.330
5.0	0.925	0.01899	-0.067	0.090	0.240	0.925	0.989	48.692	0.276	0.322
6.0	1.046	0.02054	-0.070	0.073	0.264	0.912	0.990	50.908	0.276	0.317
7.0	1.164	0.02206	-0.073	0.065	0.289	0.897	0.991	52.738	0.276	0.313
8.0	1.278	0.02404	-0.076	0.055	0.315	0.880	0.991	53.184	0.276	0.310
9.0	1.388	0.02628	-0.079	0.046	0.350	0.858	0.992	52.815	0.277	0.307
10.0	1.493	0.02877	-0.082	0.041	0.383	0.837	0.993	51.913	0.277	0.305
11.0	1.594	0.03149	-0.085	0.038	0.433	0.813	0.993	50.608	0.277	0.303
12.0	1.685	0.03541	-0.087	0.030	0.462	0.783	0.993	47.582	0.278	0.302
13.0	1.770	0.03961	-0.090	0.026	0.490	0.754	0.994	44.693	0.279	0.301
14.0	1.849	0.04428	-0.092	0.023	0.517	0.723	0.994	41.741	0.280	0.300
15.0	1.921	0.04966	-0.094	0.022	0.555	0.693	0.995	38.671	0.282	0.299
16.0	1.985	0.05562	-0.096	0.021	0.591	0.663	0.996	35.698	0.284	0.298
17.0	2.040	0.06365	-0.098	0.017	0.628	0.629	0.996	32.045	0.287	0.298
18.0	2.080	0.07309	-0.100	0.014	0.668	0.593	0.997	28.461	0.295	0.298
19.0	2.115	0.08271	-0.102	0.012	0.709	0.562	0.997	25.570	0.304	0.298
20.0	2.140	0.09396	-0.103	0.011	0.750	0.532	0.997	22.780	0.310	0.298

Name = NACA 2424
Mach = 0; Re = 2030000; T.U. = 1.0; T.L. = 1.0
Surface Finish = 2; Stall model = 0; Transition model = 1; Aspect Ratio = 0; ground effect = 0
?	Cl	Cd	Cm 0.25	T.U.	T.L.	S.U.	S.L.	L/D	A.C.	C.P.
[°]	[-]	[-]	[-]	[-]	[-]	[-]	[-]	[-]	[-]	[-]
-20.0	-1.679	0.09531	0.003	0.609	0.016	0.991	0.418	-17.621	0.291	0.252
-19.0	-1.638	0.08300	0.001	0.572	0.016	0.991	0.451	-19.741	0.290	0.251
-18.0	-1.590	0.07189	-0.001	0.547	0.017	0.991	0.487	-22.121	0.287	0.250
-17.0	-1.536	0.06155	-0.003	0.513	0.017	0.991	0.527	-24.951	0.285	0.248
-16.0	-1.474	0.05258	-0.005	0.480	0.018	0.990	0.569	-28.034	0.284	0.247
-15.0	-1.406	0.04463	-0.007	0.452	0.020	0.991	0.616	-31.508	0.283	0.245
-14.0	-1.332	0.03763	-0.009	0.420	0.022	0.990	0.668	-35.390	0.282	0.243
-13.0	-1.251	0.03143	-0.012	0.405	0.028	0.990	0.726	-39.803	0.280	0.240
-12.0	-1.159	0.02657	-0.015	0.388	0.031	0.990	0.777	-43.643	0.278	0.237
-11.0	-1.060	0.02359	-0.017	0.362	0.032	0.988	0.817	-44.918	0.277	0.234
-10.0	-0.954	0.02106	-0.020	0.349	0.035	0.987	0.853	-45.285	0.276	0.229
-9.0	-0.842	0.01907	-0.023	0.322	0.039	0.986	0.885	-44.162	0.276	0.222
-8.0	-0.726	0.01720	-0.026	0.303	0.049	0.985	0.912	-42.210	0.275	0.214
-7.0	-0.605	0.01603	-0.029	0.287	0.053	0.983	0.931	-37.749	0.275	0.202
-6.0	-0.481	0.01755	-0.032	0.260	0.058	0.982	0.944	-27.401	0.275	0.183
-5.0	-0.355	0.01672	-0.035	0.248	0.069	0.981	0.956	-21.215	0.274	0.151
-4.0	-0.227	0.01631	-0.038	0.220	0.079	0.979	0.963	-13.894	0.274	0.081
-3.0	-0.097	0.01606	-0.042	0.206	0.087	0.977	0.970	-6.066	0.274	-0.176
-2.0	0.033	0.01594	-0.045	0.185	0.105	0.974	0.976	2.046	0.274	1.621
-1.0	0.163	0.01601	-0.048	0.168	0.114	0.970	0.978	10.182	0.275	0.544
0.0	0.292	0.01613	-0.051	0.152	0.135	0.965	0.981	18.135	0.275	0.425
1.0	0.421	0.01419	-0.054	0.132	0.146	0.961	0.983	29.704	0.275	0.379
2.0	0.550	0.01483	-0.058	0.123	0.167	0.955	0.986	37.059	0.275	0.355
3.0	0.676	0.01591	-0.061	0.101	0.182	0.947	0.988	42.518	0.275	0.340
4.0	0.802	0.01736	-0.064	0.092	0.204	0.939	0.990	46.187	0.276	0.330
5.0	0.925	0.01866	-0.067	0.076	0.223	0.928	0.990	49.585	0.276	0.322
6.0	1.047	0.01998	-0.070	0.067	0.247	0.915	0.990	52.371	0.276	0.317
7.0	1.165	0.02146	-0.073	0.060	0.267	0.902	0.991	54.281	0.276	0.313
8.0	1.279	0.02348	-0.076	0.047	0.297	0.883	0.991	54.488	0.276	0.310
9.0	1.390	0.02548	-0.079	0.042	0.317	0.865	0.992	54.529	0.277	0.307
10.0	1.495	0.02775	-0.082	0.039	0.352	0.844	0.993	53.888	0.277	0.305
11.0	1.595	0.03092	-0.085	0.031	0.386	0.818	0.993	51.597	0.277	0.303
12.0	1.688	0.03433	-0.087	0.026	0.431	0.790	0.994	49.151	0.278	0.302
13.0	1.773	0.03820	-0.090	0.023	0.460	0.762	0.994	46.416	0.279	0.301
14.0	1.853	0.04261	-0.092	0.022	0.486	0.733	0.995	43.476	0.281	0.300
15.0	1.925	0.04769	-0.094	0.020	0.514	0.704	0.995	40.363	0.282	0.299
16.0	1.988	0.05438	-0.096	0.017	0.553	0.669	0.996	36.559	0.283	0.299
17.0	2.042	0.06217	-0.098	0.014	0.583	0.635	0.996	32.852	0.288	0.298
18.0	2.084	0.07073	-0.100	0.012	0.620	0.602	0.997	29.470	0.296	0.298
19.0	2.119	0.08004	-0.102	0.011	0.661	0.572	0.997	26.477	0.305	0.298
20.0	2.145	0.09038	-0.103	0.010	0.704	0.542	0.997	23.735	0.311	0.298

Name = NACA 2424
Mach = 0; Re = 2430000; T.U. = 1.0; T.L. = 1.0
Surface Finish = 2; Stall model = 0; Transition model = 1; Aspect Ratio = 0; ground effect = 0
?	Cl	Cd	Cm 0.25	T.U.	T.L.	S.U.	S.L.	L/D	A.C.	C.P.
[°]	[-]	[-]	[-]	[-]	[-]	[-]	[-]	[-]	[-]	[-]
-20.0	-1.684	0.09190	0.003	0.571	0.015	0.992	0.430	-18.326	0.292	0.252
-19.0	-1.643	0.07993	0.001	0.546	0.016	0.991	0.464	-20.555	0.289	0.251
-18.0	-1.594	0.06951	-0.001	0.512	0.016	0.991	0.497	-22.931	0.287	0.250
-17.0	-1.540	0.05945	-0.003	0.482	0.017	0.991	0.539	-25.899	0.285	0.248
-16.0	-1.478	0.05067	-0.005	0.453	0.017	0.991	0.581	-29.170	0.284	0.247
-15.0	-1.409	0.04312	-0.007	0.421	0.018	0.991	0.627	-32.686	0.282	0.245
-14.0	-1.334	0.03663	-0.010	0.405	0.020	0.990	0.676	-36.422	0.281	0.243
-13.0	-1.252	0.03094	-0.012	0.392	0.023	0.990	0.730	-40.467	0.280	0.240
-12.0	-1.162	0.02604	-0.015	0.362	0.030	0.990	0.788	-44.621	0.278	0.237
-11.0	-1.062	0.02278	-0.017	0.350	0.031	0.989	0.826	-46.607	0.277	0.234
-10.0	-0.955	0.02045	-0.020	0.324	0.033	0.988	0.861	-46.722	0.276	0.229
-9.0	-0.843	0.01862	-0.023	0.304	0.036	0.986	0.890	-45.287	0.276	0.222
-8.0	-0.727	0.01694	-0.026	0.294	0.042	0.985	0.914	-42.896	0.275	0.214
-7.0	-0.605	0.01565	-0.029	0.262	0.051	0.984	0.934	-38.690	0.275	0.202
-6.0	-0.481	0.01709	-0.032	0.249	0.055	0.983	0.946	-28.147	0.274	0.183
-5.0	-0.355	0.01655	-0.035	0.224	0.061	0.981	0.958	-21.435	0.274	0.151
-4.0	-0.227	0.01595	-0.038	0.208	0.075	0.980	0.965	-14.214	0.274	0.081
-3.0	-0.097	0.01579	-0.042	0.191	0.082	0.978	0.971	-6.169	0.274	-0.176
-2.0	0.033	0.01570	-0.045	0.170	0.095	0.975	0.976	2.077	0.274	1.621
-1.0	0.163	0.01560	-0.048	0.161	0.108	0.971	0.979	10.455	0.275	0.544
0.0	0.292	0.01595	-0.051	0.135	0.120	0.966	0.982	18.333	0.275	0.425
1.0	0.422	0.01388	-0.054	0.125	0.139	0.962	0.984	30.370	0.275	0.379
2.0	0.550	0.01471	-0.058	0.105	0.152	0.957	0.986	37.374	0.275	0.355
3.0	0.677	0.01553	-0.061	0.094	0.175	0.949	0.989	43.575	0.275	0.340
4.0	0.802	0.01716	-0.064	0.082	0.188	0.940	0.990	46.745	0.275	0.330
5.0	0.926	0.01828	-0.067	0.069	0.214	0.931	0.990	50.645	0.276	0.322
6.0	1.047	0.01949	-0.070	0.063	0.228	0.919	0.990	53.725	0.276	0.317
7.0	1.166	0.02117	-0.073	0.050	0.256	0.905	0.991	55.047	0.276	0.313
8.0	1.280	0.02294	-0.076	0.043	0.273	0.887	0.992	55.820	0.276	0.310
9.0	1.391	0.02484	-0.079	0.040	0.303	0.870	0.992	56.015	0.277	0.307
10.0	1.497	0.02728	-0.082	0.034	0.323	0.848	0.993	54.861	0.277	0.305
11.0	1.597	0.03025	-0.085	0.027	0.357	0.823	0.993	52.793	0.278	0.303
12.0	1.690	0.03344	-0.087	0.024	0.397	0.797	0.994	50.531	0.279	0.302
13.0	1.776	0.03701	-0.090	0.022	0.440	0.770	0.994	47.997	0.280	0.301
14.0	1.856	0.04123	-0.092	0.021	0.461	0.742	0.995	45.018	0.281	0.300
15.0	1.928	0.04651	-0.095	0.018	0.489	0.711	0.996	41.446	0.281	0.299
16.0	1.990	0.05341	-0.097	0.014	0.515	0.674	0.996	37.264	0.283	0.299
17.0	2.045	0.06064	-0.099	0.012	0.554	0.642	0.997	33.729	0.289	0.298
18.0	2.088	0.06892	-0.100	0.011	0.583	0.610	0.997	30.297	0.296	0.298
19.0	2.124	0.07747	-0.102	0.010	0.619	0.581	0.997	27.412	0.305	0.298
20.0	2.150	0.08763	-0.104	0.009	0.660	0.551	0.997	24.531	0.312	0.298

Name = NACA 2424
Mach = 0; Re = 2830000; T.U. = 1.0; T.L. = 1.0
Surface Finish = 2; Stall model = 0; Transition model = 1; Aspect Ratio = 0; ground effect = 0
?	Cl	Cd	Cm 0.25	T.U.	T.L.	S.U.	S.L.	L/D	A.C.	C.P.
[°]	[-]	[-]	[-]	[-]	[-]	[-]	[-]	[-]	[-]	[-]
-20.0	-1.684	0.09157	0.003	0.553	0.013	0.992	0.431	-18.394	0.295	0.252
-19.0	-1.647	0.07751	0.001	0.515	0.015	0.991	0.474	-21.242	0.291	0.251
-18.0	-1.597	0.06734	-0.001	0.489	0.015	0.991	0.507	-23.723	0.287	0.250
-17.0	-1.543	0.05754	-0.003	0.456	0.016	0.991	0.549	-26.818	0.285	0.248
-16.0	-1.481	0.04919	-0.005	0.425	0.017	0.991	0.591	-30.112	0.283	0.247
-15.0	-1.412	0.04179	-0.007	0.408	0.017	0.991	0.637	-33.796	0.282	0.245
-14.0	-1.336	0.03560	-0.010	0.397	0.019	0.991	0.685	-37.535	0.281	0.243
-13.0	-1.253	0.03042	-0.012	0.365	0.021	0.990	0.734	-41.196	0.280	0.240
-12.0	-1.162	0.02588	-0.015	0.351	0.025	0.990	0.789	-44.916	0.279	0.237
-11.0	-1.063	0.02215	-0.018	0.333	0.030	0.989	0.834	-48.014	0.277	0.234
-10.0	-0.956	0.01995	-0.020	0.307	0.032	0.988	0.867	-47.933	0.276	0.229
-9.0	-0.844	0.01814	-0.023	0.296	0.034	0.987	0.895	-46.538	0.275	0.222
-8.0	-0.727	0.01670	-0.026	0.267	0.038	0.986	0.917	-43.526	0.275	0.214
-7.0	-0.606	0.01534	-0.029	0.252	0.048	0.984	0.937	-39.497	0.275	0.202
-6.0	-0.481	0.01436	-0.032	0.232	0.052	0.983	0.949	-33.519	0.274	0.183
-5.0	-0.355	0.01629	-0.035	0.211	0.057	0.981	0.959	-21.781	0.274	0.151
-4.0	-0.227	0.01569	-0.038	0.202	0.069	0.980	0.966	-14.454	0.274	0.081
-3.0	-0.097	0.01553	-0.042	0.174	0.078	0.978	0.973	-6.276	0.274	-0.176
-2.0	0.033	0.01541	-0.045	0.163	0.087	0.976	0.977	2.116	0.274	1.622
-1.0	0.163	0.01543	-0.048	0.141	0.104	0.972	0.980	10.574	0.275	0.544
0.0	0.293	0.01569	-0.051	0.128	0.113	0.967	0.982	18.646	0.275	0.425
1.0	0.422	0.01368	-0.054	0.115	0.134	0.963	0.985	30.819	0.275	0.379
2.0	0.550	0.01449	-0.058	0.097	0.144	0.958	0.987	37.962	0.275	0.355
3.0	0.677	0.01522	-0.061	0.090	0.162	0.951	0.989	44.477	0.275	0.340
4.0	0.802	0.01692	-0.064	0.072	0.180	0.942	0.990	47.429	0.275	0.330
5.0	0.926	0.01799	-0.067	0.065	0.197	0.933	0.990	51.478	0.276	0.322
6.0	1.048	0.01914	-0.070	0.057	0.219	0.921	0.991	54.729	0.276	0.317
7.0	1.166	0.02079	-0.073	0.045	0.236	0.907	0.992	56.084	0.276	0.313
8.0	1.281	0.02247	-0.076	0.041	0.262	0.891	0.992	57.014	0.277	0.310
9.0	1.393	0.02426	-0.079	0.038	0.282	0.875	0.992	57.389	0.277	0.307
10.0	1.498	0.02689	-0.082	0.029	0.309	0.851	0.993	55.705	0.277	0.305
11.0	1.599	0.02957	-0.085	0.025	0.335	0.828	0.994	54.061	0.278	0.303
12.0	1.692	0.03261	-0.088	0.022	0.363	0.803	0.994	51.880	0.279	0.302
13.0	1.779	0.03606	-0.090	0.021	0.404	0.777	0.994	49.329	0.280	0.301
14.0	1.859	0.04004	-0.093	0.020	0.450	0.749	0.995	46.425	0.280	0.300
15.0	1.929	0.04600	-0.095	0.015	0.465	0.714	0.996	41.938	0.281	0.299
16.0	1.992	0.05232	-0.097	0.012	0.499	0.679	0.996	38.083	0.284	0.299
17.0	2.048	0.05910	-0.099	0.011	0.519	0.649	0.997	34.660	0.289	0.298
18.0	2.092	0.06706	-0.101	0.010	0.557	0.618	0.997	31.190	0.297	0.298
19.0	2.127	0.07547	-0.102	0.010	0.589	0.589	0.997	28.187	0.306	0.298
20.0	2.153	0.08537	-0.104	0.009	0.622	0.559	0.997	25.220	0.312	0.298

Name = NACA 2424
Mach = 0; Re = 3230000; T.U. = 1.0; T.L. = 1.0
Surface Finish = 2; Stall model = 0; Transition model = 1; Aspect Ratio = 0; ground effect = 0
?	Cl	Cd	Cm 0.25	T.U.	T.L.	S.U.	S.L.	L/D	A.C.	C.P.
[°]	[-]	[-]	[-]	[-]	[-]	[-]	[-]	[-]	[-]	[-]
-20.0	-1.682	0.09274	0.003	0.519	0.010	0.992	0.426	-18.142	0.300	0.252
-19.0	-1.648	0.07639	0.001	0.502	0.014	0.992	0.478	-21.575	0.294	0.251
-18.0	-1.601	0.06553	-0.001	0.461	0.015	0.991	0.516	-24.428	0.288	0.250
-17.0	-1.546	0.05592	-0.003	0.434	0.016	0.991	0.558	-27.650	0.285	0.248
-16.0	-1.484	0.04777	-0.005	0.411	0.016	0.991	0.599	-31.060	0.284	0.247
-15.0	-1.415	0.04060	-0.007	0.400	0.017	0.991	0.646	-34.858	0.282	0.245
-14.0	-1.339	0.03470	-0.010	0.371	0.018	0.991	0.693	-38.577	0.281	0.243
-13.0	-1.255	0.02977	-0.012	0.354	0.019	0.990	0.742	-42.162	0.280	0.240
-12.0	-1.163	0.02564	-0.015	0.345	0.022	0.990	0.790	-45.356	0.279	0.237
-11.0	-1.065	0.02161	-0.018	0.311	0.030	0.990	0.841	-49.280	0.277	0.234
-10.0	-0.958	0.01951	-0.020	0.299	0.031	0.989	0.873	-49.079	0.276	0.229
-9.0	-0.845	0.01784	-0.023	0.275	0.033	0.987	0.899	-47.343	0.275	0.222
-8.0	-0.727	0.01640	-0.026	0.255	0.036	0.986	0.920	-44.339	0.275	0.214
-7.0	-0.606	0.01519	-0.029	0.247	0.042	0.985	0.938	-39.900	0.275	0.202
-6.0	-0.482	0.01415	-0.032	0.216	0.051	0.983	0.951	-34.028	0.274	0.183
-5.0	-0.355	0.01601	-0.035	0.205	0.055	0.982	0.960	-22.177	0.274	0.151
-4.0	-0.227	0.01558	-0.038	0.181	0.062	0.981	0.967	-14.550	0.274	0.081
-3.0	-0.097	0.01527	-0.042	0.166	0.076	0.979	0.974	-6.385	0.274	-0.176
-2.0	0.033	0.01521	-0.045	0.155	0.082	0.977	0.977	2.146	0.274	1.622
-1.0	0.163	0.01525	-0.048	0.132	0.097	0.973	0.980	10.695	0.275	0.544
0.0	0.293	0.01290	-0.051	0.124	0.108	0.968	0.983	22.677	0.275	0.425
1.0	0.422	0.01359	-0.054	0.103	0.120	0.964	0.985	31.023	0.275	0.379
2.0	0.550	0.01424	-0.058	0.093	0.140	0.959	0.988	38.626	0.275	0.355
3.0	0.677	0.01513	-0.061	0.081	0.150	0.952	0.989	44.736	0.275	0.340
4.0	0.803	0.01662	-0.064	0.068	0.175	0.944	0.990	48.310	0.276	0.330
5.0	0.927	0.01763	-0.067	0.063	0.186	0.935	0.990	52.568	0.276	0.323
6.0	1.048	0.01901	-0.070	0.049	0.214	0.923	0.991	55.127	0.276	0.317
7.0	1.167	0.02050	-0.073	0.042	0.225	0.910	0.992	56.909	0.276	0.313
8.0	1.282	0.02202	-0.076	0.039	0.256	0.895	0.992	58.243	0.276	0.310
9.0	1.393	0.02403	-0.079	0.032	0.268	0.877	0.993	57.978	0.277	0.307
10.0	1.499	0.02642	-0.082	0.026	0.301	0.855	0.993	56.731	0.277	0.305
11.0	1.600	0.02901	-0.085	0.024	0.316	0.833	0.994	55.170	0.278	0.303
12.0	1.694	0.03190	-0.088	0.022	0.350	0.808	0.994	53.091	0.279	0.302
13.0	1.781	0.03522	-0.090	0.020	0.376	0.783	0.995	50.564	0.280	0.301
14.0	1.860	0.03982	-0.093	0.016	0.414	0.751	0.995	46.701	0.280	0.300
15.0	1.931	0.04522	-0.095	0.013	0.453	0.718	0.996	42.692	0.282	0.299
16.0	1.995	0.05127	-0.097	0.011	0.470	0.686	0.996	38.917	0.284	0.299
17.0	2.051	0.05774	-0.099	0.010	0.503	0.655	0.997	35.527	0.289	0.298
18.0	2.095	0.06557	-0.101	0.009	0.527	0.625	0.997	31.945	0.297	0.298
19.0	2.130	0.07374	-0.103	0.009	0.561	0.595	0.997	28.886	0.306	0.298
20.0	2.157	0.08329	-0.104	0.008	0.603	0.566	0.997	25.894	0.313	0.298

Name = NACA 2424
Mach = 0; Re = 3630000; T.U. = 1.0; T.L. = 1.0
Surface Finish = 2; Stall model = 0; Transition model = 1; Aspect Ratio = 0; ground effect = 0
?	Cl	Cd	Cm 0.25	T.U.	T.L.	S.U.	S.L.	L/D	A.C.	C.P.
[°]	[-]	[-]	[-]	[-]	[-]	[-]	[-]	[-]	[-]	[-]
-20.0	-1.683	0.09198	0.003	0.506	0.009	0.992	0.428	-18.300	0.296	0.252
-19.0	-1.646	0.07776	0.001	0.469	0.011	0.992	0.471	-21.163	0.295	0.251
-18.0	-1.604	0.06368	-0.001	0.449	0.015	0.992	0.525	-25.185	0.290	0.250
-17.0	-1.549	0.05458	-0.003	0.416	0.015	0.991	0.566	-28.379	0.285	0.248
-16.0	-1.487	0.04660	-0.005	0.402	0.016	0.991	0.608	-31.900	0.283	0.247
-15.0	-1.417	0.03972	-0.007	0.384	0.016	0.991	0.653	-35.678	0.282	0.245
-14.0	-1.341	0.03398	-0.010	0.358	0.017	0.991	0.700	-39.454	0.281	0.243
-13.0	-1.257	0.02911	-0.012	0.348	0.018	0.990	0.748	-43.171	0.279	0.240
-12.0	-1.164	0.02529	-0.015	0.320	0.020	0.990	0.795	-46.008	0.278	0.237
-11.0	-1.065	0.02200	-0.018	0.303	0.025	0.990	0.841	-48.406	0.277	0.234
-10.0	-0.958	0.01914	-0.020	0.294	0.030	0.989	0.877	-50.075	0.276	0.229
-9.0	-0.845	0.01752	-0.023	0.261	0.032	0.988	0.903	-48.253	0.275	0.222
-8.0	-0.728	0.01612	-0.026	0.250	0.034	0.987	0.923	-45.144	0.275	0.214
-7.0	-0.606	0.01504	-0.029	0.225	0.038	0.985	0.939	-40.295	0.275	0.202
-6.0	-0.482	0.01391	-0.032	0.209	0.050	0.984	0.953	-34.627	0.274	0.183
-5.0	-0.355	0.01575	-0.035	0.199	0.053	0.982	0.961	-22.550	0.274	0.151
-4.0	-0.227	0.01545	-0.038	0.171	0.058	0.981	0.968	-14.684	0.274	0.081
-3.0	-0.098	0.01501	-0.042	0.162	0.074	0.979	0.975	-6.497	0.274	-0.177
-2.0	0.033	0.01504	-0.045	0.139	0.079	0.977	0.978	2.169	0.274	1.622
-1.0	0.163	0.01513	-0.048	0.127	0.089	0.974	0.980	10.786	0.275	0.544
0.0	0.293	0.01274	-0.051	0.115	0.106	0.969	0.983	22.967	0.275	0.425
1.0	0.422	0.01341	-0.054	0.097	0.114	0.965	0.986	31.462	0.275	0.379
2.0	0.550	0.01406	-0.058	0.090	0.137	0.960	0.988	39.124	0.275	0.355
3.0	0.677	0.01557	-0.061	0.072	0.144	0.953	0.990	43.507	0.275	0.340
4.0	0.803	0.01641	-0.064	0.065	0.165	0.945	0.990	48.924	0.276	0.330
5.0	0.927	0.01741	-0.067	0.060	0.180	0.937	0.990	53.254	0.276	0.323
6.0	1.048	0.01874	-0.070	0.046	0.198	0.924	0.991	55.956	0.276	0.317
7.0	1.167	0.02012	-0.073	0.041	0.218	0.912	0.992	58.031	0.276	0.313
8.0	1.283	0.02167	-0.077	0.038	0.236	0.898	0.992	59.219	0.276	0.310
9.0	1.394	0.02382	-0.079	0.028	0.260	0.879	0.993	58.510	0.277	0.307
10.0	1.500	0.02604	-0.082	0.024	0.279	0.858	0.993	57.600	0.277	0.305
11.0	1.602	0.02846	-0.085	0.022	0.307	0.837	0.994	56.272	0.278	0.303
12.0	1.695	0.03129	-0.088	0.021	0.328	0.813	0.995	54.194	0.279	0.302
13.0	1.783	0.03452	-0.090	0.020	0.358	0.788	0.995	51.661	0.280	0.301
14.0	1.861	0.03945	-0.093	0.014	0.398	0.754	0.995	47.166	0.280	0.300
15.0	1.932	0.04451	-0.095	0.012	0.433	0.722	0.996	43.421	0.282	0.299
16.0	1.997	0.05018	-0.097	0.010	0.457	0.691	0.997	39.800	0.285	0.299
17.0	2.054	0.05681	-0.099	0.010	0.480	0.661	0.997	36.149	0.290	0.298
18.0	2.097	0.06406	-0.101	0.009	0.508	0.630	0.997	32.741	0.297	0.298
19.0	2.133	0.07224	-0.103	0.009	0.541	0.601	0.997	29.526	0.307	0.298
20.0	2.159	0.08145	-0.105	0.008	0.569	0.572	0.997	26.513	0.313	0.298

Name = NACA 2424
Mach = 0; Re = 4030000; T.U. = 1.0; T.L. = 1.0
Surface Finish = 2; Stall model = 0; Transition model = 1; Aspect Ratio = 0; ground effect = 0
?	Cl	Cd	Cm 0.25	T.U.	T.L.	S.U.	S.L.	L/D	A.C.	C.P.
[°]	[-]	[-]	[-]	[-]	[-]	[-]	[-]	[-]	[-]	[-]
-20.0	-1.685	0.09059	0.003	0.484	0.008	0.992	0.433	-18.599	0.293	0.252
-19.0	-1.645	0.07776	0.001	0.455	0.009	0.992	0.471	-21.160	0.293	0.251
-18.0	-1.602	0.06469	-0.001	0.424	0.012	0.992	0.519	-24.761	0.291	0.250
-17.0	-1.551	0.05339	-0.003	0.407	0.015	0.991	0.572	-29.054	0.287	0.248
-16.0	-1.489	0.04554	-0.005	0.398	0.015	0.991	0.614	-32.689	0.284	0.247
-15.0	-1.420	0.03872	-0.007	0.365	0.016	0.991	0.661	-36.672	0.282	0.245
-14.0	-1.343	0.03321	-0.010	0.351	0.017	0.991	0.706	-40.430	0.281	0.243
-13.0	-1.258	0.02856	-0.012	0.338	0.017	0.990	0.753	-44.054	0.279	0.240
-12.0	-1.165	0.02484	-0.015	0.308	0.019	0.990	0.799	-46.892	0.278	0.237
-11.0	-1.065	0.02188	-0.018	0.297	0.022	0.990	0.842	-48.672	0.277	0.234
-10.0	-0.959	0.01882	-0.020	0.269	0.030	0.989	0.881	-50.974	0.276	0.229
-9.0	-0.846	0.01720	-0.023	0.254	0.031	0.988	0.906	-49.173	0.275	0.222
-8.0	-0.728	0.01592	-0.026	0.246	0.033	0.987	0.925	-45.733	0.275	0.214
-7.0	-0.606	0.01485	-0.029	0.214	0.036	0.986	0.940	-40.810	0.275	0.202
-6.0	-0.482	0.01377	-0.032	0.204	0.046	0.984	0.954	-34.995	0.274	0.183
-5.0	-0.355	0.01558	-0.035	0.180	0.052	0.983	0.962	-22.802	0.274	0.151
-4.0	-0.227	0.01521	-0.038	0.166	0.056	0.981	0.969	-14.920	0.274	0.081
-3.0	-0.098	0.01499	-0.042	0.157	0.066	0.979	0.975	-6.506	0.274	-0.177
-2.0	0.033	0.01489	-0.045	0.132	0.078	0.977	0.979	2.192	0.274	1.622
-1.0	0.163	0.01490	-0.048	0.124	0.084	0.975	0.981	10.952	0.275	0.544
0.0	0.293	0.01265	-0.051	0.104	0.104	0.970	0.984	23.135	0.275	0.425
1.0	0.422	0.01326	-0.054	0.094	0.110	0.966	0.986	31.812	0.275	0.379
2.0	0.550	0.01393	-0.058	0.085	0.126	0.961	0.988	39.499	0.275	0.355
3.0	0.677	0.01541	-0.061	0.069	0.141	0.955	0.990	43.956	0.275	0.340
4.0	0.803	0.01623	-0.064	0.063	0.153	0.947	0.990	49.483	0.276	0.330
5.0	0.927	0.01729	-0.067	0.051	0.175	0.938	0.990	53.615	0.276	0.323
6.0	1.049	0.01855	-0.070	0.043	0.187	0.926	0.991	56.557	0.276	0.317
7.0	1.168	0.01984	-0.073	0.040	0.214	0.914	0.992	58.857	0.276	0.313
8.0	1.284	0.02143	-0.077	0.034	0.226	0.899	0.992	59.902	0.276	0.310
9.0	1.394	0.02349	-0.079	0.026	0.256	0.881	0.993	59.362	0.277	0.307
10.0	1.501	0.02557	-0.082	0.024	0.268	0.861	0.994	58.693	0.277	0.305
11.0	1.603	0.02797	-0.085	0.022	0.302	0.841	0.994	57.311	0.278	0.303
12.0	1.697	0.03073	-0.088	0.020	0.314	0.817	0.995	55.225	0.279	0.302
13.0	1.783	0.03447	-0.090	0.016	0.350	0.788	0.995	51.726	0.280	0.301
14.0	1.862	0.03895	-0.093	0.012	0.371	0.757	0.996	47.809	0.281	0.300
15.0	1.934	0.04369	-0.095	0.011	0.409	0.727	0.996	44.276	0.282	0.299
16.0	2.000	0.04934	-0.097	0.010	0.450	0.696	0.997	40.524	0.285	0.299
17.0	2.056	0.05566	-0.099	0.009	0.464	0.666	0.997	36.938	0.290	0.298
18.0	2.100	0.06285	-0.101	0.009	0.499	0.636	0.997	33.415	0.297	0.298
19.0	2.135	0.07085	-0.103	0.008	0.517	0.607	0.997	30.140	0.307	0.298
20.0	2.162	0.07995	-0.105	0.008	0.555	0.578	0.997	27.043	0.314	0.298

Name = NACA 2424
Mach = 0; Re = 4430000; T.U. = 1.0; T.L. = 1.0
Surface Finish = 2; Stall model = 0; Transition model = 1; Aspect Ratio = 0; ground effect = 0
?	Cl	Cd	Cm 0.25	T.U.	T.L.	S.U.	S.L.	L/D	A.C.	C.P.
[°]	[-]	[-]	[-]	[-]	[-]	[-]	[-]	[-]	[-]	[-]
-20.0	-1.686	0.08970	0.003	0.464	0.007	0.992	0.436	-18.799	0.293	0.252
-19.0	-1.646	0.07714	0.001	0.444	0.008	0.992	0.473	-21.343	0.292	0.251
-18.0	-1.601	0.06518	-0.001	0.412	0.010	0.992	0.516	-24.556	0.292	0.250
-17.0	-1.554	0.05212	-0.003	0.402	0.015	0.992	0.580	-29.813	0.288	0.248
-16.0	-1.491	0.04449	-0.005	0.377	0.015	0.991	0.622	-33.520	0.283	0.247
-15.0	-1.422	0.03793	-0.007	0.356	0.016	0.991	0.667	-37.484	0.282	0.245
-14.0	-1.344	0.03253	-0.010	0.347	0.016	0.991	0.713	-41.329	0.281	0.243
-13.0	-1.260	0.02807	-0.012	0.317	0.017	0.990	0.759	-44.885	0.279	0.240
-12.0	-1.166	0.02448	-0.015	0.301	0.018	0.990	0.804	-47.623	0.278	0.237
-11.0	-1.066	0.02163	-0.018	0.291	0.021	0.990	0.844	-49.273	0.277	0.234
-10.0	-0.960	0.01915	-0.020	0.259	0.028	0.990	0.883	-50.114	0.276	0.229
-9.0	-0.846	0.01697	-0.023	0.249	0.031	0.988	0.908	-49.878	0.275	0.222
-8.0	-0.728	0.01571	-0.026	0.224	0.032	0.987	0.928	-46.383	0.275	0.214
-7.0	-0.606	0.01470	-0.029	0.209	0.035	0.986	0.942	-41.263	0.274	0.202
-6.0	-0.482	0.01367	-0.032	0.202	0.041	0.985	0.955	-35.263	0.274	0.183
-5.0	-0.355	0.01543	-0.035	0.172	0.051	0.983	0.964	-23.026	0.274	0.151
-4.0	-0.227	0.01502	-0.038	0.162	0.054	0.982	0.970	-15.109	0.274	0.081
-3.0	-0.098	0.01479	-0.042	0.141	0.061	0.980	0.976	-6.596	0.274	-0.177
-2.0	0.033	0.01476	-0.045	0.128	0.076	0.978	0.979	2.212	0.274	1.622
-1.0	0.163	0.01470	-0.048	0.122	0.081	0.975	0.982	11.101	0.275	0.544
0.0	0.293	0.01259	-0.051	0.099	0.096	0.970	0.984	23.245	0.275	0.425
1.0	0.422	0.01310	-0.054	0.092	0.108	0.966	0.986	32.219	0.275	0.379
2.0	0.550	0.01386	-0.058	0.075	0.117	0.961	0.989	39.705	0.275	0.355
3.0	0.678	0.01517	-0.061	0.066	0.138	0.956	0.990	44.668	0.275	0.340
4.0	0.803	0.01597	-0.064	0.062	0.147	0.948	0.990	50.293	0.276	0.330
5.0	0.927	0.01716	-0.067	0.047	0.173	0.939	0.990	54.035	0.276	0.323
6.0	1.049	0.01826	-0.070	0.042	0.182	0.928	0.991	57.465	0.276	0.317
7.0	1.168	0.01952	-0.074	0.039	0.206	0.916	0.992	59.850	0.276	0.313
8.0	1.284	0.02135	-0.077	0.030	0.220	0.901	0.992	60.130	0.277	0.310
9.0	1.395	0.02322	-0.080	0.024	0.240	0.883	0.993	60.064	0.277	0.307
10.0	1.502	0.02522	-0.082	0.023	0.262	0.865	0.994	59.547	0.277	0.305
11.0	1.604	0.02754	-0.085	0.021	0.282	0.844	0.994	58.231	0.278	0.303
12.0	1.698	0.03018	-0.088	0.020	0.307	0.821	0.995	56.272	0.279	0.302
13.0	1.784	0.03424	-0.090	0.014	0.329	0.790	0.995	52.102	0.280	0.301
14.0	1.863	0.03845	-0.093	0.011	0.358	0.761	0.996	48.461	0.281	0.300
15.0	1.936	0.04303	-0.095	0.010	0.398	0.731	0.996	45.000	0.283	0.299
16.0	2.002	0.04846	-0.097	0.009	0.426	0.701	0.997	41.304	0.285	0.299
17.0	2.058	0.05472	-0.099	0.009	0.456	0.672	0.997	37.618	0.290	0.298
18.0	2.102	0.06173	-0.101	0.008	0.474	0.641	0.997	34.052	0.298	0.298
19.0	2.138	0.06942	-0.103	0.008	0.505	0.612	0.997	30.797	0.307	0.298
20.0	2.165	0.07840	-0.105	0.008	0.531	0.584	0.997	27.615	0.314	0.298

Name = NACA 2424
Mach = 0; Re = 4830000; T.U. = 1.0; T.L. = 1.0
Surface Finish = 2; Stall model = 0; Transition model = 1; Aspect Ratio = 0; ground effect = 0
?	Cl	Cd	Cm 0.25	T.U.	T.L.	S.U.	S.L.	L/D	A.C.	C.P.
[°]	[-]	[-]	[-]	[-]	[-]	[-]	[-]	[-]	[-]	[-]
-20.0	-1.688	0.08843	0.003	0.455	0.007	0.992	0.440	-19.088	0.293	0.252
-19.0	-1.648	0.07604	0.001	0.422	0.008	0.992	0.478	-21.676	0.291	0.251
-18.0	-1.601	0.06497	-0.001	0.406	0.008	0.992	0.517	-24.641	0.289	0.250
-17.0	-1.550	0.05361	-0.003	0.398	0.011	0.992	0.569	-28.915	0.289	0.248
-16.0	-1.493	0.04370	-0.005	0.363	0.015	0.991	0.628	-34.166	0.285	0.247
-15.0	-1.423	0.03722	-0.007	0.351	0.015	0.991	0.673	-38.234	0.282	0.245
-14.0	-1.346	0.03198	-0.010	0.337	0.016	0.991	0.718	-42.088	0.281	0.243
-13.0	-1.261	0.02757	-0.012	0.308	0.017	0.990	0.764	-45.735	0.279	0.240
-12.0	-1.167	0.02413	-0.015	0.297	0.017	0.991	0.808	-48.370	0.278	0.237
-11.0	-1.066	0.02144	-0.018	0.270	0.019	0.990	0.847	-49.726	0.277	0.234
-10.0	-0.959	0.01916	-0.020	0.254	0.024	0.990	0.882	-50.065	0.276	0.229
-9.0	-0.847	0.01672	-0.023	0.246	0.030	0.989	0.911	-50.651	0.275	0.222
-8.0	-0.729	0.01553	-0.026	0.215	0.032	0.987	0.930	-46.937	0.275	0.214
-7.0	-0.607	0.01451	-0.029	0.205	0.034	0.986	0.943	-41.804	0.274	0.202
-6.0	-0.482	0.01361	-0.032	0.183	0.038	0.985	0.956	-35.413	0.274	0.183
-5.0	-0.355	0.01268	-0.035	0.167	0.050	0.983	0.964	-28.017	0.274	0.150
-4.0	-0.227	0.01479	-0.038	0.160	0.053	0.982	0.971	-15.348	0.274	0.080
-3.0	-0.098	0.01476	-0.042	0.133	0.058	0.980	0.976	-6.610	0.274	-0.177
-2.0	0.033	0.01453	-0.045	0.125	0.075	0.978	0.979	2.246	0.274	1.622
-1.0	0.163	0.01469	-0.048	0.108	0.079	0.976	0.982	11.111	0.275	0.544
0.0	0.293	0.01243	-0.051	0.095	0.089	0.972	0.985	23.549	0.275	0.425
1.0	0.422	0.01290	-0.054	0.090	0.106	0.967	0.987	32.712	0.275	0.379
2.0	0.550	0.01379	-0.058	0.071	0.113	0.962	0.989	39.915	0.275	0.355
3.0	0.678	0.01503	-0.061	0.064	0.136	0.957	0.990	45.081	0.275	0.340
4.0	0.804	0.01587	-0.064	0.058	0.143	0.949	0.990	50.638	0.276	0.330
5.0	0.928	0.01696	-0.067	0.045	0.162	0.940	0.991	54.679	0.276	0.323
6.0	1.050	0.01807	-0.070	0.040	0.178	0.930	0.991	58.089	0.276	0.317
7.0	1.169	0.01932	-0.074	0.038	0.193	0.918	0.992	60.504	0.276	0.313
8.0	1.284	0.02112	-0.077	0.027	0.217	0.902	0.993	60.817	0.277	0.310
9.0	1.395	0.02295	-0.080	0.024	0.229	0.885	0.993	60.816	0.277	0.307
10.0	1.503	0.02492	-0.083	0.022	0.258	0.868	0.994	60.311	0.278	0.305
11.0	1.605	0.02717	-0.085	0.021	0.271	0.847	0.994	59.066	0.278	0.303
12.0	1.699	0.03009	-0.088	0.017	0.302	0.822	0.995	56.445	0.279	0.302
13.0	1.785	0.03390	-0.091	0.012	0.317	0.793	0.995	52.646	0.280	0.301
14.0	1.865	0.03792	-0.093	0.011	0.351	0.765	0.996	49.179	0.281	0.300
15.0	1.938	0.04238	-0.095	0.010	0.374	0.736	0.997	45.735	0.283	0.299
16.0	2.003	0.04769	-0.097	0.009	0.408	0.705	0.997	42.007	0.285	0.299
17.0	2.060	0.05381	-0.100	0.009	0.450	0.676	0.997	38.290	0.290	0.298
18.0	2.104	0.06082	-0.102	0.008	0.462	0.646	0.997	34.597	0.298	0.298
19.0	2.140	0.06838	-0.103	0.008	0.496	0.617	0.997	31.299	0.306	0.298
20.0	2.163	0.07935	-0.105	0.006	0.514	0.579	0.997	27.259	0.312	0.298

Name = NACA 2424
Mach = 0; Re = 5230000; T.U. = 1.0; T.L. = 1.0
Surface Finish = 2; Stall model = 0; Transition model = 1; Aspect Ratio = 0; ground effect = 0
?	Cl	Cd	Cm 0.25	T.U.	T.L.	S.U.	S.L.	L/D	A.C.	C.P.
[°]	[-]	[-]	[-]	[-]	[-]	[-]	[-]	[-]	[-]	[-]
-20.0	-1.690	0.08732	0.003	0.447	0.007	0.992	0.445	-19.350	0.293	0.252
-19.0	-1.649	0.07522	0.001	0.412	0.007	0.992	0.481	-21.926	0.291	0.251
-18.0	-1.602	0.06428	-0.001	0.401	0.008	0.992	0.520	-24.920	0.289	0.250
-17.0	-1.549	0.05390	-0.003	0.380	0.009	0.992	0.567	-28.743	0.289	0.248
-16.0	-1.495	0.04284	-0.005	0.356	0.015	0.991	0.634	-34.904	0.286	0.247
-15.0	-1.425	0.03649	-0.007	0.348	0.015	0.991	0.679	-39.056	0.282	0.245
-14.0	-1.348	0.03136	-0.010	0.318	0.016	0.991	0.724	-42.980	0.280	0.243
-13.0	-1.262	0.02717	-0.012	0.302	0.016	0.990	0.769	-46.463	0.279	0.240
-12.0	-1.168	0.02375	-0.015	0.294	0.017	0.991	0.812	-49.188	0.278	0.237
-11.0	-1.067	0.02118	-0.018	0.260	0.018	0.990	0.850	-50.383	0.277	0.234
-10.0	-0.960	0.01902	-0.020	0.250	0.021	0.990	0.883	-50.463	0.276	0.229
-9.0	-0.847	0.01651	-0.023	0.228	0.030	0.989	0.913	-51.302	0.275	0.222
-8.0	-0.729	0.01533	-0.026	0.210	0.031	0.988	0.932	-47.566	0.275	0.214
-7.0	-0.607	0.01432	-0.029	0.203	0.033	0.987	0.945	-42.381	0.274	0.202
-6.0	-0.482	0.01344	-0.032	0.174	0.036	0.985	0.957	-35.883	0.274	0.183
-5.0	-0.355	0.01251	-0.035	0.164	0.048	0.984	0.965	-28.417	0.274	0.150
-4.0	-0.227	0.01473	-0.038	0.149	0.052	0.982	0.971	-15.410	0.274	0.080
-3.0	-0.098	0.01456	-0.042	0.129	0.056	0.980	0.977	-6.699	0.274	-0.177
-2.0	0.033	0.01434	-0.045	0.123	0.069	0.979	0.980	2.276	0.274	1.622
-1.0	0.163	0.01454	-0.048	0.102	0.078	0.976	0.982	11.223	0.275	0.544
0.0	0.293	0.01236	-0.051	0.093	0.085	0.972	0.985	23.701	0.275	0.425
1.0	0.422	0.01286	-0.054	0.084	0.104	0.968	0.987	32.831	0.275	0.379
2.0	0.550	0.01362	-0.058	0.068	0.110	0.963	0.989	40.414	0.275	0.355
3.0	0.678	0.01482	-0.061	0.063	0.128	0.958	0.990	45.736	0.275	0.340
4.0	0.804	0.01577	-0.064	0.051	0.141	0.949	0.991	50.964	0.276	0.330
5.0	0.928	0.01683	-0.067	0.043	0.153	0.941	0.991	55.111	0.276	0.323
6.0	1.050	0.01788	-0.070	0.040	0.175	0.932	0.991	58.710	0.276	0.317
7.0	1.169	0.01922	-0.074	0.034	0.186	0.919	0.992	60.820	0.276	0.313
8.0	1.285	0.02094	-0.077	0.025	0.214	0.904	0.993	61.352	0.277	0.310
9.0	1.396	0.02264	-0.080	0.023	0.223	0.887	0.993	61.669	0.277	0.307
10.0	1.504	0.02455	-0.083	0.022	0.256	0.870	0.994	61.252	0.278	0.305
11.0	1.606	0.02677	-0.085	0.020	0.265	0.850	0.995	59.985	0.278	0.303
12.0	1.699	0.03003	-0.088	0.014	0.292	0.823	0.995	56.579	0.279	0.302
13.0	1.786	0.03350	-0.091	0.012	0.309	0.796	0.995	53.312	0.280	0.301
14.0	1.866	0.03737	-0.093	0.010	0.339	0.768	0.996	49.946	0.281	0.300
15.0	1.940	0.04177	-0.095	0.010	0.361	0.740	0.997	46.436	0.283	0.299
16.0	2.005	0.04701	-0.098	0.009	0.399	0.710	0.997	42.658	0.285	0.299
17.0	2.062	0.05295	-0.100	0.009	0.429	0.681	0.997	38.950	0.290	0.298
18.0	2.107	0.05978	-0.102	0.008	0.456	0.650	0.997	35.238	0.298	0.298
19.0	2.142	0.06722	-0.104	0.008	0.474	0.622	0.998	31.873	0.305	0.298
20.0	2.162	0.07964	-0.105	0.004	0.505	0.578	0.997	27.152	0.310	0.298

Name = NACA 2424
Mach = 0; Re = 5630000; T.U. = 1.0; T.L. = 1.0
Surface Finish = 2; Stall model = 0; Transition model = 1; Aspect Ratio = 0; ground effect = 0
?	Cl	Cd	Cm 0.25	T.U.	T.L.	S.U.	S.L.	L/D	A.C.	C.P.
[°]	[-]	[-]	[-]	[-]	[-]	[-]	[-]	[-]	[-]	[-]
-20.0	-1.691	0.08630	0.003	0.425	0.006	0.992	0.449	-19.598	0.293	0.252
-19.0	-1.651	0.07443	0.001	0.406	0.007	0.992	0.484	-22.177	0.291	0.251
-18.0	-1.603	0.06374	-0.001	0.398	0.007	0.992	0.523	-25.150	0.288	0.250
-17.0	-1.550	0.05363	-0.003	0.366	0.008	0.992	0.569	-28.902	0.288	0.248
-16.0	-1.493	0.04370	-0.005	0.351	0.012	0.991	0.626	-34.152	0.286	0.247
-15.0	-1.427	0.03593	-0.007	0.345	0.015	0.991	0.683	-39.701	0.283	0.245
-14.0	-1.349	0.03092	-0.010	0.309	0.015	0.991	0.728	-43.618	0.280	0.243
-13.0	-1.264	0.02668	-0.012	0.299	0.016	0.991	0.774	-47.367	0.279	0.240
-12.0	-1.169	0.02347	-0.015	0.275	0.017	0.991	0.816	-49.796	0.278	0.237
-11.0	-1.068	0.02093	-0.018	0.255	0.018	0.990	0.853	-50.997	0.277	0.234
-10.0	-0.960	0.01887	-0.020	0.248	0.020	0.990	0.885	-50.863	0.276	0.229
-9.0	-0.847	0.01641	-0.023	0.218	0.028	0.989	0.914	-51.636	0.275	0.222
-8.0	-0.729	0.01513	-0.026	0.206	0.031	0.988	0.934	-48.201	0.275	0.214
-7.0	-0.607	0.01420	-0.029	0.194	0.032	0.987	0.946	-42.736	0.274	0.202
-6.0	-0.482	0.01335	-0.032	0.169	0.035	0.985	0.958	-36.112	0.274	0.183
-5.0	-0.355	0.01251	-0.035	0.162	0.043	0.984	0.965	-28.403	0.274	0.150
-4.0	-0.227	0.01196	-0.038	0.138	0.051	0.983	0.972	-18.983	0.274	0.080
-3.0	-0.098	0.01435	-0.042	0.127	0.055	0.981	0.977	-6.798	0.274	-0.177
-2.0	0.033	0.01430	-0.045	0.122	0.063	0.979	0.980	2.282	0.274	1.622
-1.0	0.163	0.01175	-0.048	0.098	0.077	0.977	0.983	13.889	0.275	0.544
0.0	0.293	0.01224	-0.051	0.092	0.082	0.973	0.985	23.919	0.275	0.425
1.0	0.422	0.01281	-0.054	0.075	0.102	0.968	0.988	32.941	0.275	0.379
2.0	0.550	0.01352	-0.058	0.066	0.108	0.963	0.989	40.702	0.275	0.355
3.0	0.678	0.01468	-0.061	0.062	0.120	0.959	0.990	46.178	0.275	0.340
4.0	0.804	0.01568	-0.064	0.047	0.139	0.950	0.991	51.251	0.276	0.330
5.0	0.928	0.01669	-0.067	0.042	0.147	0.942	0.991	55.605	0.276	0.323
6.0	1.050	0.01763	-0.070	0.039	0.174	0.933	0.992	59.582	0.276	0.317
7.0	1.169	0.01911	-0.074	0.030	0.182	0.920	0.993	61.177	0.276	0.313
8.0	1.285	0.02076	-0.077	0.024	0.207	0.906	0.993	61.897	0.277	0.310
9.0	1.397	0.02242	-0.080	0.022	0.219	0.890	0.993	62.301	0.277	0.307
10.0	1.504	0.02429	-0.083	0.021	0.238	0.873	0.994	61.934	0.278	0.305
11.0	1.607	0.02644	-0.085	0.020	0.261	0.853	0.995	60.781	0.278	0.303
12.0	1.700	0.02981	-0.088	0.013	0.277	0.825	0.995	57.019	0.279	0.302
13.0	1.787	0.03311	-0.091	0.011	0.305	0.799	0.995	53.969	0.280	0.301
14.0	1.868	0.03689	-0.093	0.010	0.323	0.771	0.996	50.624	0.281	0.300
15.0	1.941	0.04124	-0.096	0.009	0.354	0.743	0.997	47.071	0.283	0.299
16.0	2.007	0.04641	-0.098	0.008	0.382	0.713	0.997	43.240	0.285	0.299
17.0	2.064	0.05229	-0.100	0.008	0.411	0.684	0.997	39.471	0.290	0.298
18.0	2.108	0.05898	-0.102	0.008	0.451	0.654	0.997	35.743	0.297	0.298
19.0	2.139	0.06855	-0.103	0.005	0.463	0.616	0.998	31.212	0.305	0.298
20.0	2.163	0.07928	-0.105	0.003	0.499	0.580	0.997	27.286	0.312	0.298

Name = NACA 2424
Mach = 0; Re = 6030000; T.U. = 1.0; T.L. = 1.0
Surface Finish = 2; Stall model = 0; Transition model = 1; Aspect Ratio = 0; ground effect = 0
?	Cl	Cd	Cm 0.25	T.U.	T.L.	S.U.	S.L.	L/D	A.C.	C.P.
[°]	[-]	[-]	[-]	[-]	[-]	[-]	[-]	[-]	[-]	[-]
-20.0	-1.692	0.08545	0.003	0.414	0.006	0.992	0.452	-19.806	0.293	0.252
-19.0	-1.652	0.07364	0.001	0.402	0.006	0.992	0.488	-22.431	0.291	0.251
-18.0	-1.604	0.06301	-0.001	0.389	0.007	0.992	0.527	-25.463	0.288	0.250
-17.0	-1.551	0.05318	-0.003	0.359	0.008	0.992	0.571	-29.160	0.287	0.248
-16.0	-1.491	0.04420	-0.005	0.348	0.010	0.991	0.623	-33.744	0.287	0.247
-15.0	-1.428	0.03535	-0.007	0.324	0.015	0.991	0.689	-40.406	0.284	0.245
-14.0	-1.350	0.03038	-0.010	0.303	0.015	0.991	0.734	-44.449	0.280	0.243
-13.0	-1.265	0.02635	-0.012	0.296	0.016	0.991	0.778	-47.993	0.279	0.240
-12.0	-1.170	0.02316	-0.015	0.264	0.017	0.991	0.820	-50.516	0.278	0.237
-11.0	-1.068	0.02067	-0.018	0.251	0.017	0.990	0.856	-51.690	0.277	0.234
-10.0	-0.960	0.01868	-0.020	0.241	0.019	0.990	0.888	-51.425	0.276	0.229
-9.0	-0.847	0.01695	-0.023	0.212	0.024	0.990	0.914	-50.007	0.275	0.222
-8.0	-0.730	0.01500	-0.026	0.204	0.030	0.988	0.935	-48.638	0.275	0.214
-7.0	-0.607	0.01406	-0.029	0.180	0.032	0.987	0.947	-43.182	0.274	0.202
-6.0	-0.482	0.01322	-0.032	0.166	0.034	0.986	0.958	-36.491	0.274	0.183
-5.0	-0.355	0.01241	-0.035	0.161	0.039	0.984	0.966	-28.634	0.274	0.150
-4.0	-0.227	0.01189	-0.038	0.133	0.050	0.983	0.973	-19.091	0.274	0.080
-3.0	-0.098	0.01430	-0.042	0.125	0.054	0.981	0.977	-6.821	0.274	-0.177
-2.0	0.033	0.01426	-0.045	0.109	0.060	0.979	0.980	2.290	0.274	1.622
-1.0	0.163	0.01162	-0.048	0.095	0.076	0.977	0.983	14.042	0.275	0.544
0.0	0.293	0.01207	-0.051	0.091	0.080	0.974	0.986	24.265	0.275	0.425
1.0	0.422	0.01277	-0.054	0.071	0.093	0.968	0.988	33.043	0.275	0.379
2.0	0.551	0.01395	-0.058	0.065	0.106	0.964	0.990	39.451	0.275	0.355
3.0	0.678	0.01455	-0.061	0.061	0.115	0.960	0.990	46.601	0.275	0.340
4.0	0.804	0.01559	-0.064	0.045	0.137	0.951	0.991	51.560	0.276	0.330
5.0	0.928	0.01647	-0.067	0.041	0.144	0.943	0.991	56.353	0.276	0.323
6.0	1.051	0.01747	-0.071	0.039	0.169	0.935	0.992	60.132	0.276	0.317
7.0	1.169	0.01901	-0.074	0.027	0.179	0.921	0.993	61.497	0.276	0.313
8.0	1.286	0.02052	-0.077	0.023	0.194	0.908	0.993	62.656	0.277	0.310
9.0	1.397	0.02213	-0.080	0.022	0.217	0.892	0.993	63.129	0.277	0.307
10.0	1.505	0.02403	-0.083	0.021	0.229	0.875	0.994	62.629	0.277	0.305
11.0	1.607	0.02651	-0.085	0.017	0.258	0.852	0.995	60.610	0.278	0.303
12.0	1.700	0.02956	-0.088	0.012	0.269	0.827	0.995	57.532	0.279	0.302
13.0	1.788	0.03275	-0.091	0.010	0.302	0.802	0.996	54.596	0.280	0.301
14.0	1.869	0.03643	-0.093	0.010	0.314	0.775	0.996	51.302	0.282	0.300
15.0	1.942	0.04070	-0.096	0.009	0.350	0.747	0.997	47.726	0.283	0.299
16.0	2.008	0.04597	-0.098	0.008	0.366	0.717	0.997	43.690	0.285	0.299
17.0	2.066	0.05156	-0.100	0.008	0.403	0.688	0.997	40.068	0.291	0.298
18.0	2.110	0.05815	-0.102	0.008	0.440	0.658	0.997	36.286	0.296	0.298
19.0	2.139	0.06879	-0.103	0.004	0.457	0.615	0.998	31.100	0.305	0.298
20.0	2.164	0.07870	-0.105	0.003	0.478	0.582	0.997	27.496	0.313	0.298

Name = NACA 2424
Mach = 0; Re = 6430000; T.U. = 1.0; T.L. = 1.0
Surface Finish = 2; Stall model = 0; Transition model = 1; Aspect Ratio = 0; ground effect = 0
?	Cl	Cd	Cm 0.25	T.U.	T.L.	S.U.	S.L.	L/D	A.C.	C.P.
[°]	[-]	[-]	[-]	[-]	[-]	[-]	[-]	[-]	[-]	[-]
-20.0	-1.694	0.08425	0.003	0.408	0.006	0.992	0.457	-20.110	0.293	0.252
-19.0	-1.653	0.07257	0.001	0.400	0.006	0.992	0.492	-22.783	0.291	0.251
-18.0	-1.606	0.06233	-0.001	0.370	0.006	0.992	0.530	-25.759	0.288	0.250
-17.0	-1.552	0.05276	-0.003	0.354	0.007	0.992	0.574	-29.408	0.286	0.248
-16.0	-1.492	0.04398	-0.005	0.346	0.009	0.991	0.623	-33.919	0.287	0.247
-15.0	-1.429	0.03508	-0.007	0.312	0.014	0.991	0.691	-40.734	0.284	0.245
-14.0	-1.351	0.03003	-0.010	0.300	0.015	0.991	0.737	-45.008	0.280	0.243
-13.0	-1.266	0.02594	-0.012	0.290	0.016	0.991	0.783	-48.804	0.279	0.240
-12.0	-1.171	0.02287	-0.015	0.258	0.016	0.991	0.823	-51.177	0.277	0.237
-11.0	-1.069	0.02046	-0.018	0.249	0.017	0.990	0.859	-52.236	0.277	0.234
-10.0	-0.961	0.01857	-0.020	0.225	0.018	0.990	0.889	-51.752	0.276	0.229
-9.0	-0.848	0.01692	-0.023	0.209	0.022	0.990	0.915	-50.086	0.275	0.222
-8.0	-0.730	0.01483	-0.026	0.203	0.030	0.989	0.936	-49.196	0.275	0.214
-7.0	-0.607	0.01396	-0.029	0.173	0.031	0.987	0.949	-43.513	0.274	0.202
-6.0	-0.482	0.01312	-0.032	0.164	0.033	0.986	0.959	-36.749	0.274	0.183
-5.0	-0.355	0.01237	-0.035	0.150	0.037	0.984	0.967	-28.742	0.274	0.150
-4.0	-0.227	0.01172	-0.039	0.130	0.050	0.983	0.974	-19.378	0.274	0.080
-3.0	-0.098	0.01410	-0.042	0.124	0.052	0.981	0.978	-6.919	0.274	-0.177
-2.0	0.033	0.01418	-0.045	0.103	0.058	0.979	0.980	2.302	0.274	1.622
-1.0	0.163	0.01146	-0.048	0.094	0.075	0.978	0.983	14.243	0.275	0.544
0.0	0.293	0.01200	-0.051	0.090	0.079	0.974	0.986	24.420	0.275	0.425
1.0	0.422	0.01268	-0.054	0.069	0.088	0.969	0.988	33.279	0.275	0.379
2.0	0.551	0.01382	-0.058	0.064	0.105	0.965	0.990	39.851	0.275	0.355
3.0	0.678	0.01456	-0.061	0.055	0.112	0.960	0.990	46.575	0.275	0.340
4.0	0.804	0.01540	-0.064	0.043	0.136	0.952	0.991	52.214	0.276	0.330
5.0	0.928	0.01635	-0.067	0.040	0.142	0.944	0.991	56.796	0.276	0.323
6.0	1.051	0.01734	-0.071	0.038	0.157	0.936	0.992	60.602	0.276	0.317
7.0	1.170	0.01889	-0.074	0.026	0.177	0.922	0.993	61.910	0.276	0.313
8.0	1.286	0.02034	-0.077	0.023	0.187	0.909	0.993	63.216	0.277	0.310
9.0	1.398	0.02193	-0.080	0.021	0.214	0.894	0.993	63.733	0.277	0.307
10.0	1.506	0.02372	-0.083	0.021	0.225	0.877	0.994	63.469	0.277	0.305
11.0	1.607	0.02643	-0.085	0.014	0.256	0.854	0.995	60.805	0.278	0.303
12.0	1.701	0.02928	-0.088	0.011	0.265	0.829	0.995	58.101	0.279	0.302
13.0	1.789	0.03241	-0.091	0.010	0.294	0.804	0.996	55.199	0.280	0.301
14.0	1.870	0.03605	-0.093	0.009	0.309	0.778	0.996	51.872	0.282	0.300
15.0	1.944	0.04026	-0.096	0.009	0.337	0.750	0.997	48.274	0.283	0.299
16.0	2.010	0.04547	-0.098	0.008	0.359	0.720	0.997	44.198	0.285	0.299
17.0	2.067	0.05096	-0.100	0.008	0.397	0.692	0.997	40.564	0.290	0.298
18.0	2.108	0.05890	-0.102	0.006	0.419	0.655	0.997	35.799	0.296	0.298
19.0	2.140	0.06830	-0.103	0.003	0.453	0.617	0.998	31.334	0.306	0.298
20.0	2.165	0.07780	-0.105	0.003	0.466	0.585	0.997	27.833	0.313	0.298


