Name = NACA 4421
Mach = 0; Re = 30000; T.U. = 1.0; T.L. = 1.0
Surface Finish = 2; Stall model = 0; Transition model = 1; Aspect Ratio = 0; ground effect = 0
?	Cl	Cd	Cm 0.25	T.U.	T.L.	S.U.	S.L.	L/D	A.C.	C.P.
[°]	[-]	[-]	[-]	[-]	[-]	[-]	[-]	[-]	[-]	[-]
-20.0	-1.244	0.28561	-0.030	0.882	0.023	0.938	0.035	-4.356	0.281	0.226
-19.0	-1.208	0.25845	-0.031	0.875	0.024	0.934	0.037	-4.674	0.280	0.224
-18.0	-1.164	0.23256	-0.032	0.862	0.025	0.930	0.041	-5.005	0.277	0.222
-17.0	-1.112	0.20871	-0.034	0.850	0.026	0.926	0.044	-5.329	0.274	0.220
-16.0	-1.053	0.18687	-0.035	0.840	0.028	0.920	0.048	-5.634	0.270	0.217
-15.0	-0.983	0.16738	-0.036	0.824	0.031	0.917	0.051	-5.875	0.270	0.213
-14.0	-0.908	0.14998	-0.038	0.809	0.035	0.912	0.055	-6.056	0.273	0.208
-13.0	-0.829	0.13380	-0.040	0.794	0.037	0.908	0.063	-6.193	0.276	0.202
-12.0	-0.744	0.11911	-0.042	0.774	0.041	0.903	0.071	-6.250	0.275	0.194
-11.0	-0.656	0.10623	-0.044	0.756	0.045	0.896	0.081	-6.176	0.279	0.182
-10.0	-0.565	0.09436	-0.047	0.731	0.051	0.893	0.098	-5.984	0.282	0.166
-9.0	-0.470	0.08428	-0.050	0.709	0.060	0.886	0.116	-5.572	0.285	0.143
-8.0	-0.372	0.07508	-0.054	0.679	0.069	0.883	0.146	-4.958	0.292	0.105
-7.0	-0.272	0.06665	-0.059	0.650	0.081	0.878	0.189	-4.083	0.295	0.035
-6.0	-0.169	0.05953	-0.063	0.616	0.098	0.874	0.241	-2.836	0.298	-0.124
-5.0	-0.062	0.05305	-0.069	0.579	0.118	0.869	0.318	-1.173	0.322	-0.854
-4.0	0.051	0.04405	-0.079	0.538	0.140	0.865	0.561	1.156	0.328	1.803
-3.0	0.177	0.03951	-0.087	0.493	0.170	0.862	0.806	4.481	0.300	0.744
-2.0	0.307	0.03877	-0.092	0.447	0.203	0.856	0.909	7.920	0.278	0.550
-1.0	0.436	0.03896	-0.095	0.429	0.241	0.830	0.945	11.185	0.271	0.467
0.0	0.545	0.04059	-0.097	0.413	0.287	0.796	0.961	13.428	0.265	0.428
1.0	0.661	0.04203	-0.098	0.399	0.495	0.753	0.945	15.727	0.264	0.399
2.0	0.775	0.04407	-0.100	0.380	0.552	0.716	0.954	17.588	0.265	0.379
3.0	0.886	0.04673	-0.102	0.361	0.618	0.674	0.957	18.957	0.262	0.365
4.0	0.992	0.05001	-0.103	0.345	0.697	0.627	0.955	19.840	0.264	0.354
5.0	1.101	0.05362	-0.105	0.319	0.769	0.604	0.950	20.537	0.266	0.345
6.0	1.206	0.05811	-0.106	0.296	0.821	0.575	0.948	20.748	0.268	0.338
7.0	1.310	0.06311	-0.108	0.267	0.855	0.558	0.951	20.762	0.270	0.333
8.0	1.411	0.06894	-0.110	0.238	0.879	0.540	0.955	20.464	0.271	0.328
9.0	1.508	0.07568	-0.112	0.206	0.899	0.525	0.958	19.932	0.272	0.325
10.0	1.601	0.08342	-0.115	0.173	0.911	0.509	0.961	19.196	0.273	0.322
11.0	1.688	0.09238	-0.117	0.138	0.922	0.494	0.964	18.275	0.273	0.319
12.0	1.768	0.10264	-0.118	0.105	0.933	0.474	0.967	17.226	0.271	0.317
13.0	1.839	0.11525	-0.120	0.077	0.939	0.446	0.971	15.954	0.268	0.315
14.0	1.899	0.12951	-0.121	0.057	0.945	0.416	0.974	14.663	0.253	0.314
15.0	1.938	0.14802	-0.120	0.047	0.952	0.362	0.976	13.091	0.194	0.312
16.0	1.959	0.17105	-0.117	0.038	0.957	0.291	0.978	11.455	0.006	0.310
17.0	1.968	0.19805	-0.113	0.031	0.960	0.214	0.980	9.936	-1.211	0.307
18.0	1.968	0.22840	-0.105	0.027	0.964	0.139	0.981	8.615	-4.763	0.304
19.0	1.971	0.25665	-0.099	0.024	0.968	0.091	0.983	7.679	-0.704	0.300
20.0	1.978	0.28546	-0.095	0.022	0.973	0.069	0.985	6.930	-0.201	0.298

Name = NACA 4421
Mach = 0; Re = 430000; T.U. = 1.0; T.L. = 1.0
Surface Finish = 2; Stall model = 0; Transition model = 1; Aspect Ratio = 0; ground effect = 0
?	Cl	Cd	Cm 0.25	T.U.	T.L.	S.U.	S.L.	L/D	A.C.	C.P.
[°]	[-]	[-]	[-]	[-]	[-]	[-]	[-]	[-]	[-]	[-]
-20.0	-1.289	0.15268	-0.042	0.795	0.019	0.989	0.182	-8.446	0.305	0.217
-19.0	-1.257	0.13558	-0.044	0.772	0.020	0.989	0.201	-9.270	0.300	0.215
-18.0	-1.216	0.12001	-0.046	0.756	0.020	0.989	0.221	-10.131	0.296	0.212
-17.0	-1.168	0.10485	-0.048	0.728	0.022	0.989	0.248	-11.142	0.295	0.209
-16.0	-1.113	0.09051	-0.051	0.708	0.023	0.988	0.279	-12.297	0.292	0.205
-15.0	-1.048	0.07738	-0.053	0.677	0.025	0.988	0.315	-13.540	0.292	0.199
-14.0	-0.978	0.06471	-0.056	0.651	0.027	0.987	0.364	-15.106	0.301	0.193
-13.0	-0.908	0.05095	-0.060	0.620	0.030	0.986	0.451	-17.821	0.306	0.184
-12.0	-0.831	0.03960	-0.064	0.587	0.034	0.985	0.547	-20.994	0.301	0.173
-11.0	-0.748	0.03089	-0.068	0.558	0.037	0.984	0.651	-24.203	0.297	0.158
-10.0	-0.656	0.02707	-0.073	0.518	0.041	0.983	0.759	-24.222	0.290	0.139
-9.0	-0.553	0.02367	-0.076	0.475	0.047	0.982	0.848	-23.361	0.282	0.112
-8.0	-0.441	0.02165	-0.080	0.437	0.054	0.981	0.906	-20.354	0.276	0.069
-7.0	-0.321	0.02048	-0.082	0.419	0.062	0.979	0.938	-15.664	0.273	-0.007
-6.0	-0.197	0.01954	-0.085	0.405	0.072	0.978	0.957	-10.096	0.272	-0.182
-5.0	-0.072	0.01881	-0.088	0.391	0.085	0.976	0.968	-3.805	0.271	-0.977
-4.0	0.056	0.01851	-0.090	0.369	0.099	0.973	0.976	3.001	0.271	1.878
-3.0	0.183	0.01816	-0.093	0.355	0.117	0.970	0.980	10.105	0.271	0.757
-2.0	0.312	0.01540	-0.096	0.341	0.137	0.966	0.983	20.243	0.271	0.557
-1.0	0.439	0.01603	-0.098	0.314	0.159	0.962	0.987	27.423	0.271	0.474
0.0	0.563	0.01738	-0.101	0.296	0.185	0.958	0.989	32.420	0.272	0.429
1.0	0.689	0.01819	-0.104	0.271	0.213	0.951	0.990	37.853	0.272	0.401
2.0	0.813	0.01910	-0.107	0.249	0.243	0.944	0.991	42.548	0.272	0.381
3.0	0.935	0.02031	-0.109	0.225	0.277	0.936	0.991	46.058	0.272	0.367
4.0	1.056	0.02173	-0.112	0.203	0.321	0.925	0.992	48.601	0.272	0.356
5.0	1.175	0.02319	-0.115	0.176	0.464	0.913	0.993	50.674	0.273	0.348
6.0	1.291	0.02519	-0.117	0.154	0.500	0.899	0.994	51.246	0.273	0.341
7.0	1.403	0.02770	-0.120	0.128	0.537	0.881	0.995	50.655	0.273	0.335
8.0	1.511	0.03055	-0.122	0.106	0.585	0.861	0.996	49.452	0.273	0.331
9.0	1.613	0.03409	-0.125	0.086	0.645	0.838	0.997	47.322	0.273	0.327
10.0	1.709	0.03781	-0.127	0.069	0.712	0.812	0.998	45.199	0.273	0.324
11.0	1.797	0.04213	-0.129	0.055	0.773	0.784	0.998	42.658	0.274	0.322
12.0	1.879	0.04704	-0.131	0.045	0.822	0.755	0.998	39.954	0.274	0.320
13.0	1.953	0.05269	-0.133	0.037	0.854	0.724	0.998	37.071	0.275	0.318
14.0	2.018	0.05921	-0.134	0.030	0.878	0.691	0.998	34.074	0.278	0.317
15.0	2.070	0.06675	-0.136	0.025	0.900	0.659	0.998	31.005	0.282	0.316
16.0	2.112	0.07516	-0.137	0.022	0.912	0.626	0.998	28.107	0.288	0.315
17.0	2.146	0.08456	-0.139	0.019	0.925	0.594	0.998	25.373	0.296	0.315
18.0	2.169	0.09527	-0.140	0.017	0.935	0.562	0.998	22.765	0.312	0.315
19.0	2.182	0.10740	-0.141	0.015	0.942	0.530	0.998	20.320	0.361	0.315
20.0	2.187	0.12134	-0.142	0.013	0.950	0.498	0.998	18.020	0.468	0.315

Name = NACA 4421
Mach = 0; Re = 830000; T.U. = 1.0; T.L. = 1.0
Surface Finish = 2; Stall model = 0; Transition model = 1; Aspect Ratio = 0; ground effect = 0
?	Cl	Cd	Cm 0.25	T.U.	T.L.	S.U.	S.L.	L/D	A.C.	C.P.
[°]	[-]	[-]	[-]	[-]	[-]	[-]	[-]	[-]	[-]	[-]
-20.0	-1.301	0.13675	-0.044	0.729	0.016	0.991	0.220	-9.517	0.313	0.216
-19.0	-1.270	0.11948	-0.046	0.710	0.018	0.991	0.246	-10.631	0.305	0.214
-18.0	-1.230	0.10528	-0.048	0.679	0.018	0.991	0.269	-11.681	0.297	0.211
-17.0	-1.182	0.09126	-0.050	0.657	0.019	0.990	0.298	-12.954	0.296	0.208
-16.0	-1.128	0.07788	-0.052	0.623	0.020	0.990	0.335	-14.480	0.295	0.203
-15.0	-1.064	0.06565	-0.055	0.593	0.022	0.990	0.382	-16.207	0.298	0.198
-14.0	-0.998	0.05261	-0.059	0.563	0.023	0.989	0.454	-18.965	0.301	0.191
-13.0	-0.926	0.04142	-0.062	0.527	0.025	0.988	0.537	-22.344	0.300	0.183
-12.0	-0.847	0.03208	-0.066	0.493	0.028	0.987	0.635	-26.417	0.299	0.172
-11.0	-0.763	0.02491	-0.070	0.446	0.033	0.986	0.745	-30.620	0.292	0.158
-10.0	-0.666	0.02091	-0.074	0.423	0.036	0.985	0.831	-31.837	0.283	0.139
-9.0	-0.558	0.01838	-0.077	0.408	0.039	0.984	0.892	-30.370	0.277	0.112
-8.0	-0.443	0.01923	-0.080	0.398	0.044	0.983	0.931	-23.020	0.274	0.069
-7.0	-0.322	0.01828	-0.083	0.374	0.052	0.981	0.953	-17.603	0.272	-0.007
-6.0	-0.198	0.01754	-0.085	0.358	0.060	0.980	0.965	-11.270	0.271	-0.182
-5.0	-0.072	0.01700	-0.088	0.346	0.069	0.979	0.975	-4.216	0.271	-0.977
-4.0	0.056	0.01674	-0.091	0.322	0.082	0.977	0.979	3.320	0.270	1.880
-3.0	0.184	0.01383	-0.093	0.303	0.095	0.974	0.983	13.277	0.271	0.758
-2.0	0.312	0.01414	-0.096	0.286	0.112	0.970	0.987	22.051	0.271	0.557
-1.0	0.440	0.01541	-0.099	0.259	0.130	0.966	0.989	28.528	0.271	0.474
0.0	0.564	0.01597	-0.101	0.244	0.151	0.962	0.990	35.315	0.272	0.430
1.0	0.689	0.01680	-0.104	0.215	0.176	0.957	0.991	41.036	0.272	0.401
2.0	0.814	0.01772	-0.107	0.198	0.198	0.950	0.991	45.922	0.272	0.381
3.0	0.937	0.01896	-0.109	0.171	0.226	0.942	0.992	49.406	0.272	0.367
4.0	1.058	0.02019	-0.112	0.153	0.257	0.934	0.993	52.402	0.273	0.356
5.0	1.177	0.02187	-0.115	0.128	0.289	0.921	0.994	53.808	0.273	0.348
6.0	1.294	0.02368	-0.117	0.108	0.331	0.909	0.995	54.628	0.273	0.341
7.0	1.406	0.02564	-0.120	0.089	0.461	0.893	0.997	54.842	0.273	0.335
8.0	1.515	0.02857	-0.123	0.071	0.490	0.875	0.997	53.026	0.273	0.331
9.0	1.618	0.03131	-0.125	0.059	0.522	0.854	0.998	51.681	0.274	0.327
10.0	1.716	0.03460	-0.127	0.047	0.564	0.831	0.998	49.591	0.274	0.324
11.0	1.806	0.03815	-0.130	0.038	0.615	0.806	0.998	47.328	0.275	0.322
12.0	1.889	0.04221	-0.132	0.032	0.676	0.780	0.998	44.757	0.276	0.320
13.0	1.965	0.04724	-0.134	0.025	0.743	0.751	0.998	41.590	0.277	0.318
14.0	2.030	0.05263	-0.135	0.022	0.797	0.721	0.998	38.580	0.280	0.317
15.0	2.084	0.05878	-0.137	0.019	0.837	0.691	0.998	35.453	0.285	0.316
16.0	2.128	0.06588	-0.139	0.017	0.869	0.661	0.998	32.301	0.290	0.315
17.0	2.161	0.07454	-0.140	0.014	0.887	0.628	0.998	28.995	0.298	0.315
18.0	2.184	0.08461	-0.142	0.012	0.906	0.594	0.998	25.815	0.316	0.315
19.0	2.198	0.09541	-0.143	0.010	0.918	0.562	0.998	23.036	0.371	0.315
20.0	2.203	0.10749	-0.144	0.009	0.932	0.532	0.998	20.497	0.464	0.315

Name = NACA 4421
Mach = 0; Re = 1230000; T.U. = 1.0; T.L. = 1.0
Surface Finish = 2; Stall model = 0; Transition model = 1; Aspect Ratio = 0; ground effect = 0
?	Cl	Cd	Cm 0.25	T.U.	T.L.	S.U.	S.L.	L/D	A.C.	C.P.
[°]	[-]	[-]	[-]	[-]	[-]	[-]	[-]	[-]	[-]	[-]
-20.0	-1.305	0.13217	-0.044	0.677	0.012	0.991	0.231	-9.871	0.310	0.216
-19.0	-1.273	0.11574	-0.046	0.656	0.014	0.991	0.255	-10.999	0.313	0.214
-18.0	-1.237	0.09817	-0.049	0.622	0.017	0.991	0.293	-12.597	0.307	0.211
-17.0	-1.190	0.08412	-0.051	0.594	0.018	0.990	0.329	-14.152	0.298	0.207
-16.0	-1.136	0.07164	-0.053	0.565	0.019	0.990	0.368	-15.860	0.299	0.203
-15.0	-1.076	0.05852	-0.057	0.530	0.020	0.990	0.430	-18.381	0.300	0.197
-14.0	-1.008	0.04716	-0.060	0.504	0.021	0.990	0.501	-21.377	0.298	0.191
-13.0	-0.935	0.03703	-0.063	0.453	0.022	0.989	0.581	-25.238	0.297	0.182
-12.0	-0.855	0.02892	-0.067	0.425	0.024	0.988	0.676	-29.566	0.295	0.171
-11.0	-0.768	0.02297	-0.071	0.410	0.027	0.987	0.775	-33.408	0.290	0.158
-10.0	-0.670	0.01907	-0.075	0.400	0.033	0.986	0.863	-35.125	0.282	0.139
-9.0	-0.560	0.01712	-0.077	0.377	0.036	0.985	0.910	-32.728	0.275	0.112
-8.0	-0.444	0.01572	-0.080	0.359	0.039	0.984	0.940	-28.213	0.273	0.069
-7.0	-0.322	0.01729	-0.083	0.348	0.044	0.982	0.958	-18.627	0.271	-0.007
-6.0	-0.198	0.01654	-0.085	0.328	0.055	0.981	0.970	-11.958	0.271	-0.182
-5.0	-0.072	0.01616	-0.088	0.306	0.060	0.980	0.977	-4.439	0.270	-0.978
-4.0	0.056	0.01588	-0.091	0.294	0.071	0.979	0.981	3.501	0.270	1.880
-3.0	0.184	0.01327	-0.093	0.265	0.083	0.976	0.985	13.837	0.271	0.758
-2.0	0.312	0.01366	-0.096	0.248	0.096	0.973	0.988	22.833	0.271	0.557
-1.0	0.440	0.01489	-0.099	0.224	0.115	0.969	0.990	29.543	0.271	0.474
0.0	0.564	0.01539	-0.101	0.205	0.132	0.965	0.990	36.652	0.272	0.430
1.0	0.690	0.01623	-0.104	0.184	0.152	0.960	0.991	42.501	0.272	0.401
2.0	0.814	0.01712	-0.107	0.163	0.178	0.953	0.992	47.567	0.272	0.381
3.0	0.937	0.01825	-0.109	0.141	0.197	0.945	0.993	51.352	0.272	0.367
4.0	1.059	0.01951	-0.112	0.122	0.224	0.938	0.994	54.279	0.273	0.356
5.0	1.178	0.02109	-0.115	0.101	0.253	0.926	0.995	55.876	0.273	0.348
6.0	1.295	0.02275	-0.118	0.086	0.282	0.914	0.996	56.928	0.273	0.341
7.0	1.408	0.02484	-0.120	0.068	0.320	0.899	0.997	56.690	0.273	0.335
8.0	1.517	0.02720	-0.123	0.057	0.451	0.883	0.997	55.778	0.274	0.331
9.0	1.621	0.02987	-0.125	0.045	0.471	0.863	0.998	54.279	0.274	0.327
10.0	1.720	0.03272	-0.128	0.037	0.502	0.842	0.998	52.557	0.275	0.324
11.0	1.810	0.03603	-0.130	0.031	0.534	0.819	0.998	50.253	0.275	0.322
12.0	1.894	0.04002	-0.132	0.025	0.576	0.793	0.998	47.331	0.276	0.320
13.0	1.971	0.04440	-0.134	0.021	0.628	0.766	0.998	44.384	0.278	0.318
14.0	2.038	0.04918	-0.136	0.019	0.690	0.739	0.998	41.436	0.282	0.317
15.0	2.093	0.05471	-0.138	0.017	0.751	0.710	0.998	38.247	0.285	0.316
16.0	2.135	0.06216	-0.140	0.013	0.801	0.676	0.998	34.349	0.290	0.315
17.0	2.169	0.07013	-0.141	0.011	0.840	0.644	0.998	30.926	0.300	0.315
18.0	2.193	0.07915	-0.142	0.009	0.871	0.613	0.998	27.704	0.320	0.315
19.0	2.207	0.08902	-0.144	0.008	0.890	0.582	0.998	24.798	0.375	0.315
20.0	2.213	0.09991	-0.145	0.008	0.908	0.552	0.998	22.149	0.471	0.315

Name = NACA 4421
Mach = 0; Re = 1630000; T.U. = 1.0; T.L. = 1.0
Surface Finish = 2; Stall model = 0; Transition model = 1; Aspect Ratio = 0; ground effect = 0
?	Cl	Cd	Cm 0.25	T.U.	T.L.	S.U.	S.L.	L/D	A.C.	C.P.
[°]	[-]	[-]	[-]	[-]	[-]	[-]	[-]	[-]	[-]	[-]
-20.0	-1.308	0.12832	-0.045	0.633	0.010	0.991	0.241	-10.191	0.308	0.216
-19.0	-1.276	0.11246	-0.047	0.611	0.012	0.991	0.264	-11.344	0.307	0.214
-18.0	-1.237	0.09710	-0.049	0.575	0.013	0.991	0.296	-12.744	0.310	0.211
-17.0	-1.194	0.08062	-0.051	0.553	0.016	0.990	0.343	-14.813	0.308	0.207
-16.0	-1.143	0.06674	-0.054	0.515	0.018	0.991	0.395	-17.130	0.305	0.203
-15.0	-1.084	0.05392	-0.057	0.478	0.019	0.990	0.464	-20.098	0.300	0.197
-14.0	-1.015	0.04348	-0.061	0.440	0.020	0.990	0.533	-23.353	0.297	0.190
-13.0	-0.941	0.03397	-0.064	0.417	0.021	0.990	0.615	-27.709	0.295	0.182
-12.0	-0.860	0.02682	-0.068	0.405	0.022	0.989	0.704	-32.078	0.292	0.171
-11.0	-0.771	0.02163	-0.071	0.396	0.024	0.988	0.796	-35.650	0.287	0.157
-10.0	-0.671	0.01837	-0.075	0.367	0.028	0.987	0.873	-36.555	0.280	0.139
-9.0	-0.561	0.01629	-0.078	0.354	0.034	0.986	0.921	-34.472	0.275	0.112
-8.0	-0.444	0.01501	-0.080	0.345	0.037	0.985	0.946	-29.587	0.272	0.069
-7.0	-0.322	0.01408	-0.083	0.317	0.040	0.983	0.962	-22.899	0.271	-0.007
-6.0	-0.198	0.01610	-0.086	0.301	0.047	0.982	0.973	-12.297	0.271	-0.182
-5.0	-0.072	0.01555	-0.088	0.285	0.056	0.980	0.979	-4.613	0.270	-0.978
-4.0	0.056	0.01268	-0.091	0.258	0.063	0.979	0.982	4.385	0.270	1.880
-3.0	0.184	0.01284	-0.093	0.245	0.077	0.978	0.986	14.304	0.271	0.758
-2.0	0.312	0.01407	-0.096	0.217	0.087	0.974	0.989	22.168	0.271	0.558
-1.0	0.440	0.01450	-0.099	0.202	0.104	0.970	0.990	30.324	0.271	0.474
0.0	0.564	0.01507	-0.101	0.179	0.118	0.966	0.991	37.454	0.272	0.430
1.0	0.690	0.01584	-0.104	0.161	0.141	0.962	0.991	43.560	0.272	0.401
2.0	0.815	0.01677	-0.107	0.139	0.157	0.956	0.992	48.589	0.272	0.381
3.0	0.938	0.01779	-0.110	0.122	0.182	0.948	0.993	52.710	0.272	0.367
4.0	1.059	0.01911	-0.112	0.101	0.203	0.940	0.994	55.447	0.273	0.356
5.0	1.179	0.02049	-0.115	0.087	0.227	0.930	0.995	57.554	0.273	0.348
6.0	1.296	0.02221	-0.118	0.069	0.259	0.918	0.996	58.354	0.273	0.341
7.0	1.410	0.02446	-0.120	0.058	0.285	0.905	0.997	57.626	0.274	0.335
8.0	1.519	0.02663	-0.123	0.046	0.321	0.888	0.998	57.036	0.274	0.331
9.0	1.624	0.02878	-0.125	0.038	0.448	0.870	0.998	56.421	0.274	0.327
10.0	1.723	0.03143	-0.128	0.033	0.465	0.851	0.998	54.802	0.275	0.324
11.0	1.813	0.03478	-0.130	0.025	0.493	0.827	0.998	52.141	0.276	0.322
12.0	1.898	0.03834	-0.132	0.021	0.521	0.803	0.998	49.510	0.277	0.320
13.0	1.976	0.04236	-0.135	0.018	0.561	0.777	0.998	46.635	0.279	0.318
14.0	2.043	0.04681	-0.137	0.017	0.609	0.751	0.998	43.650	0.281	0.317
15.0	2.096	0.05297	-0.138	0.012	0.662	0.719	0.998	39.573	0.285	0.316
16.0	2.140	0.05958	-0.140	0.010	0.719	0.687	0.998	35.922	0.292	0.315
17.0	2.175	0.06690	-0.142	0.009	0.777	0.657	0.998	32.508	0.302	0.315
18.0	2.199	0.07530	-0.143	0.008	0.823	0.626	0.998	29.204	0.322	0.315
19.0	2.214	0.08435	-0.144	0.007	0.855	0.596	0.998	26.251	0.377	0.315
20.0	2.220	0.09481	-0.146	0.007	0.880	0.567	0.998	23.415	0.472	0.316

Name = NACA 4421
Mach = 0; Re = 2030000; T.U. = 1.0; T.L. = 1.0
Surface Finish = 2; Stall model = 0; Transition model = 1; Aspect Ratio = 0; ground effect = 0
?	Cl	Cd	Cm 0.25	T.U.	T.L.	S.U.	S.L.	L/D	A.C.	C.P.
[°]	[-]	[-]	[-]	[-]	[-]	[-]	[-]	[-]	[-]	[-]
-20.0	-1.310	0.12488	-0.045	0.602	0.010	0.991	0.248	-10.490	0.309	0.216
-19.0	-1.278	0.10974	-0.047	0.568	0.010	0.991	0.273	-11.649	0.305	0.213
-18.0	-1.239	0.09546	-0.049	0.540	0.011	0.991	0.300	-12.976	0.303	0.211
-17.0	-1.194	0.08059	-0.051	0.511	0.013	0.990	0.341	-14.815	0.314	0.207
-16.0	-1.148	0.06401	-0.055	0.470	0.017	0.991	0.411	-17.926	0.314	0.202
-15.0	-1.089	0.05071	-0.058	0.434	0.018	0.990	0.487	-21.485	0.301	0.197
-14.0	-1.020	0.04097	-0.061	0.414	0.019	0.990	0.555	-24.902	0.296	0.190
-13.0	-0.946	0.03231	-0.065	0.403	0.020	0.990	0.639	-29.284	0.295	0.182
-12.0	-0.864	0.02521	-0.068	0.390	0.021	0.990	0.727	-34.285	0.291	0.171
-11.0	-0.774	0.02066	-0.072	0.364	0.023	0.989	0.813	-37.457	0.285	0.157
-10.0	-0.672	0.01780	-0.075	0.351	0.025	0.988	0.881	-37.786	0.279	0.139
-9.0	-0.562	0.01576	-0.078	0.344	0.031	0.987	0.926	-35.653	0.274	0.112
-8.0	-0.445	0.01454	-0.080	0.313	0.035	0.986	0.951	-30.582	0.272	0.069
-7.0	-0.322	0.01363	-0.083	0.299	0.038	0.984	0.964	-23.663	0.271	-0.007
-6.0	-0.198	0.01289	-0.086	0.280	0.043	0.983	0.974	-15.366	0.270	-0.182
-5.0	-0.072	0.01525	-0.088	0.256	0.053	0.981	0.980	-4.704	0.270	-0.978
-4.0	0.056	0.01230	-0.091	0.245	0.059	0.980	0.983	4.521	0.270	1.881
-3.0	0.184	0.01268	-0.093	0.216	0.068	0.978	0.987	14.493	0.271	0.758
-2.0	0.312	0.01373	-0.096	0.202	0.082	0.976	0.989	22.720	0.271	0.558
-1.0	0.440	0.01427	-0.099	0.179	0.093	0.972	0.990	30.832	0.271	0.474
0.0	0.565	0.01475	-0.101	0.161	0.111	0.968	0.991	38.276	0.272	0.430
1.0	0.690	0.01559	-0.104	0.142	0.126	0.963	0.992	44.265	0.272	0.401
2.0	0.815	0.01643	-0.107	0.124	0.147	0.958	0.993	49.603	0.272	0.381
3.0	0.938	0.01749	-0.110	0.105	0.166	0.950	0.993	53.643	0.272	0.367
4.0	1.060	0.01869	-0.112	0.089	0.187	0.942	0.994	56.711	0.273	0.356
5.0	1.180	0.02008	-0.115	0.074	0.216	0.933	0.995	58.748	0.273	0.348
6.0	1.297	0.02168	-0.118	0.060	0.235	0.921	0.996	59.803	0.273	0.341
7.0	1.411	0.02391	-0.120	0.050	0.265	0.908	0.997	59.007	0.274	0.335
8.0	1.520	0.02590	-0.123	0.040	0.296	0.892	0.998	58.691	0.274	0.331
9.0	1.626	0.02805	-0.126	0.035	0.329	0.876	0.998	57.951	0.274	0.327
10.0	1.724	0.03064	-0.128	0.026	0.449	0.855	0.998	56.266	0.275	0.324
11.0	1.816	0.03367	-0.130	0.022	0.463	0.834	0.998	53.929	0.276	0.322
12.0	1.901	0.03701	-0.133	0.019	0.489	0.811	0.998	51.365	0.277	0.320
13.0	1.979	0.04083	-0.135	0.017	0.517	0.786	0.998	48.479	0.279	0.318
14.0	2.046	0.04571	-0.137	0.013	0.558	0.757	0.998	44.754	0.281	0.317
15.0	2.100	0.05136	-0.139	0.010	0.603	0.727	0.998	40.888	0.286	0.316
16.0	2.145	0.05760	-0.140	0.009	0.654	0.697	0.998	37.234	0.293	0.315
17.0	2.180	0.06432	-0.142	0.008	0.707	0.668	0.998	33.888	0.303	0.315
18.0	2.204	0.07235	-0.144	0.007	0.761	0.637	0.998	30.470	0.323	0.315
19.0	2.220	0.08112	-0.145	0.007	0.809	0.608	0.998	27.366	0.379	0.315
20.0	2.226	0.09099	-0.146	0.006	0.846	0.579	0.999	24.461	0.476	0.316

Name = NACA 4421
Mach = 0; Re = 2430000; T.U. = 1.0; T.L. = 1.0
Surface Finish = 2; Stall model = 0; Transition model = 1; Aspect Ratio = 0; ground effect = 0
?	Cl	Cd	Cm 0.25	T.U.	T.L.	S.U.	S.L.	L/D	A.C.	C.P.
[°]	[-]	[-]	[-]	[-]	[-]	[-]	[-]	[-]	[-]	[-]
-20.0	-1.312	0.12260	-0.045	0.566	0.009	0.991	0.254	-10.700	0.311	0.216
-19.0	-1.280	0.10736	-0.047	0.537	0.010	0.991	0.280	-11.926	0.305	0.213
-18.0	-1.241	0.09374	-0.049	0.510	0.010	0.991	0.306	-13.234	0.302	0.210
-17.0	-1.195	0.07955	-0.052	0.469	0.011	0.991	0.346	-15.023	0.308	0.207
-16.0	-1.146	0.06454	-0.055	0.435	0.014	0.991	0.406	-17.761	0.319	0.202
-15.0	-1.094	0.04823	-0.058	0.413	0.018	0.990	0.505	-22.679	0.308	0.197
-14.0	-1.025	0.03877	-0.062	0.403	0.018	0.990	0.576	-26.437	0.296	0.190
-13.0	-0.950	0.03057	-0.065	0.392	0.019	0.990	0.659	-31.092	0.294	0.182
-12.0	-0.868	0.02410	-0.068	0.364	0.020	0.990	0.744	-35.995	0.289	0.171
-11.0	-0.776	0.01985	-0.072	0.352	0.022	0.989	0.828	-39.097	0.284	0.157
-10.0	-0.674	0.01723	-0.075	0.344	0.024	0.989	0.889	-39.105	0.278	0.139
-9.0	-0.562	0.01551	-0.078	0.313	0.027	0.987	0.930	-36.271	0.274	0.112
-8.0	-0.445	0.01414	-0.081	0.298	0.034	0.986	0.955	-31.460	0.272	0.069
-7.0	-0.323	0.01328	-0.083	0.283	0.036	0.985	0.967	-24.288	0.270	-0.007
-6.0	-0.198	0.01262	-0.086	0.257	0.040	0.983	0.976	-15.691	0.270	-0.182
-5.0	-0.072	0.01498	-0.088	0.246	0.047	0.982	0.980	-4.789	0.270	-0.978
-4.0	0.056	0.01221	-0.091	0.218	0.057	0.980	0.984	4.556	0.270	1.881
-3.0	0.184	0.01248	-0.093	0.203	0.063	0.979	0.988	14.724	0.271	0.758
-2.0	0.312	0.01350	-0.096	0.184	0.079	0.977	0.989	23.115	0.271	0.558
-1.0	0.440	0.01401	-0.099	0.164	0.087	0.973	0.991	31.387	0.271	0.474
0.0	0.565	0.01455	-0.101	0.151	0.105	0.969	0.991	38.806	0.272	0.430
1.0	0.690	0.01534	-0.104	0.127	0.117	0.964	0.992	44.991	0.272	0.401
2.0	0.815	0.01605	-0.107	0.116	0.141	0.960	0.993	50.794	0.272	0.381
3.0	0.938	0.01723	-0.110	0.092	0.154	0.952	0.994	54.460	0.272	0.367
4.0	1.060	0.01824	-0.112	0.084	0.180	0.945	0.995	58.139	0.273	0.356
5.0	1.180	0.01976	-0.115	0.064	0.196	0.935	0.996	59.746	0.273	0.348
6.0	1.298	0.02115	-0.118	0.056	0.223	0.924	0.997	61.359	0.273	0.341
7.0	1.412	0.02347	-0.121	0.043	0.246	0.911	0.997	60.133	0.274	0.335
8.0	1.522	0.02530	-0.123	0.036	0.272	0.896	0.998	60.151	0.274	0.331
9.0	1.627	0.02750	-0.126	0.030	0.307	0.880	0.998	59.169	0.274	0.327
10.0	1.726	0.03009	-0.128	0.023	0.345	0.860	0.998	57.349	0.275	0.324
11.0	1.818	0.03277	-0.131	0.020	0.450	0.840	0.998	55.494	0.276	0.322
12.0	1.904	0.03590	-0.133	0.018	0.464	0.817	0.998	53.035	0.277	0.320
13.0	1.982	0.03976	-0.135	0.015	0.492	0.793	0.998	49.846	0.279	0.318
14.0	2.048	0.04474	-0.137	0.011	0.518	0.763	0.998	45.784	0.282	0.317
15.0	2.103	0.04993	-0.139	0.009	0.558	0.734	0.998	42.122	0.287	0.316
16.0	2.148	0.05583	-0.141	0.008	0.604	0.705	0.998	38.479	0.293	0.315
17.0	2.184	0.06228	-0.142	0.007	0.652	0.677	0.998	35.066	0.304	0.315
18.0	2.209	0.07006	-0.144	0.006	0.704	0.646	0.998	31.530	0.324	0.315
19.0	2.224	0.07844	-0.145	0.006	0.756	0.617	0.998	28.360	0.380	0.315
20.0	2.231	0.08794	-0.147	0.006	0.804	0.589	0.999	25.365	0.469	0.316

Name = NACA 4421
Mach = 0; Re = 2830000; T.U. = 1.0; T.L. = 1.0
Surface Finish = 2; Stall model = 0; Transition model = 1; Aspect Ratio = 0; ground effect = 0
?	Cl	Cd	Cm 0.25	T.U.	T.L.	S.U.	S.L.	L/D	A.C.	C.P.
[°]	[-]	[-]	[-]	[-]	[-]	[-]	[-]	[-]	[-]	[-]
-20.0	-1.314	0.12038	-0.045	0.539	0.008	0.991	0.260	-10.911	0.310	0.215
-19.0	-1.282	0.10562	-0.047	0.511	0.009	0.991	0.285	-12.137	0.306	0.213
-18.0	-1.243	0.09146	-0.049	0.474	0.010	0.991	0.315	-13.589	0.302	0.210
-17.0	-1.197	0.07788	-0.052	0.441	0.010	0.991	0.353	-15.371	0.305	0.207
-16.0	-1.147	0.06383	-0.055	0.415	0.012	0.991	0.410	-17.972	0.314	0.202
-15.0	-1.093	0.04856	-0.058	0.404	0.015	0.990	0.501	-22.506	0.311	0.197
-14.0	-1.028	0.03709	-0.062	0.396	0.018	0.990	0.592	-27.733	0.300	0.190
-13.0	-0.954	0.02928	-0.065	0.365	0.019	0.990	0.676	-32.572	0.293	0.181
-12.0	-0.870	0.02362	-0.069	0.353	0.019	0.990	0.760	-36.855	0.288	0.171
-11.0	-0.778	0.01924	-0.072	0.345	0.020	0.990	0.838	-40.417	0.282	0.157
-10.0	-0.675	0.01691	-0.075	0.315	0.022	0.989	0.895	-39.895	0.277	0.139
-9.0	-0.563	0.01520	-0.078	0.300	0.025	0.988	0.933	-37.030	0.274	0.112
-8.0	-0.445	0.01385	-0.081	0.292	0.031	0.987	0.957	-32.130	0.271	0.069
-7.0	-0.323	0.01304	-0.083	0.259	0.035	0.985	0.969	-24.759	0.270	-0.007
-6.0	-0.198	0.01228	-0.086	0.247	0.038	0.984	0.977	-16.135	0.270	-0.182
-5.0	-0.072	0.01482	-0.088	0.224	0.044	0.982	0.981	-4.842	0.270	-0.978
-4.0	0.056	0.01203	-0.091	0.206	0.055	0.981	0.985	4.624	0.270	1.881
-3.0	0.184	0.01226	-0.093	0.196	0.060	0.979	0.988	14.987	0.271	0.758
-2.0	0.312	0.01346	-0.096	0.167	0.071	0.977	0.989	23.184	0.271	0.558
-1.0	0.440	0.01383	-0.099	0.157	0.083	0.974	0.991	31.800	0.271	0.474
0.0	0.565	0.01443	-0.101	0.131	0.096	0.970	0.991	39.135	0.272	0.430
1.0	0.691	0.01505	-0.104	0.120	0.113	0.965	0.992	45.895	0.272	0.401
2.0	0.815	0.01596	-0.107	0.099	0.127	0.960	0.993	51.076	0.272	0.381
3.0	0.939	0.01689	-0.110	0.087	0.147	0.954	0.994	55.570	0.272	0.367
4.0	1.061	0.01810	-0.112	0.070	0.166	0.945	0.995	58.586	0.273	0.356
5.0	1.181	0.01937	-0.115	0.060	0.187	0.937	0.996	60.954	0.273	0.348
6.0	1.298	0.02089	-0.118	0.048	0.213	0.926	0.997	62.142	0.273	0.341
7.0	1.412	0.02302	-0.121	0.039	0.230	0.914	0.997	61.364	0.274	0.335
8.0	1.523	0.02471	-0.123	0.035	0.262	0.900	0.998	61.618	0.274	0.331
9.0	1.628	0.02705	-0.126	0.025	0.285	0.883	0.998	60.181	0.275	0.327
10.0	1.727	0.02945	-0.128	0.021	0.317	0.864	0.998	58.667	0.276	0.324
11.0	1.820	0.03205	-0.131	0.019	0.368	0.845	0.998	56.793	0.277	0.322
12.0	1.906	0.03497	-0.133	0.017	0.452	0.823	0.998	54.508	0.277	0.320
13.0	1.984	0.03920	-0.135	0.012	0.467	0.796	0.998	50.600	0.279	0.318
14.0	2.051	0.04376	-0.137	0.009	0.499	0.769	0.998	46.863	0.282	0.317
15.0	2.106	0.04871	-0.139	0.008	0.523	0.741	0.998	43.234	0.287	0.316
16.0	2.152	0.05441	-0.141	0.007	0.562	0.713	0.998	39.551	0.294	0.316
17.0	2.188	0.06067	-0.143	0.007	0.607	0.684	0.998	36.059	0.304	0.315
18.0	2.213	0.06806	-0.144	0.006	0.655	0.654	0.998	32.510	0.325	0.315
19.0	2.228	0.07616	-0.146	0.006	0.705	0.625	0.999	29.257	0.382	0.315
20.0	2.235	0.08545	-0.147	0.006	0.756	0.597	0.999	26.150	0.472	0.316

Name = NACA 4421
Mach = 0; Re = 3230000; T.U. = 1.0; T.L. = 1.0
Surface Finish = 2; Stall model = 0; Transition model = 1; Aspect Ratio = 0; ground effect = 0
?	Cl	Cd	Cm 0.25	T.U.	T.L.	S.U.	S.L.	L/D	A.C.	C.P.
[°]	[-]	[-]	[-]	[-]	[-]	[-]	[-]	[-]	[-]	[-]
-20.0	-1.315	0.11834	-0.046	0.514	0.008	0.991	0.265	-11.115	0.309	0.215
-19.0	-1.284	0.10387	-0.047	0.485	0.008	0.991	0.291	-12.358	0.305	0.213
-18.0	-1.244	0.09018	-0.050	0.451	0.009	0.991	0.320	-13.798	0.303	0.210
-17.0	-1.199	0.07649	-0.052	0.418	0.010	0.991	0.360	-15.676	0.307	0.207
-16.0	-1.150	0.06225	-0.055	0.406	0.011	0.991	0.420	-18.470	0.310	0.202
-15.0	-1.093	0.04841	-0.058	0.398	0.013	0.991	0.500	-22.570	0.313	0.197
-14.0	-1.032	0.03552	-0.062	0.370	0.018	0.990	0.608	-29.057	0.304	0.190
-13.0	-0.957	0.02819	-0.066	0.355	0.018	0.991	0.690	-33.933	0.292	0.181
-12.0	-0.873	0.02280	-0.069	0.347	0.019	0.990	0.773	-38.272	0.287	0.171
-11.0	-0.779	0.01873	-0.072	0.321	0.020	0.990	0.847	-41.593	0.282	0.157
-10.0	-0.675	0.01651	-0.075	0.303	0.022	0.989	0.902	-40.914	0.276	0.139
-9.0	-0.563	0.01493	-0.078	0.294	0.024	0.988	0.936	-37.726	0.273	0.112
-8.0	-0.445	0.01376	-0.081	0.264	0.028	0.987	0.958	-32.365	0.271	0.069
-7.0	-0.323	0.01282	-0.083	0.250	0.034	0.986	0.970	-25.181	0.270	-0.007
-6.0	-0.198	0.01208	-0.086	0.237	0.037	0.984	0.978	-16.408	0.270	-0.182
-5.0	-0.072	0.01164	-0.088	0.209	0.041	0.983	0.981	-6.166	0.270	-0.978
-4.0	0.056	0.01184	-0.091	0.199	0.052	0.981	0.985	4.699	0.270	1.881
-3.0	0.184	0.01291	-0.093	0.173	0.058	0.979	0.989	14.234	0.271	0.758
-2.0	0.312	0.01322	-0.096	0.160	0.066	0.978	0.990	23.612	0.271	0.558
-1.0	0.440	0.01367	-0.099	0.140	0.082	0.975	0.991	32.167	0.271	0.474
0.0	0.565	0.01419	-0.101	0.124	0.090	0.971	0.992	39.811	0.272	0.430
1.0	0.691	0.01490	-0.104	0.111	0.110	0.966	0.992	46.345	0.272	0.401
2.0	0.815	0.01581	-0.107	0.091	0.120	0.961	0.993	51.585	0.272	0.381
3.0	0.939	0.01657	-0.110	0.083	0.143	0.955	0.994	56.683	0.273	0.367
4.0	1.061	0.01792	-0.112	0.063	0.156	0.947	0.995	59.212	0.273	0.356
5.0	1.181	0.01900	-0.115	0.057	0.181	0.939	0.996	62.156	0.273	0.348
6.0	1.299	0.02108	-0.118	0.042	0.198	0.928	0.997	61.615	0.273	0.341
7.0	1.413	0.02263	-0.121	0.036	0.222	0.916	0.997	62.451	0.274	0.335
8.0	1.524	0.02437	-0.123	0.031	0.246	0.903	0.998	62.509	0.274	0.331
9.0	1.629	0.02660	-0.126	0.023	0.270	0.886	0.998	61.238	0.275	0.327
10.0	1.729	0.02891	-0.128	0.019	0.305	0.868	0.998	59.804	0.276	0.324
11.0	1.822	0.03137	-0.131	0.018	0.334	0.849	0.998	58.069	0.277	0.322
12.0	1.908	0.03448	-0.133	0.015	0.407	0.827	0.998	55.323	0.277	0.320
13.0	1.985	0.03853	-0.135	0.010	0.455	0.800	0.998	51.525	0.279	0.318
14.0	2.053	0.04286	-0.137	0.008	0.473	0.774	0.998	47.897	0.283	0.317
15.0	2.109	0.04764	-0.139	0.007	0.504	0.747	0.998	44.267	0.288	0.316
16.0	2.155	0.05308	-0.141	0.007	0.532	0.719	0.998	40.597	0.294	0.316
17.0	2.191	0.05917	-0.143	0.006	0.568	0.691	0.998	37.025	0.305	0.315
18.0	2.216	0.06634	-0.145	0.006	0.612	0.661	0.998	33.403	0.326	0.315
19.0	2.232	0.07433	-0.146	0.006	0.660	0.633	0.999	30.026	0.386	0.315
20.0	2.236	0.08429	-0.147	0.005	0.709	0.600	0.999	26.528	0.530	0.316

Name = NACA 4421
Mach = 0; Re = 3630000; T.U. = 1.0; T.L. = 1.0
Surface Finish = 2; Stall model = 0; Transition model = 1; Aspect Ratio = 0; ground effect = 0
?	Cl	Cd	Cm 0.25	T.U.	T.L.	S.U.	S.L.	L/D	A.C.	C.P.
[°]	[-]	[-]	[-]	[-]	[-]	[-]	[-]	[-]	[-]	[-]
-20.0	-1.317	0.11612	-0.046	0.504	0.008	0.991	0.272	-11.345	0.308	0.215
-19.0	-1.286	0.10186	-0.048	0.458	0.008	0.991	0.297	-12.620	0.305	0.213
-18.0	-1.247	0.08816	-0.050	0.425	0.009	0.991	0.327	-14.139	0.303	0.210
-17.0	-1.201	0.07481	-0.052	0.409	0.009	0.991	0.368	-16.056	0.306	0.207
-16.0	-1.152	0.06100	-0.055	0.400	0.010	0.991	0.427	-18.878	0.307	0.202
-15.0	-1.093	0.04822	-0.058	0.378	0.011	0.991	0.501	-22.664	0.307	0.197
-14.0	-1.030	0.03638	-0.062	0.358	0.014	0.990	0.597	-28.304	0.306	0.190
-13.0	-0.959	0.02729	-0.066	0.349	0.018	0.991	0.701	-35.137	0.297	0.181
-12.0	-0.875	0.02202	-0.069	0.335	0.019	0.991	0.786	-39.746	0.287	0.171
-11.0	-0.780	0.01884	-0.072	0.307	0.019	0.990	0.855	-41.421	0.281	0.157
-10.0	-0.676	0.01621	-0.075	0.296	0.020	0.990	0.906	-41.692	0.276	0.139
-9.0	-0.563	0.01475	-0.078	0.274	0.023	0.988	0.938	-38.209	0.273	0.112
-8.0	-0.445	0.01361	-0.081	0.253	0.026	0.987	0.959	-32.724	0.271	0.069
-7.0	-0.323	0.01260	-0.083	0.245	0.033	0.986	0.971	-25.622	0.270	-0.007
-6.0	-0.198	0.01192	-0.086	0.215	0.036	0.985	0.978	-16.618	0.270	-0.182
-5.0	-0.072	0.00863	-0.088	0.203	0.040	0.983	0.982	-8.317	0.270	-0.978
-4.0	0.056	0.01174	-0.091	0.185	0.047	0.982	0.986	4.742	0.270	1.881
-3.0	0.184	0.01281	-0.093	0.164	0.056	0.980	0.989	14.346	0.271	0.758
-2.0	0.312	0.01308	-0.096	0.156	0.062	0.978	0.990	23.856	0.271	0.558
-1.0	0.440	0.01351	-0.099	0.129	0.080	0.975	0.991	32.568	0.271	0.475
0.0	0.565	0.01406	-0.101	0.119	0.087	0.971	0.992	40.197	0.272	0.430
1.0	0.691	0.01479	-0.104	0.098	0.104	0.967	0.993	46.691	0.272	0.401
2.0	0.816	0.01554	-0.107	0.087	0.115	0.962	0.994	52.484	0.272	0.381
3.0	0.939	0.01654	-0.110	0.071	0.136	0.956	0.994	56.778	0.273	0.367
4.0	1.061	0.01763	-0.113	0.060	0.150	0.948	0.995	60.204	0.273	0.356
5.0	1.182	0.01884	-0.115	0.051	0.176	0.941	0.996	62.707	0.273	0.348
6.0	1.299	0.02081	-0.118	0.039	0.189	0.930	0.997	62.425	0.273	0.341
7.0	1.414	0.02221	-0.121	0.035	0.217	0.918	0.997	63.650	0.274	0.335
8.0	1.524	0.02414	-0.123	0.026	0.232	0.905	0.998	63.140	0.274	0.331
9.0	1.630	0.02618	-0.126	0.021	0.262	0.889	0.998	62.252	0.275	0.327
10.0	1.730	0.02839	-0.129	0.019	0.286	0.872	0.998	60.952	0.276	0.324
11.0	1.823	0.03083	-0.131	0.017	0.315	0.853	0.998	59.138	0.277	0.322
12.0	1.909	0.03419	-0.133	0.012	0.360	0.830	0.998	55.826	0.277	0.320
13.0	1.987	0.03793	-0.135	0.009	0.449	0.804	0.998	52.385	0.279	0.318
14.0	2.055	0.04203	-0.138	0.008	0.460	0.779	0.998	48.900	0.283	0.317
15.0	2.111	0.04669	-0.140	0.007	0.482	0.752	0.998	45.215	0.288	0.316
16.0	2.157	0.05202	-0.141	0.006	0.510	0.724	0.998	41.470	0.295	0.316
17.0	2.194	0.05790	-0.143	0.006	0.551	0.697	0.998	37.886	0.305	0.315
18.0	2.219	0.06493	-0.145	0.006	0.580	0.667	0.998	34.171	0.327	0.315
19.0	2.235	0.07250	-0.146	0.006	0.622	0.639	0.999	30.829	0.394	0.316
20.0	2.236	0.08451	-0.147	0.003	0.669	0.599	0.999	26.455	1.558	0.316

Name = NACA 4421
Mach = 0; Re = 4030000; T.U. = 1.0; T.L. = 1.0
Surface Finish = 2; Stall model = 0; Transition model = 1; Aspect Ratio = 0; ground effect = 0
?	Cl	Cd	Cm 0.25	T.U.	T.L.	S.U.	S.L.	L/D	A.C.	C.P.
[°]	[-]	[-]	[-]	[-]	[-]	[-]	[-]	[-]	[-]	[-]
-20.0	-1.319	0.11474	-0.046	0.468	0.007	0.992	0.276	-11.492	0.307	0.215
-19.0	-1.287	0.10066	-0.048	0.440	0.008	0.991	0.301	-12.782	0.306	0.213
-18.0	-1.248	0.08695	-0.050	0.413	0.008	0.991	0.332	-14.353	0.304	0.210
-17.0	-1.203	0.07346	-0.052	0.403	0.009	0.991	0.374	-16.377	0.307	0.206
-16.0	-1.153	0.05998	-0.055	0.397	0.009	0.991	0.433	-19.228	0.307	0.202
-15.0	-1.094	0.04739	-0.059	0.363	0.010	0.991	0.507	-23.091	0.304	0.197
-14.0	-1.029	0.03651	-0.062	0.351	0.012	0.991	0.593	-28.179	0.307	0.190
-13.0	-0.962	0.02632	-0.066	0.345	0.018	0.991	0.714	-36.537	0.299	0.181
-12.0	-0.877	0.02155	-0.069	0.313	0.018	0.991	0.795	-40.688	0.286	0.171
-11.0	-0.782	0.01844	-0.073	0.300	0.019	0.990	0.862	-42.386	0.280	0.157
-10.0	-0.677	0.01652	-0.075	0.292	0.020	0.990	0.910	-40.941	0.275	0.139
-9.0	-0.564	0.01454	-0.078	0.259	0.022	0.989	0.941	-38.774	0.273	0.111
-8.0	-0.445	0.01346	-0.081	0.247	0.024	0.988	0.960	-33.087	0.271	0.069
-7.0	-0.323	0.01248	-0.083	0.227	0.033	0.986	0.973	-25.877	0.270	-0.008
-6.0	-0.198	0.01179	-0.086	0.207	0.035	0.985	0.979	-16.817	0.270	-0.182
-5.0	-0.072	0.00850	-0.088	0.198	0.038	0.984	0.983	-8.446	0.270	-0.979
-4.0	0.056	0.01173	-0.091	0.170	0.044	0.982	0.987	4.746	0.270	1.881
-3.0	0.184	0.01258	-0.093	0.159	0.055	0.980	0.989	14.608	0.271	0.758
-2.0	0.312	0.01296	-0.096	0.139	0.060	0.979	0.990	24.083	0.271	0.558
-1.0	0.440	0.01341	-0.099	0.123	0.072	0.976	0.991	32.814	0.271	0.475
0.0	0.565	0.01383	-0.101	0.115	0.084	0.972	0.992	40.872	0.272	0.430
1.0	0.691	0.01468	-0.104	0.092	0.096	0.968	0.993	47.050	0.272	0.401
2.0	0.816	0.01536	-0.107	0.084	0.112	0.963	0.994	53.102	0.272	0.381
3.0	0.939	0.01637	-0.110	0.065	0.126	0.957	0.995	57.393	0.273	0.367
4.0	1.062	0.01735	-0.113	0.058	0.146	0.950	0.996	61.191	0.273	0.356
5.0	1.182	0.01869	-0.115	0.044	0.163	0.942	0.997	63.245	0.273	0.348
6.0	1.300	0.02049	-0.118	0.037	0.184	0.932	0.997	63.428	0.274	0.341
7.0	1.414	0.02191	-0.121	0.034	0.204	0.921	0.998	64.566	0.274	0.335
8.0	1.525	0.02385	-0.123	0.024	0.225	0.907	0.998	63.946	0.274	0.331
9.0	1.631	0.02582	-0.126	0.020	0.255	0.892	0.998	63.154	0.275	0.327
10.0	1.731	0.02790	-0.129	0.018	0.273	0.875	0.998	62.059	0.276	0.324
11.0	1.825	0.03027	-0.131	0.017	0.306	0.857	0.998	60.284	0.277	0.322
12.0	1.910	0.03380	-0.133	0.011	0.335	0.833	0.998	56.506	0.277	0.320
13.0	1.988	0.03735	-0.136	0.008	0.396	0.808	0.998	53.245	0.279	0.318
14.0	2.057	0.04127	-0.138	0.007	0.452	0.783	0.998	49.838	0.283	0.317
15.0	2.113	0.04577	-0.140	0.006	0.466	0.757	0.998	46.167	0.288	0.316
16.0	2.160	0.05093	-0.142	0.006	0.499	0.730	0.998	42.401	0.295	0.316
17.0	2.196	0.05677	-0.143	0.006	0.519	0.702	0.998	38.681	0.306	0.315
18.0	2.221	0.06372	-0.145	0.005	0.558	0.673	0.999	34.862	0.326	0.315
19.0	2.234	0.07287	-0.146	0.004	0.602	0.638	0.999	30.664	0.400	0.316
20.0	2.237	0.08388	-0.147	0.002	0.639	0.601	0.999	26.669	0.683	0.316

Name = NACA 4421
Mach = 0; Re = 4430000; T.U. = 1.0; T.L. = 1.0
Surface Finish = 2; Stall model = 0; Transition model = 1; Aspect Ratio = 0; ground effect = 0
?	Cl	Cd	Cm 0.25	T.U.	T.L.	S.U.	S.L.	L/D	A.C.	C.P.
[°]	[-]	[-]	[-]	[-]	[-]	[-]	[-]	[-]	[-]	[-]
-20.0	-1.320	0.11297	-0.046	0.454	0.007	0.992	0.281	-11.686	0.304	0.215
-19.0	-1.288	0.09969	-0.048	0.421	0.007	0.992	0.304	-12.916	0.305	0.213
-18.0	-1.249	0.08591	-0.050	0.406	0.008	0.991	0.336	-14.539	0.305	0.210
-17.0	-1.204	0.07249	-0.052	0.399	0.008	0.991	0.379	-16.611	0.308	0.206
-16.0	-1.155	0.05890	-0.055	0.372	0.009	0.991	0.440	-19.611	0.306	0.202
-15.0	-1.095	0.04683	-0.059	0.355	0.010	0.991	0.511	-23.387	0.302	0.196
-14.0	-1.029	0.03653	-0.062	0.347	0.011	0.991	0.592	-28.158	0.305	0.190
-13.0	-0.961	0.02650	-0.066	0.326	0.016	0.991	0.710	-36.261	0.301	0.181
-12.0	-0.878	0.02098	-0.070	0.304	0.018	0.991	0.804	-41.882	0.287	0.171
-11.0	-0.783	0.01807	-0.073	0.295	0.019	0.990	0.870	-43.328	0.279	0.157
-10.0	-0.677	0.01631	-0.075	0.268	0.020	0.990	0.914	-41.510	0.275	0.139
-9.0	-0.564	0.01433	-0.078	0.252	0.021	0.989	0.943	-39.347	0.272	0.111
-8.0	-0.445	0.01327	-0.081	0.244	0.023	0.988	0.961	-33.574	0.271	0.069
-7.0	-0.323	0.01240	-0.083	0.213	0.029	0.987	0.973	-26.051	0.270	-0.008
-6.0	-0.198	0.01160	-0.086	0.202	0.035	0.985	0.980	-17.083	0.270	-0.182
-5.0	-0.072	0.00845	-0.088	0.185	0.037	0.984	0.983	-8.500	0.270	-0.979
-4.0	0.056	0.01158	-0.091	0.164	0.041	0.982	0.987	4.807	0.270	1.881
-3.0	0.184	0.01238	-0.093	0.156	0.054	0.981	0.990	14.855	0.271	0.758
-2.0	0.312	0.01289	-0.096	0.129	0.058	0.979	0.990	24.207	0.271	0.558
-1.0	0.440	0.01328	-0.099	0.120	0.068	0.977	0.991	33.116	0.271	0.475
0.0	0.565	0.01384	-0.101	0.100	0.082	0.973	0.992	40.843	0.272	0.430
1.0	0.691	0.01448	-0.104	0.088	0.091	0.968	0.993	47.709	0.272	0.401
2.0	0.816	0.01521	-0.107	0.077	0.110	0.964	0.994	53.633	0.272	0.381
3.0	0.940	0.01622	-0.110	0.061	0.120	0.959	0.995	57.947	0.273	0.367
4.0	1.062	0.01714	-0.113	0.056	0.144	0.951	0.996	61.954	0.273	0.356
5.0	1.182	0.01853	-0.115	0.041	0.155	0.943	0.997	63.786	0.273	0.348
6.0	1.300	0.02023	-0.118	0.036	0.180	0.934	0.997	64.258	0.274	0.341
7.0	1.415	0.02169	-0.121	0.030	0.194	0.922	0.998	65.227	0.274	0.335
8.0	1.525	0.02357	-0.124	0.022	0.220	0.909	0.998	64.706	0.274	0.331
9.0	1.632	0.02545	-0.126	0.019	0.238	0.894	0.998	64.121	0.275	0.327
10.0	1.732	0.02751	-0.129	0.018	0.266	0.878	0.998	62.984	0.276	0.324
11.0	1.825	0.03010	-0.131	0.014	0.294	0.858	0.998	60.630	0.277	0.322
12.0	1.911	0.03337	-0.134	0.009	0.319	0.836	0.998	57.263	0.278	0.320
13.0	1.990	0.03680	-0.136	0.008	0.363	0.812	0.998	54.068	0.280	0.318
14.0	2.059	0.04063	-0.138	0.007	0.445	0.787	0.998	50.670	0.283	0.317
15.0	2.115	0.04505	-0.140	0.006	0.457	0.761	0.998	46.950	0.288	0.316
16.0	2.162	0.05007	-0.142	0.006	0.475	0.734	0.998	43.177	0.295	0.316
17.0	2.198	0.05565	-0.144	0.006	0.506	0.707	0.998	39.500	0.306	0.315
18.0	2.224	0.06249	-0.145	0.005	0.537	0.678	0.999	35.591	0.325	0.315
19.0	2.235	0.07270	-0.146	0.003	0.569	0.639	0.999	30.740	0.406	0.316
20.0	2.238	0.08293	-0.148	0.002	0.611	0.604	0.999	26.990	0.570	0.316

Name = NACA 4421
Mach = 0; Re = 4830000; T.U. = 1.0; T.L. = 1.0
Surface Finish = 2; Stall model = 0; Transition model = 1; Aspect Ratio = 0; ground effect = 0
?	Cl	Cd	Cm 0.25	T.U.	T.L.	S.U.	S.L.	L/D	A.C.	C.P.
[°]	[-]	[-]	[-]	[-]	[-]	[-]	[-]	[-]	[-]	[-]
-20.0	-1.321	0.11215	-0.046	0.436	0.007	0.992	0.284	-11.778	0.309	0.215
-19.0	-1.289	0.09809	-0.048	0.411	0.007	0.992	0.310	-13.145	0.307	0.213
-18.0	-1.251	0.08454	-0.050	0.402	0.008	0.991	0.342	-14.795	0.305	0.210
-17.0	-1.206	0.07101	-0.053	0.394	0.008	0.991	0.386	-16.988	0.309	0.206
-16.0	-1.158	0.05741	-0.056	0.361	0.009	0.991	0.450	-20.164	0.306	0.202
-15.0	-1.097	0.04585	-0.059	0.350	0.009	0.991	0.519	-23.928	0.299	0.196
-14.0	-1.029	0.03613	-0.062	0.344	0.010	0.991	0.595	-28.488	0.302	0.190
-13.0	-0.959	0.02688	-0.066	0.311	0.013	0.991	0.703	-35.687	0.301	0.181
-12.0	-0.880	0.02062	-0.070	0.298	0.018	0.991	0.811	-42.668	0.289	0.171
-11.0	-0.783	0.01776	-0.073	0.292	0.018	0.991	0.874	-44.108	0.279	0.157
-10.0	-0.678	0.01608	-0.076	0.257	0.019	0.990	0.918	-42.131	0.275	0.139
-9.0	-0.564	0.01417	-0.078	0.247	0.020	0.989	0.945	-39.799	0.272	0.111
-8.0	-0.446	0.01315	-0.081	0.228	0.022	0.989	0.962	-33.871	0.271	0.069
-7.0	-0.323	0.01234	-0.083	0.206	0.027	0.987	0.974	-26.178	0.270	-0.008
-6.0	-0.198	0.01152	-0.086	0.198	0.034	0.986	0.980	-17.211	0.270	-0.182
-5.0	-0.072	0.00835	-0.088	0.171	0.037	0.984	0.984	-8.602	0.270	-0.979
-4.0	0.056	0.00830	-0.091	0.160	0.040	0.983	0.988	6.709	0.270	1.882
-3.0	0.184	0.01234	-0.093	0.145	0.051	0.981	0.989	14.896	0.271	0.758
-2.0	0.312	0.01273	-0.096	0.124	0.057	0.979	0.991	24.511	0.271	0.558
-1.0	0.440	0.01311	-0.099	0.117	0.064	0.977	0.992	33.553	0.271	0.475
0.0	0.565	0.01376	-0.102	0.094	0.081	0.973	0.992	41.068	0.272	0.430
1.0	0.691	0.01434	-0.104	0.086	0.088	0.969	0.993	48.175	0.272	0.401
2.0	0.816	0.01517	-0.107	0.069	0.108	0.964	0.994	53.799	0.272	0.381
3.0	0.940	0.01600	-0.110	0.059	0.116	0.959	0.995	58.731	0.273	0.367
4.0	1.062	0.01699	-0.113	0.051	0.142	0.952	0.996	62.513	0.273	0.356
5.0	1.182	0.01830	-0.115	0.038	0.151	0.944	0.997	64.613	0.273	0.348
6.0	1.301	0.01999	-0.118	0.035	0.178	0.936	0.997	65.083	0.274	0.341
7.0	1.415	0.02158	-0.121	0.026	0.188	0.923	0.998	65.574	0.274	0.335
8.0	1.526	0.02328	-0.124	0.021	0.217	0.911	0.998	65.562	0.274	0.331
9.0	1.632	0.02508	-0.126	0.018	0.230	0.896	0.998	65.072	0.275	0.327
10.0	1.733	0.02710	-0.129	0.017	0.262	0.881	0.998	63.962	0.276	0.324
11.0	1.826	0.02993	-0.131	0.011	0.279	0.860	0.998	61.005	0.277	0.322
12.0	1.912	0.03296	-0.134	0.009	0.310	0.838	0.998	58.016	0.278	0.320
13.0	1.991	0.03629	-0.136	0.007	0.348	0.815	0.998	54.869	0.280	0.318
14.0	2.060	0.04002	-0.138	0.006	0.401	0.791	0.998	51.477	0.284	0.317
15.0	2.117	0.04425	-0.140	0.006	0.452	0.765	0.998	47.847	0.289	0.316
16.0	2.163	0.04930	-0.142	0.006	0.464	0.738	0.998	43.886	0.296	0.316
17.0	2.200	0.05483	-0.144	0.006	0.495	0.712	0.998	40.131	0.305	0.315
18.0	2.223	0.06301	-0.145	0.003	0.516	0.676	0.999	35.283	0.325	0.315
19.0	2.236	0.07213	-0.147	0.002	0.555	0.641	0.999	30.997	0.396	0.316
20.0	2.240	0.08193	-0.148	0.001	0.590	0.608	0.999	27.340	0.534	0.316

Name = NACA 4421
Mach = 0; Re = 5230000; T.U. = 1.0; T.L. = 1.0
Surface Finish = 2; Stall model = 0; Transition model = 1; Aspect Ratio = 0; ground effect = 0
?	Cl	Cd	Cm 0.25	T.U.	T.L.	S.U.	S.L.	L/D	A.C.	C.P.
[°]	[-]	[-]	[-]	[-]	[-]	[-]	[-]	[-]	[-]	[-]
-20.0	-1.322	0.11075	-0.046	0.419	0.007	0.992	0.288	-11.939	0.310	0.215
-19.0	-1.291	0.09663	-0.048	0.406	0.007	0.992	0.315	-13.359	0.306	0.213
-18.0	-1.252	0.08375	-0.050	0.399	0.007	0.992	0.345	-14.946	0.305	0.210
-17.0	-1.207	0.07021	-0.053	0.371	0.008	0.991	0.391	-17.199	0.310	0.206
-16.0	-1.159	0.05655	-0.056	0.355	0.008	0.991	0.455	-20.495	0.305	0.202
-15.0	-1.098	0.04545	-0.059	0.347	0.009	0.991	0.521	-24.152	0.299	0.196
-14.0	-1.031	0.03556	-0.062	0.326	0.010	0.991	0.601	-28.985	0.300	0.190
-13.0	-0.959	0.02701	-0.066	0.303	0.012	0.991	0.700	-35.493	0.301	0.181
-12.0	-0.881	0.02014	-0.070	0.295	0.018	0.991	0.819	-43.749	0.290	0.171
-11.0	-0.784	0.01753	-0.073	0.269	0.018	0.991	0.879	-44.737	0.278	0.157
-10.0	-0.678	0.01592	-0.076	0.252	0.019	0.990	0.920	-42.586	0.274	0.139
-9.0	-0.564	0.01399	-0.078	0.244	0.020	0.990	0.946	-40.337	0.272	0.111
-8.0	-0.446	0.01304	-0.081	0.214	0.021	0.989	0.963	-34.179	0.271	0.069
-7.0	-0.323	0.01222	-0.083	0.203	0.025	0.987	0.974	-26.444	0.270	-0.008
-6.0	-0.198	0.01140	-0.086	0.192	0.033	0.986	0.980	-17.390	0.270	-0.182
-5.0	-0.072	0.00835	-0.088	0.165	0.036	0.984	0.984	-8.597	0.270	-0.979
-4.0	0.056	0.00829	-0.091	0.157	0.039	0.983	0.988	6.716	0.270	1.882
-3.0	0.184	0.01232	-0.093	0.133	0.047	0.981	0.989	14.924	0.271	0.758
-2.0	0.312	0.01263	-0.096	0.121	0.056	0.979	0.991	24.710	0.271	0.558
-1.0	0.440	0.01306	-0.099	0.109	0.062	0.978	0.992	33.680	0.271	0.475
0.0	0.565	0.01356	-0.102	0.090	0.080	0.974	0.992	41.682	0.272	0.430
1.0	0.691	0.01414	-0.104	0.084	0.086	0.970	0.993	48.875	0.272	0.401
2.0	0.816	0.01506	-0.107	0.065	0.103	0.965	0.994	54.178	0.272	0.381
3.0	0.940	0.01585	-0.110	0.058	0.114	0.960	0.995	59.316	0.273	0.367
4.0	1.062	0.01695	-0.113	0.045	0.132	0.953	0.996	62.685	0.273	0.356
5.0	1.183	0.01812	-0.115	0.037	0.147	0.945	0.997	65.267	0.273	0.348
6.0	1.301	0.01973	-0.118	0.034	0.166	0.937	0.997	65.942	0.274	0.341
7.0	1.415	0.02137	-0.121	0.024	0.184	0.924	0.998	66.231	0.274	0.335
8.0	1.526	0.02298	-0.124	0.020	0.206	0.912	0.998	66.419	0.275	0.331
9.0	1.633	0.02480	-0.126	0.018	0.225	0.898	0.998	65.857	0.275	0.327
10.0	1.734	0.02675	-0.129	0.017	0.254	0.883	0.998	64.809	0.276	0.324
11.0	1.826	0.02965	-0.131	0.010	0.271	0.862	0.998	61.603	0.277	0.322
12.0	1.913	0.03251	-0.134	0.008	0.305	0.841	0.998	58.853	0.278	0.320
13.0	1.992	0.03582	-0.136	0.007	0.327	0.818	0.998	55.620	0.280	0.318
14.0	2.062	0.03952	-0.138	0.006	0.371	0.794	0.998	52.176	0.284	0.317
15.0	2.119	0.04364	-0.140	0.006	0.448	0.769	0.998	48.543	0.289	0.316
16.0	2.166	0.04852	-0.142	0.006	0.457	0.743	0.998	44.630	0.296	0.316
17.0	2.202	0.05391	-0.144	0.006	0.475	0.716	0.998	40.848	0.304	0.315
18.0	2.223	0.06279	-0.145	0.002	0.505	0.677	0.999	35.411	0.325	0.315
19.0	2.237	0.07136	-0.147	0.002	0.534	0.644	0.999	31.354	0.392	0.316
20.0	2.242	0.08086	-0.148	0.001	0.566	0.612	0.999	27.727	0.525	0.316

Name = NACA 4421
Mach = 0; Re = 5630000; T.U. = 1.0; T.L. = 1.0
Surface Finish = 2; Stall model = 0; Transition model = 1; Aspect Ratio = 0; ground effect = 0
?	Cl	Cd	Cm 0.25	T.U.	T.L.	S.U.	S.L.	L/D	A.C.	C.P.
[°]	[-]	[-]	[-]	[-]	[-]	[-]	[-]	[-]	[-]	[-]
-20.0	-1.323	0.10943	-0.046	0.412	0.007	0.992	0.292	-12.094	0.308	0.215
-19.0	-1.292	0.09587	-0.048	0.402	0.007	0.992	0.317	-13.473	0.306	0.213
-18.0	-1.253	0.08254	-0.050	0.396	0.007	0.992	0.350	-15.179	0.306	0.210
-17.0	-1.209	0.06903	-0.053	0.361	0.008	0.991	0.397	-17.518	0.310	0.206
-16.0	-1.160	0.05584	-0.056	0.351	0.008	0.991	0.460	-20.779	0.305	0.202
-15.0	-1.100	0.04441	-0.059	0.344	0.009	0.991	0.529	-24.764	0.299	0.196
-14.0	-1.032	0.03497	-0.062	0.311	0.009	0.991	0.607	-29.505	0.298	0.190
-13.0	-0.959	0.02699	-0.066	0.299	0.010	0.991	0.699	-35.520	0.300	0.181
-12.0	-0.881	0.02017	-0.070	0.292	0.016	0.991	0.817	-43.668	0.291	0.171
-11.0	-0.785	0.01724	-0.073	0.259	0.018	0.991	0.884	-45.538	0.279	0.157
-10.0	-0.678	0.01568	-0.076	0.248	0.019	0.990	0.923	-43.264	0.274	0.139
-9.0	-0.565	0.01443	-0.078	0.235	0.020	0.990	0.949	-39.116	0.272	0.111
-8.0	-0.446	0.01291	-0.081	0.208	0.020	0.989	0.964	-34.528	0.271	0.069
-7.0	-0.323	0.01211	-0.083	0.199	0.024	0.988	0.975	-26.694	0.270	-0.008
-6.0	-0.198	0.01126	-0.086	0.176	0.033	0.986	0.981	-17.602	0.270	-0.182
-5.0	-0.072	0.00823	-0.088	0.161	0.036	0.985	0.985	-8.725	0.270	-0.979
-4.0	0.056	0.00817	-0.091	0.155	0.038	0.983	0.988	6.815	0.270	1.882
-3.0	0.184	0.01231	-0.093	0.127	0.044	0.981	0.989	14.935	0.271	0.758
-2.0	0.312	0.01244	-0.096	0.119	0.055	0.980	0.991	25.098	0.271	0.558
-1.0	0.440	0.01307	-0.099	0.099	0.061	0.978	0.992	33.670	0.271	0.475
0.0	0.565	0.01348	-0.102	0.088	0.075	0.975	0.992	41.952	0.272	0.430
1.0	0.691	0.01406	-0.104	0.079	0.084	0.971	0.993	49.153	0.272	0.401
2.0	0.816	0.01490	-0.107	0.062	0.096	0.966	0.994	54.775	0.272	0.381
3.0	0.940	0.01571	-0.110	0.057	0.112	0.961	0.995	59.857	0.273	0.367
4.0	1.062	0.01685	-0.113	0.041	0.124	0.954	0.996	63.054	0.273	0.356
5.0	1.183	0.01790	-0.115	0.036	0.146	0.946	0.997	66.078	0.273	0.348
6.0	1.301	0.01954	-0.118	0.033	0.158	0.938	0.997	66.587	0.274	0.341
7.0	1.416	0.02118	-0.121	0.022	0.182	0.926	0.998	66.840	0.274	0.335
8.0	1.527	0.02278	-0.124	0.019	0.196	0.914	0.998	67.026	0.275	0.331
9.0	1.634	0.02448	-0.126	0.018	0.221	0.900	0.998	66.741	0.275	0.327
10.0	1.734	0.02661	-0.129	0.015	0.239	0.884	0.998	65.187	0.276	0.324
11.0	1.827	0.02939	-0.131	0.009	0.266	0.864	0.998	62.169	0.277	0.322
12.0	1.914	0.03219	-0.134	0.008	0.293	0.844	0.998	59.468	0.278	0.320
13.0	1.994	0.03537	-0.136	0.007	0.316	0.821	0.998	56.364	0.280	0.318
14.0	2.063	0.03894	-0.138	0.006	0.356	0.798	0.998	52.981	0.284	0.317
15.0	2.120	0.04314	-0.140	0.006	0.410	0.772	0.998	49.147	0.289	0.316
16.0	2.167	0.04792	-0.142	0.005	0.452	0.746	0.998	45.228	0.295	0.316
17.0	2.202	0.05414	-0.144	0.004	0.465	0.715	0.999	40.668	0.304	0.315
18.0	2.224	0.06244	-0.145	0.002	0.499	0.679	0.999	35.621	0.326	0.315
19.0	2.239	0.07058	-0.147	0.001	0.517	0.647	0.999	31.720	0.391	0.316
20.0	2.244	0.07983	-0.148	0.001	0.555	0.616	0.999	28.108	0.509	0.316

Name = NACA 4421
Mach = 0; Re = 6030000; T.U. = 1.0; T.L. = 1.0
Surface Finish = 2; Stall model = 0; Transition model = 1; Aspect Ratio = 0; ground effect = 0
?	Cl	Cd	Cm 0.25	T.U.	T.L.	S.U.	S.L.	L/D	A.C.	C.P.
[°]	[-]	[-]	[-]	[-]	[-]	[-]	[-]	[-]	[-]	[-]
-20.0	-1.325	0.10822	-0.047	0.407	0.007	0.992	0.296	-12.240	0.308	0.215
-19.0	-1.293	0.09465	-0.048	0.399	0.007	0.992	0.322	-13.661	0.307	0.213
-18.0	-1.255	0.08127	-0.051	0.375	0.007	0.992	0.356	-15.439	0.306	0.210
-17.0	-1.211	0.06811	-0.053	0.355	0.007	0.991	0.402	-17.774	0.310	0.206
-16.0	-1.162	0.05477	-0.056	0.348	0.008	0.991	0.467	-21.217	0.305	0.202
-15.0	-1.101	0.04386	-0.059	0.333	0.008	0.991	0.534	-25.093	0.299	0.196
-14.0	-1.033	0.03449	-0.062	0.305	0.009	0.991	0.612	-29.954	0.298	0.190
-13.0	-0.960	0.02654	-0.066	0.296	0.010	0.991	0.705	-36.162	0.298	0.181
-12.0	-0.880	0.02043	-0.070	0.275	0.014	0.991	0.810	-43.059	0.290	0.171
-11.0	-0.786	0.01708	-0.073	0.253	0.018	0.991	0.887	-45.982	0.280	0.157
-10.0	-0.679	0.01554	-0.076	0.245	0.018	0.990	0.926	-43.686	0.274	0.139
-9.0	-0.565	0.01436	-0.078	0.219	0.019	0.990	0.950	-39.325	0.272	0.111
-8.0	-0.446	0.01279	-0.081	0.204	0.020	0.989	0.965	-34.867	0.271	0.069
-7.0	-0.323	0.01195	-0.083	0.197	0.023	0.988	0.976	-27.057	0.270	-0.008
-6.0	-0.198	0.01127	-0.086	0.168	0.030	0.986	0.981	-17.587	0.270	-0.182
-5.0	-0.072	0.00811	-0.088	0.159	0.035	0.985	0.985	-8.859	0.270	-0.979
-4.0	0.056	0.00815	-0.091	0.141	0.037	0.984	0.988	6.831	0.270	1.882
-3.0	0.184	0.01213	-0.093	0.123	0.042	0.982	0.990	15.154	0.271	0.758
-2.0	0.312	0.01237	-0.096	0.117	0.055	0.980	0.991	25.244	0.271	0.558
-1.0	0.440	0.01289	-0.099	0.094	0.060	0.978	0.992	34.131	0.271	0.475
0.0	0.565	0.01340	-0.102	0.086	0.071	0.975	0.992	42.200	0.272	0.430
1.0	0.691	0.01406	-0.104	0.071	0.083	0.971	0.993	49.150	0.272	0.401
2.0	0.816	0.01480	-0.107	0.060	0.092	0.966	0.994	55.167	0.273	0.381
3.0	0.940	0.01550	-0.110	0.056	0.111	0.962	0.995	60.666	0.273	0.367
4.0	1.063	0.01667	-0.113	0.039	0.120	0.955	0.996	63.726	0.273	0.356
5.0	1.183	0.01774	-0.116	0.035	0.144	0.947	0.997	66.681	0.273	0.348
6.0	1.301	0.01947	-0.118	0.029	0.153	0.939	0.997	66.861	0.274	0.341
7.0	1.416	0.02096	-0.121	0.021	0.180	0.927	0.998	67.563	0.274	0.335
8.0	1.528	0.02256	-0.124	0.019	0.191	0.916	0.998	67.709	0.275	0.331
9.0	1.634	0.02423	-0.126	0.017	0.218	0.902	0.998	67.447	0.275	0.327
10.0	1.735	0.02652	-0.129	0.012	0.232	0.885	0.998	65.413	0.276	0.324
11.0	1.828	0.02910	-0.131	0.009	0.262	0.866	0.998	62.818	0.277	0.322
12.0	1.915	0.03183	-0.134	0.007	0.280	0.846	0.998	60.176	0.278	0.320
13.0	1.995	0.03493	-0.136	0.006	0.310	0.824	0.998	57.116	0.280	0.318
14.0	2.065	0.03854	-0.138	0.006	0.345	0.801	0.998	53.570	0.284	0.317
15.0	2.122	0.04260	-0.140	0.006	0.389	0.776	0.998	49.810	0.289	0.316
16.0	2.169	0.04721	-0.142	0.005	0.449	0.750	0.998	45.936	0.294	0.316
17.0	2.202	0.05418	-0.144	0.003	0.459	0.715	0.999	40.635	0.304	0.315
18.0	2.225	0.06181	-0.145	0.001	0.478	0.681	0.999	36.006	0.327	0.315
19.0	2.240	0.06979	-0.147	0.001	0.507	0.650	0.999	32.102	0.391	0.316
20.0	2.245	0.07887	-0.148	0.001	0.539	0.619	0.999	28.468	0.518	0.316

Name = NACA 4421
Mach = 0; Re = 6430000; T.U. = 1.0; T.L. = 1.0
Surface Finish = 2; Stall model = 0; Transition model = 1; Aspect Ratio = 0; ground effect = 0
?	Cl	Cd	Cm 0.25	T.U.	T.L.	S.U.	S.L.	L/D	A.C.	C.P.
[°]	[-]	[-]	[-]	[-]	[-]	[-]	[-]	[-]	[-]	[-]
-20.0	-1.325	0.10762	-0.047	0.404	0.007	0.992	0.297	-12.312	0.313	0.215
-19.0	-1.294	0.09354	-0.049	0.397	0.007	0.992	0.326	-13.837	0.308	0.212
-18.0	-1.255	0.08067	-0.051	0.364	0.007	0.992	0.358	-15.562	0.308	0.210
-17.0	-1.213	0.06683	-0.053	0.351	0.007	0.991	0.409	-18.145	0.311	0.206
-16.0	-1.164	0.05373	-0.056	0.346	0.008	0.991	0.474	-21.661	0.304	0.202
-15.0	-1.103	0.04303	-0.059	0.316	0.008	0.991	0.541	-25.620	0.298	0.196
-14.0	-1.034	0.03403	-0.062	0.300	0.008	0.991	0.617	-30.384	0.297	0.190
-13.0	-0.960	0.02637	-0.066	0.293	0.009	0.991	0.707	-36.406	0.296	0.181
-12.0	-0.879	0.02047	-0.070	0.262	0.012	0.991	0.809	-42.957	0.291	0.171
-11.0	-0.786	0.01687	-0.073	0.249	0.018	0.991	0.891	-46.606	0.280	0.157
-10.0	-0.679	0.01533	-0.076	0.243	0.018	0.990	0.928	-44.300	0.274	0.139
-9.0	-0.565	0.01424	-0.078	0.211	0.019	0.990	0.952	-39.678	0.272	0.111
-8.0	-0.446	0.01265	-0.081	0.202	0.020	0.990	0.965	-35.238	0.271	0.069
-7.0	-0.323	0.01180	-0.083	0.187	0.022	0.988	0.976	-27.392	0.270	-0.008
-6.0	-0.198	0.01123	-0.086	0.164	0.028	0.987	0.981	-17.654	0.270	-0.182
-5.0	-0.072	0.00811	-0.088	0.157	0.035	0.985	0.985	-8.863	0.270	-0.979
-4.0	0.056	0.00882	-0.091	0.132	0.037	0.984	0.989	6.311	0.270	1.882
-3.0	0.184	0.01207	-0.093	0.121	0.040	0.982	0.990	15.229	0.271	0.758
-2.0	0.312	0.01232	-0.096	0.113	0.054	0.980	0.991	25.334	0.271	0.558
-1.0	0.440	0.01280	-0.099	0.091	0.058	0.979	0.992	34.372	0.271	0.475
0.0	0.565	0.01323	-0.102	0.085	0.067	0.976	0.993	42.739	0.272	0.430
1.0	0.691	0.01392	-0.104	0.066	0.082	0.971	0.994	49.650	0.272	0.401
2.0	0.816	0.01470	-0.107	0.059	0.088	0.967	0.994	55.547	0.272	0.381
3.0	0.940	0.01548	-0.110	0.050	0.110	0.962	0.995	60.765	0.273	0.367
4.0	1.063	0.01655	-0.113	0.038	0.117	0.956	0.996	64.218	0.273	0.356
5.0	1.183	0.01759	-0.116	0.035	0.142	0.948	0.997	67.294	0.273	0.348
6.0	1.302	0.01934	-0.118	0.026	0.150	0.940	0.997	67.313	0.274	0.341
7.0	1.417	0.02079	-0.121	0.020	0.178	0.929	0.998	68.143	0.274	0.335
8.0	1.528	0.02231	-0.124	0.018	0.187	0.917	0.998	68.478	0.275	0.331
9.0	1.635	0.02401	-0.126	0.017	0.216	0.904	0.998	68.103	0.275	0.327
10.0	1.735	0.02635	-0.129	0.011	0.227	0.886	0.998	65.852	0.276	0.324
11.0	1.829	0.02880	-0.131	0.008	0.260	0.868	0.998	63.518	0.277	0.322
12.0	1.916	0.03150	-0.134	0.007	0.272	0.848	0.998	60.832	0.278	0.320
13.0	1.996	0.03457	-0.136	0.006	0.306	0.826	0.998	57.739	0.280	0.318
14.0	2.066	0.03803	-0.138	0.006	0.327	0.803	0.998	54.321	0.284	0.317
15.0	2.123	0.04206	-0.141	0.006	0.367	0.779	0.998	50.471	0.289	0.316
16.0	2.170	0.04663	-0.143	0.005	0.425	0.753	0.998	46.542	0.294	0.316
17.0	2.202	0.05398	-0.144	0.002	0.454	0.716	0.999	40.804	0.304	0.315
18.0	2.227	0.06129	-0.146	0.001	0.467	0.684	0.999	36.333	0.327	0.315
19.0	2.242	0.06904	-0.147	0.001	0.501	0.653	0.999	32.471	0.390	0.316
20.0	2.247	0.07789	-0.148	0.001	0.521	0.623	0.999	28.853	0.503	0.316


