Name = NACA 4424
Mach = 0; Re = 30000; T.U. = 1.0; T.L. = 1.0
Surface Finish = 2; Stall model = 0; Transition model = 1; Aspect Ratio = 0; ground effect = 0
?	Cl	Cd	Cm 0.25	T.U.	T.L.	S.U.	S.L.	L/D	A.C.	C.P.
[°]	[-]	[-]	[-]	[-]	[-]	[-]	[-]	[-]	[-]	[-]
-20.0	-1.359	0.26586	-0.028	0.860	0.032	0.925	0.056	-5.110	0.269	0.229
-19.0	-1.303	0.24068	-0.029	0.850	0.036	0.921	0.057	-5.415	0.272	0.227
-18.0	-1.243	0.21736	-0.031	0.840	0.037	0.915	0.063	-5.719	0.275	0.225
-17.0	-1.177	0.19646	-0.033	0.825	0.040	0.912	0.069	-5.993	0.274	0.222
-16.0	-1.106	0.17725	-0.034	0.811	0.043	0.909	0.075	-6.239	0.273	0.219
-15.0	-1.029	0.15913	-0.036	0.799	0.046	0.901	0.081	-6.467	0.276	0.215
-14.0	-0.948	0.14270	-0.038	0.779	0.050	0.897	0.093	-6.647	0.276	0.210
-13.0	-0.862	0.12794	-0.040	0.762	0.056	0.890	0.103	-6.741	0.276	0.203
-12.0	-0.773	0.11450	-0.043	0.741	0.062	0.886	0.115	-6.750	0.279	0.194
-11.0	-0.680	0.10221	-0.046	0.719	0.068	0.881	0.134	-6.654	0.281	0.183
-10.0	-0.583	0.09132	-0.049	0.694	0.076	0.876	0.155	-6.385	0.282	0.166
-9.0	-0.483	0.08183	-0.052	0.669	0.086	0.869	0.180	-5.907	0.284	0.142
-8.0	-0.381	0.07327	-0.056	0.639	0.098	0.865	0.213	-5.207	0.286	0.104
-7.0	-0.277	0.06601	-0.060	0.610	0.112	0.858	0.250	-4.190	0.287	0.034
-6.0	-0.169	0.05991	-0.064	0.574	0.129	0.853	0.294	-2.817	0.290	-0.128
-5.0	-0.058	0.05473	-0.068	0.537	0.148	0.849	0.351	-1.059	0.304	-0.929
-4.0	0.058	0.04842	-0.076	0.497	0.169	0.844	0.503	1.192	0.311	1.566
-3.0	0.182	0.04443	-0.083	0.455	0.194	0.838	0.658	4.094	0.299	0.705
-2.0	0.313	0.04251	-0.089	0.434	0.220	0.813	0.799	7.368	0.287	0.533
-1.0	0.446	0.04228	-0.093	0.419	0.250	0.781	0.880	10.546	0.279	0.458
0.0	0.557	0.04430	-0.096	0.405	0.286	0.742	0.919	12.566	0.274	0.422
1.0	0.674	0.04598	-0.098	0.391	0.331	0.701	0.940	14.654	0.268	0.395
2.0	0.789	0.04804	-0.100	0.371	0.493	0.668	0.919	16.430	0.267	0.376
3.0	0.901	0.05086	-0.102	0.355	0.539	0.628	0.933	17.716	0.270	0.363
4.0	1.011	0.05418	-0.104	0.338	0.591	0.594	0.939	18.664	0.271	0.353
5.0	1.122	0.05796	-0.107	0.314	0.652	0.575	0.941	19.357	0.271	0.345
6.0	1.228	0.06257	-0.109	0.294	0.716	0.547	0.940	19.629	0.272	0.339
7.0	1.335	0.06769	-0.111	0.268	0.772	0.534	0.938	19.725	0.273	0.333
8.0	1.437	0.07388	-0.114	0.245	0.814	0.513	0.939	19.451	0.274	0.329
9.0	1.537	0.08072	-0.116	0.219	0.844	0.498	0.942	19.047	0.276	0.326
10.0	1.633	0.08860	-0.119	0.193	0.869	0.483	0.944	18.436	0.276	0.323
11.0	1.724	0.09757	-0.121	0.167	0.884	0.466	0.950	17.671	0.277	0.320
12.0	1.811	0.10774	-0.123	0.142	0.901	0.449	0.954	16.804	0.278	0.318
13.0	1.891	0.11916	-0.126	0.118	0.910	0.434	0.958	15.870	0.278	0.317
14.0	1.961	0.13254	-0.128	0.098	0.920	0.413	0.960	14.798	0.277	0.315
15.0	2.025	0.14748	-0.129	0.079	0.931	0.391	0.963	13.732	0.271	0.314
16.0	2.076	0.16563	-0.130	0.068	0.936	0.356	0.966	12.536	0.260	0.313
17.0	2.119	0.18581	-0.130	0.056	0.941	0.320	0.969	11.405	0.239	0.311
18.0	2.150	0.20964	-0.129	0.048	0.947	0.275	0.972	10.257	0.177	0.310
19.0	2.165	0.23668	-0.127	0.042	0.953	0.225	0.976	9.146	0.040	0.309
20.0	2.173	0.26590	-0.124	0.037	0.958	0.183	0.977	8.174	-0.050	0.307

Name = NACA 4424
Mach = 0; Re = 430000; T.U. = 1.0; T.L. = 1.0
Surface Finish = 2; Stall model = 0; Transition model = 1; Aspect Ratio = 0; ground effect = 0
?	Cl	Cd	Cm 0.25	T.U.	T.L.	S.U.	S.L.	L/D	A.C.	C.P.
[°]	[-]	[-]	[-]	[-]	[-]	[-]	[-]	[-]	[-]	[-]
-20.0	-1.425	0.13510	-0.039	0.763	0.024	0.986	0.254	-10.549	0.287	0.223
-19.0	-1.373	0.12086	-0.041	0.742	0.025	0.986	0.276	-11.364	0.286	0.220
-18.0	-1.316	0.10646	-0.043	0.720	0.027	0.985	0.300	-12.360	0.286	0.217
-17.0	-1.253	0.09259	-0.045	0.696	0.030	0.985	0.329	-13.530	0.287	0.214
-16.0	-1.185	0.07936	-0.048	0.670	0.035	0.984	0.367	-14.931	0.289	0.210
-15.0	-1.113	0.06754	-0.051	0.643	0.036	0.983	0.413	-16.474	0.292	0.204
-14.0	-1.037	0.05611	-0.054	0.616	0.039	0.983	0.474	-18.475	0.292	0.198
-13.0	-0.953	0.04693	-0.057	0.583	0.042	0.982	0.534	-20.312	0.290	0.190
-12.0	-0.864	0.03908	-0.061	0.557	0.046	0.981	0.602	-22.115	0.290	0.179
-11.0	-0.770	0.03278	-0.065	0.520	0.052	0.980	0.678	-23.479	0.288	0.166
-10.0	-0.667	0.02820	-0.068	0.482	0.058	0.978	0.753	-23.653	0.285	0.147
-9.0	-0.557	0.02518	-0.072	0.444	0.064	0.977	0.818	-22.134	0.282	0.120
-8.0	-0.441	0.02307	-0.076	0.424	0.072	0.974	0.870	-19.113	0.279	0.078
-7.0	-0.319	0.02158	-0.079	0.410	0.083	0.972	0.908	-14.802	0.277	0.002
-6.0	-0.194	0.02059	-0.082	0.399	0.093	0.969	0.933	-9.414	0.275	-0.175
-5.0	-0.066	0.01997	-0.086	0.378	0.106	0.966	0.949	-3.300	0.275	-1.048
-4.0	0.064	0.01956	-0.089	0.361	0.120	0.963	0.960	3.250	0.275	1.646
-3.0	0.194	0.01935	-0.092	0.347	0.136	0.960	0.967	10.025	0.274	0.724
-2.0	0.325	0.01944	-0.095	0.327	0.154	0.955	0.974	16.703	0.275	0.543
-1.0	0.455	0.01960	-0.098	0.306	0.175	0.949	0.978	23.209	0.275	0.466
0.0	0.580	0.02006	-0.102	0.291	0.196	0.943	0.981	28.929	0.276	0.425
1.0	0.707	0.01861	-0.105	0.264	0.220	0.936	0.983	38.005	0.276	0.398
2.0	0.833	0.01971	-0.108	0.247	0.245	0.927	0.986	42.275	0.276	0.380
3.0	0.957	0.02109	-0.111	0.223	0.272	0.917	0.988	45.400	0.276	0.366
4.0	1.080	0.02312	-0.114	0.203	0.306	0.906	0.989	46.698	0.276	0.356
5.0	1.200	0.02495	-0.118	0.181	0.346	0.892	0.990	48.083	0.276	0.348
6.0	1.317	0.02681	-0.121	0.161	0.464	0.877	0.991	49.126	0.277	0.342
7.0	1.431	0.02925	-0.124	0.141	0.496	0.859	0.991	48.920	0.277	0.336
8.0	1.541	0.03211	-0.127	0.122	0.529	0.840	0.992	48.004	0.277	0.332
9.0	1.646	0.03541	-0.130	0.104	0.570	0.817	0.994	46.499	0.277	0.329
10.0	1.747	0.03915	-0.132	0.089	0.620	0.794	0.994	44.609	0.278	0.326
11.0	1.841	0.04351	-0.135	0.075	0.675	0.768	0.995	42.299	0.278	0.323
12.0	1.929	0.04849	-0.138	0.063	0.732	0.741	0.995	39.785	0.279	0.321
13.0	2.010	0.05400	-0.140	0.054	0.782	0.714	0.996	37.225	0.281	0.320
14.0	2.082	0.06069	-0.142	0.045	0.819	0.684	0.996	34.308	0.283	0.318
15.0	2.148	0.06787	-0.144	0.039	0.847	0.656	0.997	31.643	0.285	0.317
16.0	2.206	0.07565	-0.147	0.034	0.872	0.628	0.997	29.160	0.288	0.316
17.0	2.257	0.08487	-0.149	0.030	0.887	0.600	0.997	26.592	0.291	0.316
18.0	2.300	0.09521	-0.150	0.026	0.904	0.572	0.997	24.156	0.300	0.315
19.0	2.329	0.10650	-0.152	0.023	0.913	0.546	0.997	21.868	0.321	0.315
20.0	2.349	0.11860	-0.154	0.020	0.925	0.520	0.998	19.803	0.336	0.316

Name = NACA 4424
Mach = 0; Re = 830000; T.U. = 1.0; T.L. = 1.0
Surface Finish = 2; Stall model = 0; Transition model = 1; Aspect Ratio = 0; ground effect = 0
?	Cl	Cd	Cm 0.25	T.U.	T.L.	S.U.	S.L.	L/D	A.C.	C.P.
[°]	[-]	[-]	[-]	[-]	[-]	[-]	[-]	[-]	[-]	[-]
-20.0	-1.438	0.12028	-0.040	0.700	0.021	0.989	0.292	-11.954	0.285	0.222
-19.0	-1.385	0.10664	-0.042	0.673	0.021	0.989	0.313	-12.990	0.287	0.220
-18.0	-1.328	0.09285	-0.044	0.647	0.023	0.988	0.342	-14.308	0.287	0.217
-17.0	-1.265	0.08048	-0.046	0.620	0.024	0.987	0.373	-15.723	0.289	0.213
-16.0	-1.199	0.06789	-0.049	0.590	0.026	0.986	0.418	-17.661	0.293	0.209
-15.0	-1.129	0.05567	-0.052	0.563	0.029	0.985	0.478	-20.279	0.294	0.204
-14.0	-1.053	0.04505	-0.056	0.528	0.035	0.984	0.543	-23.370	0.291	0.197
-13.0	-0.968	0.03910	-0.059	0.500	0.037	0.983	0.604	-24.753	0.288	0.189
-12.0	-0.877	0.03297	-0.062	0.454	0.039	0.983	0.669	-26.595	0.287	0.179
-11.0	-0.779	0.02808	-0.066	0.428	0.043	0.982	0.738	-27.756	0.285	0.166
-10.0	-0.674	0.02456	-0.069	0.412	0.047	0.980	0.803	-27.445	0.283	0.147
-9.0	-0.562	0.02192	-0.073	0.401	0.055	0.979	0.861	-25.650	0.280	0.120
-8.0	-0.444	0.02043	-0.076	0.384	0.060	0.978	0.899	-21.712	0.277	0.078
-7.0	-0.321	0.01939	-0.080	0.364	0.067	0.976	0.926	-16.532	0.276	0.002
-6.0	-0.194	0.01854	-0.083	0.351	0.077	0.973	0.945	-10.486	0.275	-0.175
-5.0	-0.066	0.01796	-0.086	0.337	0.087	0.970	0.958	-3.676	0.274	-1.050
-4.0	0.064	0.01780	-0.089	0.311	0.098	0.967	0.966	3.576	0.274	1.648
-3.0	0.194	0.01761	-0.092	0.297	0.114	0.964	0.974	11.028	0.274	0.724
-2.0	0.325	0.01773	-0.095	0.274	0.127	0.960	0.978	18.324	0.274	0.543
-1.0	0.455	0.01800	-0.099	0.254	0.146	0.955	0.981	25.285	0.275	0.466
0.0	0.581	0.01617	-0.102	0.239	0.163	0.949	0.983	35.938	0.276	0.425
1.0	0.708	0.01721	-0.105	0.213	0.185	0.942	0.986	41.149	0.276	0.398
2.0	0.835	0.01821	-0.108	0.198	0.204	0.935	0.988	45.833	0.276	0.380
3.0	0.959	0.02008	-0.111	0.173	0.227	0.925	0.989	47.764	0.276	0.366
4.0	1.082	0.02136	-0.115	0.157	0.254	0.915	0.990	50.652	0.276	0.356
5.0	1.202	0.02317	-0.118	0.135	0.280	0.902	0.991	51.895	0.277	0.348
6.0	1.320	0.02496	-0.121	0.120	0.313	0.888	0.992	52.883	0.277	0.342
7.0	1.435	0.02723	-0.124	0.101	0.356	0.872	0.992	52.696	0.277	0.337
8.0	1.546	0.02958	-0.127	0.088	0.460	0.854	0.993	52.260	0.278	0.332
9.0	1.652	0.03259	-0.130	0.074	0.487	0.834	0.995	50.693	0.278	0.329
10.0	1.753	0.03593	-0.133	0.062	0.517	0.811	0.995	48.793	0.279	0.326
11.0	1.849	0.03952	-0.136	0.054	0.556	0.789	0.996	46.786	0.279	0.323
12.0	1.938	0.04403	-0.138	0.044	0.601	0.763	0.997	44.020	0.280	0.321
13.0	2.020	0.04906	-0.141	0.038	0.652	0.737	0.998	41.178	0.282	0.320
14.0	2.094	0.05443	-0.143	0.034	0.706	0.712	0.998	38.476	0.284	0.318
15.0	2.160	0.06085	-0.146	0.028	0.757	0.683	0.998	35.501	0.286	0.317
16.0	2.219	0.06814	-0.148	0.024	0.799	0.656	0.998	32.566	0.289	0.317
17.0	2.271	0.07598	-0.150	0.021	0.835	0.628	0.998	29.885	0.293	0.316
18.0	2.315	0.08473	-0.152	0.019	0.860	0.602	0.998	27.322	0.303	0.316
19.0	2.345	0.09427	-0.154	0.017	0.879	0.577	0.997	24.876	0.325	0.316
20.0	2.365	0.10474	-0.156	0.016	0.897	0.552	0.998	22.581	0.341	0.316

Name = NACA 4424
Mach = 0; Re = 1230000; T.U. = 1.0; T.L. = 1.0
Surface Finish = 2; Stall model = 0; Transition model = 1; Aspect Ratio = 0; ground effect = 0
?	Cl	Cd	Cm 0.25	T.U.	T.L.	S.U.	S.L.	L/D	A.C.	C.P.
[°]	[-]	[-]	[-]	[-]	[-]	[-]	[-]	[-]	[-]	[-]
-20.0	-1.445	0.11279	-0.041	0.649	0.019	0.990	0.312	-12.807	0.287	0.222
-19.0	-1.393	0.09965	-0.043	0.620	0.020	0.989	0.335	-13.975	0.288	0.219
-18.0	-1.336	0.08629	-0.045	0.592	0.021	0.989	0.365	-15.481	0.288	0.216
-17.0	-1.273	0.07434	-0.047	0.565	0.022	0.988	0.400	-17.127	0.291	0.213
-16.0	-1.208	0.06215	-0.050	0.531	0.023	0.987	0.451	-19.436	0.292	0.209
-15.0	-1.136	0.05146	-0.053	0.506	0.025	0.986	0.505	-22.070	0.290	0.203
-14.0	-1.058	0.04227	-0.056	0.461	0.028	0.985	0.564	-25.022	0.291	0.197
-13.0	-0.975	0.03385	-0.060	0.430	0.033	0.984	0.637	-28.797	0.290	0.189
-12.0	-0.884	0.02988	-0.063	0.414	0.036	0.983	0.706	-29.575	0.286	0.179
-11.0	-0.785	0.02570	-0.066	0.404	0.039	0.983	0.769	-30.526	0.283	0.165
-10.0	-0.677	0.02274	-0.070	0.390	0.041	0.982	0.828	-29.794	0.281	0.147
-9.0	-0.564	0.02074	-0.073	0.366	0.046	0.980	0.876	-27.192	0.279	0.120
-8.0	-0.445	0.01916	-0.077	0.353	0.055	0.979	0.912	-23.215	0.277	0.078
-7.0	-0.321	0.01822	-0.080	0.344	0.060	0.978	0.935	-17.628	0.275	0.002
-6.0	-0.195	0.01770	-0.083	0.314	0.066	0.975	0.951	-10.991	0.274	-0.176
-5.0	-0.066	0.01714	-0.086	0.299	0.078	0.972	0.962	-3.856	0.274	-1.050
-4.0	0.064	0.01691	-0.089	0.282	0.087	0.970	0.970	3.767	0.274	1.648
-3.0	0.194	0.01684	-0.092	0.258	0.099	0.966	0.976	11.540	0.274	0.725
-2.0	0.325	0.01687	-0.095	0.245	0.114	0.963	0.979	19.266	0.274	0.544
-1.0	0.455	0.01495	-0.099	0.219	0.127	0.958	0.982	30.456	0.275	0.467
0.0	0.581	0.01559	-0.102	0.203	0.147	0.952	0.985	37.288	0.276	0.425
1.0	0.709	0.01652	-0.105	0.183	0.161	0.946	0.988	42.894	0.276	0.398
2.0	0.835	0.01813	-0.108	0.164	0.183	0.938	0.989	46.058	0.276	0.380
3.0	0.960	0.01918	-0.112	0.149	0.202	0.930	0.990	50.042	0.276	0.366
4.0	1.083	0.02070	-0.115	0.127	0.226	0.919	0.990	52.291	0.276	0.356
5.0	1.204	0.02208	-0.118	0.115	0.249	0.909	0.991	54.521	0.277	0.348
6.0	1.322	0.02414	-0.121	0.095	0.274	0.893	0.992	54.757	0.277	0.342
7.0	1.437	0.02607	-0.124	0.084	0.307	0.880	0.993	55.132	0.277	0.337
8.0	1.548	0.02858	-0.127	0.068	0.340	0.861	0.994	54.167	0.278	0.332
9.0	1.655	0.03101	-0.130	0.059	0.452	0.843	0.995	53.375	0.278	0.329
10.0	1.757	0.03411	-0.133	0.050	0.470	0.822	0.996	51.505	0.279	0.326
11.0	1.853	0.03777	-0.136	0.041	0.500	0.800	0.997	49.063	0.280	0.323
12.0	1.943	0.04182	-0.139	0.036	0.528	0.776	0.997	46.470	0.281	0.321
13.0	2.027	0.04604	-0.142	0.032	0.567	0.752	0.998	44.016	0.282	0.320
14.0	2.100	0.05168	-0.144	0.025	0.613	0.724	0.998	40.628	0.284	0.319
15.0	2.167	0.05758	-0.146	0.021	0.663	0.697	0.998	37.626	0.287	0.318
16.0	2.227	0.06399	-0.149	0.019	0.715	0.672	0.998	34.799	0.290	0.317
17.0	2.279	0.07097	-0.151	0.018	0.764	0.646	0.998	32.117	0.294	0.316
18.0	2.324	0.07894	-0.153	0.016	0.805	0.621	0.998	29.444	0.304	0.316
19.0	2.354	0.08808	-0.155	0.014	0.839	0.594	0.997	26.725	0.325	0.316
20.0	2.372	0.09956	-0.156	0.011	0.866	0.565	0.998	23.826	0.341	0.316

Name = NACA 4424
Mach = 0; Re = 1630000; T.U. = 1.0; T.L. = 1.0
Surface Finish = 2; Stall model = 0; Transition model = 1; Aspect Ratio = 0; ground effect = 0
?	Cl	Cd	Cm 0.25	T.U.	T.L.	S.U.	S.L.	L/D	A.C.	C.P.
[°]	[-]	[-]	[-]	[-]	[-]	[-]	[-]	[-]	[-]	[-]
-20.0	-1.449	0.10792	-0.041	0.610	0.018	0.990	0.327	-13.431	0.286	0.222
-19.0	-1.397	0.09537	-0.043	0.575	0.019	0.990	0.349	-14.649	0.288	0.219
-18.0	-1.341	0.08205	-0.045	0.556	0.020	0.989	0.383	-16.345	0.291	0.216
-17.0	-1.280	0.06973	-0.048	0.518	0.021	0.989	0.425	-18.360	0.291	0.213
-16.0	-1.214	0.05840	-0.050	0.487	0.022	0.988	0.473	-20.782	0.290	0.208
-15.0	-1.141	0.04868	-0.053	0.450	0.023	0.987	0.524	-23.429	0.289	0.203
-14.0	-1.062	0.04001	-0.056	0.422	0.025	0.986	0.583	-26.537	0.289	0.197
-13.0	-0.977	0.03260	-0.060	0.408	0.027	0.985	0.648	-29.975	0.290	0.189
-12.0	-0.888	0.02604	-0.063	0.399	0.034	0.984	0.727	-34.094	0.287	0.179
-11.0	-0.788	0.02419	-0.067	0.377	0.036	0.983	0.790	-32.573	0.283	0.165
-10.0	-0.680	0.02170	-0.070	0.359	0.039	0.982	0.843	-31.322	0.280	0.147
-9.0	-0.565	0.01985	-0.073	0.348	0.042	0.981	0.886	-28.474	0.278	0.120
-8.0	-0.445	0.01859	-0.077	0.330	0.047	0.980	0.918	-23.950	0.276	0.078
-7.0	-0.321	0.01766	-0.080	0.306	0.057	0.978	0.940	-18.200	0.275	0.002
-6.0	-0.195	0.01702	-0.083	0.295	0.061	0.977	0.956	-11.445	0.274	-0.176
-5.0	-0.066	0.01672	-0.086	0.270	0.068	0.974	0.964	-3.955	0.274	-1.051
-4.0	0.064	0.01643	-0.089	0.252	0.081	0.971	0.972	3.878	0.274	1.649
-3.0	0.194	0.01625	-0.092	0.242	0.089	0.968	0.978	11.959	0.274	0.725
-2.0	0.325	0.01650	-0.095	0.213	0.103	0.964	0.981	19.695	0.275	0.544
-1.0	0.455	0.01446	-0.099	0.200	0.116	0.960	0.983	31.491	0.275	0.467
0.0	0.582	0.01532	-0.102	0.177	0.131	0.954	0.986	37.956	0.276	0.425
1.0	0.709	0.01618	-0.105	0.161	0.149	0.948	0.988	43.833	0.276	0.398
2.0	0.835	0.01766	-0.108	0.145	0.166	0.941	0.989	47.307	0.276	0.380
3.0	0.960	0.01882	-0.112	0.125	0.186	0.933	0.990	51.016	0.276	0.366
4.0	1.084	0.02002	-0.115	0.115	0.206	0.923	0.991	54.122	0.277	0.356
5.0	1.205	0.02168	-0.118	0.094	0.228	0.912	0.992	55.553	0.277	0.348
6.0	1.323	0.02336	-0.121	0.084	0.254	0.899	0.992	56.636	0.277	0.342
7.0	1.438	0.02544	-0.125	0.068	0.276	0.884	0.993	56.539	0.278	0.337
8.0	1.550	0.02763	-0.128	0.059	0.309	0.868	0.994	56.106	0.278	0.332
9.0	1.658	0.03008	-0.131	0.051	0.341	0.850	0.996	55.101	0.278	0.329
10.0	1.759	0.03306	-0.134	0.040	0.449	0.829	0.996	53.213	0.279	0.326
11.0	1.856	0.03626	-0.136	0.036	0.464	0.808	0.997	51.190	0.280	0.324
12.0	1.948	0.04002	-0.139	0.032	0.492	0.786	0.997	48.670	0.281	0.321
13.0	2.030	0.04480	-0.142	0.024	0.518	0.760	0.998	45.308	0.282	0.320
14.0	2.104	0.04972	-0.144	0.021	0.556	0.734	0.998	42.320	0.285	0.319
15.0	2.172	0.05501	-0.147	0.018	0.600	0.709	0.998	39.480	0.287	0.318
16.0	2.233	0.06085	-0.149	0.017	0.645	0.684	0.998	36.691	0.291	0.317
17.0	2.285	0.06750	-0.151	0.016	0.697	0.659	0.998	33.857	0.294	0.316
18.0	2.329	0.07604	-0.153	0.013	0.748	0.630	0.998	30.631	0.303	0.316
19.0	2.358	0.08570	-0.155	0.010	0.791	0.602	0.998	27.512	0.326	0.316
20.0	2.377	0.09584	-0.157	0.009	0.826	0.575	0.998	24.805	0.343	0.316

Name = NACA 4424
Mach = 0; Re = 2030000; T.U. = 1.0; T.L. = 1.0
Surface Finish = 2; Stall model = 0; Transition model = 1; Aspect Ratio = 0; ground effect = 0
?	Cl	Cd	Cm 0.25	T.U.	T.L.	S.U.	S.L.	L/D	A.C.	C.P.
[°]	[-]	[-]	[-]	[-]	[-]	[-]	[-]	[-]	[-]	[-]
-20.0	-1.450	0.10701	-0.041	0.569	0.015	0.991	0.328	-13.549	0.296	0.222
-19.0	-1.402	0.09111	-0.043	0.543	0.018	0.990	0.365	-15.389	0.293	0.219
-18.0	-1.346	0.07850	-0.046	0.512	0.019	0.990	0.398	-17.141	0.291	0.216
-17.0	-1.285	0.06637	-0.048	0.478	0.020	0.989	0.443	-19.369	0.291	0.213
-16.0	-1.218	0.05567	-0.051	0.445	0.021	0.988	0.489	-21.885	0.290	0.208
-15.0	-1.145	0.04627	-0.054	0.419	0.022	0.987	0.541	-24.747	0.288	0.203
-14.0	-1.065	0.03832	-0.057	0.406	0.023	0.987	0.596	-27.793	0.288	0.197
-13.0	-0.980	0.03126	-0.060	0.398	0.025	0.986	0.661	-31.352	0.288	0.189
-12.0	-0.889	0.02550	-0.063	0.373	0.028	0.985	0.732	-34.852	0.287	0.179
-11.0	-0.791	0.02311	-0.067	0.356	0.035	0.984	0.807	-34.211	0.283	0.165
-10.0	-0.681	0.02079	-0.070	0.347	0.037	0.983	0.855	-32.778	0.279	0.147
-9.0	-0.566	0.01927	-0.074	0.324	0.039	0.982	0.894	-29.379	0.277	0.120
-8.0	-0.446	0.01818	-0.077	0.304	0.043	0.980	0.922	-24.515	0.276	0.078
-7.0	-0.322	0.01719	-0.080	0.294	0.050	0.979	0.943	-18.713	0.275	0.002
-6.0	-0.195	0.01661	-0.083	0.267	0.058	0.978	0.958	-11.732	0.274	-0.176
-5.0	-0.066	0.01628	-0.086	0.250	0.063	0.975	0.967	-4.063	0.274	-1.051
-4.0	0.064	0.01600	-0.089	0.241	0.073	0.972	0.974	3.984	0.274	1.649
-3.0	0.194	0.01607	-0.092	0.211	0.085	0.969	0.978	12.100	0.274	0.725
-2.0	0.325	0.01615	-0.095	0.200	0.093	0.965	0.981	20.136	0.275	0.544
-1.0	0.455	0.01423	-0.099	0.176	0.111	0.961	0.985	32.007	0.275	0.467
0.0	0.582	0.01499	-0.102	0.161	0.121	0.956	0.987	38.801	0.276	0.425
1.0	0.709	0.01640	-0.105	0.147	0.142	0.950	0.989	43.246	0.276	0.398
2.0	0.836	0.01739	-0.108	0.126	0.154	0.943	0.990	48.049	0.276	0.380
3.0	0.961	0.01832	-0.112	0.116	0.176	0.936	0.990	52.466	0.276	0.366
4.0	1.084	0.01982	-0.115	0.095	0.190	0.925	0.991	54.700	0.277	0.356
5.0	1.205	0.02112	-0.118	0.085	0.217	0.915	0.992	57.076	0.277	0.348
6.0	1.324	0.02298	-0.121	0.070	0.233	0.902	0.993	57.609	0.277	0.342
7.0	1.439	0.02480	-0.125	0.060	0.261	0.888	0.994	58.047	0.278	0.337
8.0	1.552	0.02679	-0.128	0.054	0.282	0.873	0.994	57.924	0.278	0.332
9.0	1.659	0.02947	-0.131	0.042	0.313	0.853	0.996	56.298	0.279	0.329
10.0	1.762	0.03214	-0.134	0.036	0.351	0.835	0.996	54.806	0.280	0.326
11.0	1.859	0.03526	-0.137	0.033	0.448	0.815	0.997	52.715	0.280	0.324
12.0	1.950	0.03919	-0.139	0.026	0.464	0.791	0.998	49.749	0.281	0.322
13.0	2.033	0.04341	-0.142	0.021	0.489	0.767	0.998	46.824	0.283	0.320
14.0	2.108	0.04798	-0.145	0.018	0.516	0.742	0.998	43.931	0.285	0.319
15.0	2.176	0.05299	-0.147	0.017	0.553	0.718	0.998	41.070	0.288	0.318
16.0	2.237	0.05856	-0.150	0.016	0.592	0.694	0.998	38.202	0.290	0.317
17.0	2.289	0.06582	-0.152	0.013	0.635	0.666	0.998	34.773	0.293	0.316
18.0	2.332	0.07429	-0.154	0.010	0.684	0.636	0.998	31.395	0.304	0.316
19.0	2.362	0.08308	-0.156	0.008	0.734	0.610	0.998	28.430	0.328	0.316
20.0	2.382	0.09265	-0.158	0.007	0.779	0.584	0.998	25.711	0.344	0.316

Name = NACA 4424
Mach = 0; Re = 2430000; T.U. = 1.0; T.L. = 1.0
Surface Finish = 2; Stall model = 0; Transition model = 1; Aspect Ratio = 0; ground effect = 0
?	Cl	Cd	Cm 0.25	T.U.	T.L.	S.U.	S.L.	L/D	A.C.	C.P.
[°]	[-]	[-]	[-]	[-]	[-]	[-]	[-]	[-]	[-]	[-]
-20.0	-1.450	0.10665	-0.041	0.540	0.012	0.991	0.329	-13.598	0.294	0.222
-19.0	-1.401	0.09137	-0.043	0.512	0.015	0.990	0.363	-15.339	0.298	0.219
-18.0	-1.351	0.07554	-0.046	0.478	0.019	0.990	0.414	-17.880	0.296	0.216
-17.0	-1.290	0.06362	-0.048	0.447	0.019	0.990	0.457	-20.273	0.290	0.212
-16.0	-1.222	0.05363	-0.051	0.419	0.020	0.989	0.502	-22.779	0.289	0.208
-15.0	-1.148	0.04446	-0.054	0.407	0.021	0.988	0.554	-25.825	0.289	0.203
-14.0	-1.068	0.03670	-0.057	0.398	0.022	0.987	0.611	-29.112	0.288	0.197
-13.0	-0.983	0.03012	-0.060	0.372	0.023	0.986	0.674	-32.623	0.287	0.189
-12.0	-0.890	0.02484	-0.064	0.356	0.025	0.985	0.741	-35.841	0.286	0.179
-11.0	-0.791	0.02070	-0.067	0.347	0.030	0.984	0.808	-38.204	0.283	0.165
-10.0	-0.683	0.02023	-0.071	0.325	0.036	0.983	0.865	-33.744	0.279	0.147
-9.0	-0.567	0.01875	-0.074	0.304	0.038	0.982	0.902	-30.231	0.277	0.120
-8.0	-0.446	0.01766	-0.077	0.294	0.040	0.981	0.927	-25.259	0.275	0.078
-7.0	-0.322	0.01698	-0.080	0.267	0.045	0.980	0.945	-18.957	0.275	0.002
-6.0	-0.195	0.01625	-0.083	0.251	0.056	0.978	0.960	-11.996	0.274	-0.176
-5.0	-0.066	0.01593	-0.086	0.242	0.060	0.976	0.968	-4.153	0.274	-1.051
-4.0	0.064	0.01581	-0.089	0.212	0.067	0.973	0.976	4.033	0.274	1.649
-3.0	0.194	0.01572	-0.092	0.201	0.081	0.970	0.979	12.366	0.274	0.725
-2.0	0.325	0.01346	-0.096	0.180	0.088	0.966	0.982	24.148	0.275	0.544
-1.0	0.455	0.01404	-0.099	0.162	0.100	0.962	0.985	32.439	0.275	0.467
0.0	0.582	0.01467	-0.102	0.154	0.115	0.958	0.988	39.680	0.276	0.425
1.0	0.710	0.01624	-0.105	0.128	0.128	0.951	0.989	43.704	0.276	0.398
2.0	0.836	0.01709	-0.109	0.118	0.147	0.945	0.990	48.907	0.276	0.380
3.0	0.961	0.01817	-0.112	0.098	0.160	0.937	0.991	52.886	0.276	0.366
4.0	1.085	0.01940	-0.115	0.087	0.183	0.928	0.991	55.913	0.277	0.356
5.0	1.206	0.02085	-0.118	0.075	0.198	0.917	0.992	57.835	0.277	0.348
6.0	1.325	0.02257	-0.122	0.061	0.223	0.905	0.993	58.705	0.277	0.342
7.0	1.441	0.02425	-0.125	0.056	0.242	0.891	0.994	59.393	0.278	0.337
8.0	1.553	0.02647	-0.128	0.044	0.267	0.876	0.995	58.650	0.278	0.332
9.0	1.660	0.02881	-0.131	0.037	0.294	0.858	0.996	57.637	0.279	0.329
10.0	1.764	0.03131	-0.134	0.034	0.321	0.841	0.997	56.338	0.280	0.326
11.0	1.860	0.03475	-0.137	0.028	0.364	0.819	0.997	53.531	0.280	0.324
12.0	1.952	0.03836	-0.140	0.022	0.451	0.797	0.998	50.878	0.281	0.322
13.0	2.035	0.04230	-0.142	0.019	0.465	0.773	0.998	48.121	0.283	0.320
14.0	2.111	0.04658	-0.145	0.017	0.493	0.750	0.998	45.323	0.286	0.319
15.0	2.180	0.05140	-0.147	0.016	0.517	0.726	0.998	42.411	0.288	0.318
16.0	2.240	0.05723	-0.150	0.014	0.555	0.700	0.998	39.139	0.290	0.317
17.0	2.291	0.06486	-0.152	0.010	0.595	0.670	0.998	35.322	0.294	0.316
18.0	2.335	0.07260	-0.154	0.008	0.635	0.642	0.998	32.168	0.305	0.316
19.0	2.366	0.08084	-0.156	0.007	0.682	0.618	0.998	29.266	0.329	0.316
20.0	2.386	0.09001	-0.158	0.007	0.730	0.592	0.998	26.507	0.345	0.316

Name = NACA 4424
Mach = 0; Re = 2830000; T.U. = 1.0; T.L. = 1.0
Surface Finish = 2; Stall model = 0; Transition model = 1; Aspect Ratio = 0; ground effect = 0
?	Cl	Cd	Cm 0.25	T.U.	T.L.	S.U.	S.L.	L/D	A.C.	C.P.
[°]	[-]	[-]	[-]	[-]	[-]	[-]	[-]	[-]	[-]	[-]
-20.0	-1.452	0.10516	-0.041	0.514	0.011	0.991	0.333	-13.805	0.290	0.222
-19.0	-1.401	0.09150	-0.043	0.484	0.012	0.990	0.362	-15.315	0.295	0.219
-18.0	-1.350	0.07577	-0.046	0.452	0.016	0.990	0.411	-17.813	0.300	0.216
-17.0	-1.293	0.06151	-0.049	0.421	0.019	0.990	0.470	-21.025	0.294	0.212
-16.0	-1.225	0.05171	-0.051	0.407	0.019	0.989	0.514	-23.689	0.289	0.208
-15.0	-1.152	0.04277	-0.054	0.400	0.020	0.988	0.567	-26.927	0.288	0.203
-14.0	-1.071	0.03549	-0.057	0.376	0.021	0.988	0.622	-30.178	0.287	0.197
-13.0	-0.985	0.02909	-0.060	0.357	0.022	0.987	0.685	-33.858	0.287	0.189
-12.0	-0.892	0.02410	-0.064	0.348	0.024	0.986	0.750	-37.011	0.285	0.179
-11.0	-0.792	0.02040	-0.067	0.331	0.026	0.985	0.812	-38.805	0.283	0.165
-10.0	-0.684	0.01971	-0.071	0.305	0.035	0.983	0.874	-34.700	0.280	0.147
-9.0	-0.568	0.01830	-0.074	0.295	0.037	0.983	0.907	-31.021	0.276	0.120
-8.0	-0.447	0.01743	-0.077	0.272	0.039	0.981	0.931	-25.625	0.275	0.078
-7.0	-0.322	0.01668	-0.080	0.253	0.042	0.980	0.948	-19.299	0.275	0.002
-6.0	-0.195	0.01603	-0.083	0.244	0.050	0.979	0.961	-12.167	0.274	-0.176
-5.0	-0.066	0.01572	-0.086	0.216	0.058	0.977	0.970	-4.210	0.274	-1.052
-4.0	0.064	0.01554	-0.089	0.203	0.063	0.974	0.976	4.104	0.274	1.650
-3.0	0.194	0.01550	-0.092	0.189	0.074	0.971	0.979	12.545	0.274	0.725
-2.0	0.325	0.01331	-0.096	0.165	0.085	0.967	0.983	24.429	0.275	0.544
-1.0	0.456	0.01379	-0.099	0.156	0.093	0.963	0.986	33.033	0.275	0.467
0.0	0.582	0.01463	-0.102	0.132	0.112	0.959	0.988	39.805	0.276	0.425
1.0	0.710	0.01593	-0.105	0.120	0.120	0.953	0.989	44.549	0.276	0.398
2.0	0.836	0.01685	-0.109	0.107	0.143	0.946	0.990	49.644	0.276	0.380
3.0	0.961	0.01797	-0.112	0.090	0.152	0.938	0.991	53.512	0.276	0.366
4.0	1.085	0.01899	-0.115	0.083	0.175	0.930	0.992	57.157	0.277	0.356
5.0	1.206	0.02061	-0.118	0.065	0.188	0.918	0.992	58.525	0.277	0.348
6.0	1.326	0.02211	-0.122	0.057	0.213	0.908	0.993	59.945	0.277	0.342
7.0	1.441	0.02385	-0.125	0.050	0.229	0.894	0.994	60.420	0.278	0.337
8.0	1.554	0.02600	-0.128	0.039	0.260	0.879	0.995	59.746	0.278	0.332
9.0	1.662	0.02824	-0.131	0.035	0.276	0.862	0.996	58.848	0.279	0.329
10.0	1.765	0.03056	-0.134	0.032	0.307	0.845	0.997	57.772	0.279	0.326
11.0	1.862	0.03428	-0.137	0.023	0.334	0.823	0.997	54.306	0.280	0.324
12.0	1.954	0.03760	-0.140	0.020	0.383	0.802	0.998	51.958	0.282	0.322
13.0	2.038	0.04126	-0.143	0.017	0.454	0.779	0.998	49.393	0.284	0.320
14.0	2.114	0.04536	-0.145	0.016	0.468	0.756	0.998	46.603	0.286	0.319
15.0	2.183	0.05001	-0.148	0.015	0.500	0.733	0.998	43.653	0.287	0.318
16.0	2.242	0.05674	-0.150	0.010	0.521	0.703	0.998	39.503	0.290	0.317
17.0	2.294	0.06352	-0.152	0.008	0.559	0.675	0.998	36.108	0.295	0.316
18.0	2.339	0.07080	-0.154	0.007	0.602	0.649	0.998	33.031	0.306	0.316
19.0	2.369	0.07878	-0.156	0.007	0.642	0.624	0.998	30.071	0.329	0.316
20.0	2.390	0.08773	-0.158	0.006	0.687	0.599	0.998	27.238	0.346	0.316

Name = NACA 4424
Mach = 0; Re = 3230000; T.U. = 1.0; T.L. = 1.0
Surface Finish = 2; Stall model = 0; Transition model = 1; Aspect Ratio = 0; ground effect = 0
?	Cl	Cd	Cm 0.25	T.U.	T.L.	S.U.	S.L.	L/D	A.C.	C.P.
[°]	[-]	[-]	[-]	[-]	[-]	[-]	[-]	[-]	[-]	[-]
-20.0	-1.453	0.10411	-0.041	0.499	0.010	0.991	0.336	-13.954	0.291	0.222
-19.0	-1.402	0.09035	-0.043	0.457	0.011	0.990	0.366	-15.522	0.292	0.219
-18.0	-1.348	0.07673	-0.046	0.425	0.013	0.990	0.406	-17.571	0.301	0.216
-17.0	-1.295	0.06048	-0.049	0.410	0.018	0.990	0.477	-21.419	0.299	0.212
-16.0	-1.228	0.04985	-0.052	0.401	0.019	0.990	0.526	-24.639	0.289	0.208
-15.0	-1.154	0.04142	-0.054	0.384	0.020	0.989	0.578	-27.862	0.288	0.203
-14.0	-1.073	0.03437	-0.057	0.360	0.020	0.988	0.633	-31.234	0.287	0.197
-13.0	-0.987	0.02826	-0.061	0.350	0.021	0.987	0.695	-34.928	0.286	0.189
-12.0	-0.894	0.02345	-0.064	0.343	0.023	0.986	0.759	-38.111	0.284	0.178
-11.0	-0.792	0.02004	-0.067	0.310	0.024	0.985	0.817	-39.553	0.282	0.165
-10.0	-0.684	0.01738	-0.071	0.297	0.030	0.984	0.873	-39.356	0.279	0.147
-9.0	-0.568	0.01795	-0.074	0.284	0.036	0.983	0.911	-31.651	0.276	0.120
-8.0	-0.447	0.01714	-0.077	0.257	0.037	0.982	0.934	-26.068	0.275	0.078
-7.0	-0.322	0.01641	-0.080	0.246	0.040	0.981	0.950	-19.633	0.274	0.002
-6.0	-0.195	0.01587	-0.083	0.224	0.046	0.979	0.962	-12.290	0.274	-0.176
-5.0	-0.066	0.01553	-0.086	0.206	0.057	0.977	0.971	-4.263	0.274	-1.052
-4.0	0.064	0.01527	-0.089	0.197	0.061	0.975	0.977	4.178	0.274	1.650
-3.0	0.194	0.01541	-0.092	0.170	0.068	0.971	0.980	12.623	0.274	0.725
-2.0	0.325	0.01312	-0.096	0.158	0.083	0.968	0.983	24.790	0.275	0.544
-1.0	0.456	0.01366	-0.099	0.142	0.088	0.964	0.986	33.352	0.275	0.467
0.0	0.582	0.01499	-0.102	0.124	0.105	0.960	0.989	38.839	0.276	0.425
1.0	0.710	0.01571	-0.105	0.116	0.116	0.954	0.989	45.180	0.276	0.398
2.0	0.836	0.01670	-0.109	0.094	0.130	0.947	0.990	50.091	0.276	0.380
3.0	0.962	0.01763	-0.112	0.085	0.147	0.940	0.991	54.548	0.276	0.366
4.0	1.085	0.01892	-0.115	0.072	0.161	0.931	0.992	57.360	0.277	0.356
5.0	1.207	0.02028	-0.118	0.060	0.183	0.921	0.993	59.493	0.277	0.348
6.0	1.326	0.02174	-0.122	0.055	0.198	0.911	0.993	61.014	0.277	0.342
7.0	1.442	0.02362	-0.125	0.042	0.223	0.896	0.994	61.048	0.278	0.337
8.0	1.555	0.02556	-0.128	0.036	0.240	0.882	0.995	60.819	0.279	0.332
9.0	1.663	0.02764	-0.131	0.034	0.266	0.866	0.997	60.169	0.279	0.329
10.0	1.766	0.03035	-0.134	0.026	0.289	0.847	0.997	58.198	0.279	0.326
11.0	1.863	0.03373	-0.137	0.021	0.316	0.827	0.997	55.249	0.280	0.324
12.0	1.956	0.03685	-0.140	0.018	0.355	0.806	0.998	53.065	0.282	0.322
13.0	2.040	0.04035	-0.143	0.017	0.428	0.784	0.998	50.561	0.284	0.320
14.0	2.117	0.04432	-0.145	0.016	0.457	0.762	0.998	47.755	0.285	0.319
15.0	2.184	0.04978	-0.148	0.011	0.474	0.735	0.998	43.871	0.287	0.318
16.0	2.243	0.05586	-0.150	0.008	0.504	0.707	0.998	40.161	0.291	0.317
17.0	2.296	0.06235	-0.152	0.007	0.532	0.681	0.998	36.826	0.295	0.316
18.0	2.341	0.06938	-0.155	0.006	0.565	0.655	0.998	33.750	0.306	0.316
19.0	2.372	0.07704	-0.157	0.006	0.608	0.630	0.998	30.790	0.330	0.316
20.0	2.393	0.08570	-0.159	0.006	0.653	0.606	0.998	27.923	0.347	0.316

Name = NACA 4424
Mach = 0; Re = 3630000; T.U. = 1.0; T.L. = 1.0
Surface Finish = 2; Stall model = 0; Transition model = 1; Aspect Ratio = 0; ground effect = 0
?	Cl	Cd	Cm 0.25	T.U.	T.L.	S.U.	S.L.	L/D	A.C.	C.P.
[°]	[-]	[-]	[-]	[-]	[-]	[-]	[-]	[-]	[-]	[-]
-20.0	-1.454	0.10246	-0.041	0.465	0.009	0.991	0.341	-14.193	0.291	0.222
-19.0	-1.404	0.08908	-0.043	0.436	0.010	0.990	0.371	-15.761	0.292	0.219
-18.0	-1.349	0.07576	-0.046	0.413	0.011	0.990	0.410	-17.811	0.296	0.216
-17.0	-1.293	0.06197	-0.049	0.404	0.014	0.990	0.467	-20.856	0.300	0.212
-16.0	-1.231	0.04892	-0.052	0.397	0.019	0.990	0.535	-25.160	0.293	0.208
-15.0	-1.156	0.04031	-0.055	0.364	0.019	0.989	0.586	-28.690	0.288	0.203
-14.0	-1.076	0.03339	-0.058	0.352	0.020	0.988	0.642	-32.219	0.287	0.197
-13.0	-0.989	0.02745	-0.061	0.345	0.021	0.988	0.704	-36.021	0.286	0.189
-12.0	-0.895	0.02294	-0.064	0.315	0.022	0.987	0.766	-39.025	0.284	0.178
-11.0	-0.793	0.01966	-0.067	0.300	0.023	0.986	0.823	-40.357	0.281	0.165
-10.0	-0.684	0.01720	-0.071	0.292	0.027	0.984	0.874	-39.774	0.279	0.147
-9.0	-0.568	0.01774	-0.074	0.262	0.035	0.983	0.915	-32.050	0.277	0.120
-8.0	-0.447	0.01684	-0.077	0.249	0.036	0.982	0.936	-26.538	0.275	0.078
-7.0	-0.322	0.01611	-0.080	0.241	0.039	0.981	0.952	-20.009	0.274	0.002
-6.0	-0.195	0.01579	-0.083	0.210	0.043	0.979	0.963	-12.356	0.274	-0.176
-5.0	-0.066	0.01528	-0.086	0.200	0.055	0.978	0.972	-4.334	0.274	-1.052
-4.0	0.064	0.01514	-0.089	0.179	0.059	0.975	0.978	4.212	0.274	1.650
-3.0	0.194	0.01522	-0.092	0.162	0.064	0.972	0.981	12.783	0.274	0.725
-2.0	0.325	0.01291	-0.096	0.154	0.080	0.969	0.984	25.203	0.275	0.544
-1.0	0.456	0.01363	-0.099	0.129	0.086	0.965	0.986	33.420	0.275	0.467
0.0	0.582	0.01484	-0.102	0.119	0.096	0.961	0.989	39.236	0.276	0.425
1.0	0.710	0.01557	-0.105	0.104	0.113	0.955	0.990	45.608	0.276	0.398
2.0	0.837	0.01653	-0.109	0.089	0.123	0.948	0.990	50.607	0.276	0.380
3.0	0.962	0.01740	-0.112	0.083	0.144	0.942	0.991	55.309	0.276	0.366
4.0	1.086	0.01872	-0.115	0.064	0.154	0.933	0.992	57.993	0.277	0.356
5.0	1.207	0.02000	-0.118	0.057	0.180	0.923	0.993	60.366	0.277	0.348
6.0	1.327	0.02145	-0.122	0.051	0.190	0.912	0.994	61.855	0.277	0.342
7.0	1.443	0.02334	-0.125	0.039	0.219	0.898	0.994	61.812	0.278	0.337
8.0	1.555	0.02514	-0.128	0.035	0.230	0.884	0.995	61.855	0.279	0.332
9.0	1.664	0.02712	-0.131	0.032	0.261	0.869	0.997	61.358	0.279	0.329
10.0	1.767	0.03002	-0.134	0.023	0.275	0.850	0.997	58.853	0.279	0.326
11.0	1.865	0.03312	-0.137	0.019	0.307	0.830	0.997	56.300	0.281	0.324
12.0	1.957	0.03619	-0.140	0.017	0.331	0.810	0.998	54.082	0.282	0.322
13.0	2.042	0.03959	-0.143	0.016	0.374	0.789	0.998	51.578	0.284	0.320
14.0	2.118	0.04356	-0.146	0.014	0.450	0.766	0.998	48.629	0.285	0.319
15.0	2.185	0.04919	-0.148	0.009	0.461	0.738	0.998	44.422	0.287	0.318
16.0	2.246	0.05494	-0.150	0.007	0.485	0.711	0.998	40.872	0.291	0.317
17.0	2.299	0.06110	-0.153	0.007	0.510	0.686	0.998	37.625	0.296	0.316
18.0	2.344	0.06798	-0.155	0.006	0.550	0.661	0.998	34.489	0.307	0.316
19.0	2.375	0.07551	-0.157	0.006	0.577	0.636	0.998	31.452	0.330	0.316
20.0	2.396	0.08389	-0.159	0.005	0.617	0.611	0.998	28.561	0.347	0.316

Name = NACA 4424
Mach = 0; Re = 4030000; T.U. = 1.0; T.L. = 1.0
Surface Finish = 2; Stall model = 0; Transition model = 1; Aspect Ratio = 0; ground effect = 0
?	Cl	Cd	Cm 0.25	T.U.	T.L.	S.U.	S.L.	L/D	A.C.	C.P.
[°]	[-]	[-]	[-]	[-]	[-]	[-]	[-]	[-]	[-]	[-]
-20.0	-1.456	0.10108	-0.042	0.452	0.009	0.991	0.345	-14.400	0.290	0.221
-19.0	-1.405	0.08809	-0.044	0.419	0.009	0.990	0.374	-15.951	0.292	0.219
-18.0	-1.350	0.07507	-0.046	0.406	0.010	0.990	0.413	-17.987	0.295	0.216
-17.0	-1.292	0.06204	-0.049	0.399	0.012	0.990	0.466	-20.828	0.299	0.212
-16.0	-1.230	0.04898	-0.052	0.373	0.017	0.990	0.534	-25.123	0.296	0.208
-15.0	-1.158	0.03935	-0.055	0.355	0.019	0.990	0.594	-29.439	0.290	0.203
-14.0	-1.078	0.03237	-0.058	0.347	0.020	0.989	0.652	-33.304	0.287	0.196
-13.0	-0.991	0.02681	-0.061	0.328	0.020	0.988	0.712	-36.945	0.285	0.189
-12.0	-0.897	0.02244	-0.064	0.304	0.021	0.987	0.774	-39.958	0.284	0.178
-11.0	-0.794	0.01927	-0.067	0.295	0.022	0.986	0.830	-41.220	0.281	0.165
-10.0	-0.684	0.01701	-0.071	0.272	0.025	0.985	0.877	-40.231	0.279	0.147
-9.0	-0.569	0.01515	-0.074	0.253	0.032	0.983	0.916	-37.537	0.277	0.120
-8.0	-0.447	0.01656	-0.077	0.245	0.036	0.983	0.938	-26.995	0.275	0.078
-7.0	-0.322	0.01603	-0.080	0.218	0.037	0.981	0.954	-20.114	0.274	0.002
-6.0	-0.195	0.01556	-0.083	0.203	0.041	0.980	0.964	-12.541	0.274	-0.176
-5.0	-0.066	0.01512	-0.086	0.197	0.049	0.978	0.973	-4.381	0.274	-1.052
-4.0	0.064	0.01510	-0.089	0.167	0.058	0.976	0.978	4.226	0.274	1.650
-3.0	0.195	0.01498	-0.092	0.157	0.062	0.973	0.981	12.987	0.274	0.725
-2.0	0.325	0.01285	-0.096	0.140	0.072	0.969	0.985	25.314	0.275	0.544
-1.0	0.456	0.01347	-0.099	0.123	0.084	0.965	0.987	33.817	0.275	0.467
0.0	0.582	0.01457	-0.102	0.116	0.092	0.962	0.989	39.978	0.276	0.425
1.0	0.710	0.01550	-0.105	0.094	0.111	0.956	0.990	45.814	0.276	0.398
2.0	0.837	0.01627	-0.109	0.086	0.118	0.949	0.991	51.444	0.276	0.380
3.0	0.962	0.01726	-0.112	0.074	0.139	0.942	0.991	55.759	0.276	0.366
4.0	1.086	0.01853	-0.115	0.061	0.150	0.934	0.992	58.622	0.277	0.356
5.0	1.208	0.01968	-0.119	0.056	0.168	0.925	0.993	61.356	0.277	0.348
6.0	1.327	0.02130	-0.122	0.043	0.185	0.913	0.994	62.290	0.277	0.342
7.0	1.443	0.02299	-0.125	0.037	0.203	0.900	0.995	62.786	0.278	0.337
8.0	1.556	0.02475	-0.128	0.034	0.225	0.887	0.996	62.875	0.279	0.332
9.0	1.665	0.02704	-0.131	0.027	0.244	0.871	0.997	61.571	0.279	0.329
10.0	1.768	0.02995	-0.134	0.021	0.268	0.852	0.997	59.017	0.280	0.326
11.0	1.866	0.03267	-0.137	0.018	0.294	0.834	0.998	57.124	0.281	0.324
12.0	1.959	0.03553	-0.140	0.017	0.317	0.814	0.998	55.133	0.282	0.322
13.0	2.044	0.03890	-0.143	0.016	0.355	0.793	0.998	52.536	0.283	0.320
14.0	2.119	0.04349	-0.146	0.011	0.411	0.767	0.998	48.715	0.285	0.319
15.0	2.187	0.04858	-0.148	0.008	0.454	0.741	0.998	45.014	0.288	0.318
16.0	2.248	0.05402	-0.150	0.007	0.468	0.716	0.998	41.609	0.291	0.317
17.0	2.301	0.06005	-0.153	0.006	0.500	0.690	0.998	38.319	0.296	0.316
18.0	2.347	0.06683	-0.155	0.005	0.521	0.665	0.998	35.114	0.307	0.316
19.0	2.378	0.07410	-0.157	0.005	0.557	0.641	0.998	32.089	0.331	0.316
20.0	2.399	0.08231	-0.159	0.005	0.599	0.616	0.998	29.139	0.348	0.316

Name = NACA 4424
Mach = 0; Re = 4430000; T.U. = 1.0; T.L. = 1.0
Surface Finish = 2; Stall model = 0; Transition model = 1; Aspect Ratio = 0; ground effect = 0
?	Cl	Cd	Cm 0.25	T.U.	T.L.	S.U.	S.L.	L/D	A.C.	C.P.
[°]	[-]	[-]	[-]	[-]	[-]	[-]	[-]	[-]	[-]	[-]
-20.0	-1.457	0.09995	-0.042	0.429	0.009	0.991	0.349	-14.576	0.291	0.221
-19.0	-1.407	0.08683	-0.044	0.410	0.009	0.990	0.379	-16.200	0.292	0.219
-18.0	-1.352	0.07371	-0.046	0.401	0.010	0.990	0.419	-18.347	0.295	0.216
-17.0	-1.293	0.06123	-0.049	0.393	0.011	0.990	0.470	-21.126	0.295	0.212
-16.0	-1.228	0.04996	-0.052	0.361	0.013	0.990	0.526	-24.586	0.296	0.208
-15.0	-1.161	0.03831	-0.055	0.350	0.019	0.990	0.603	-30.291	0.292	0.203
-14.0	-1.080	0.03164	-0.058	0.344	0.019	0.989	0.659	-34.127	0.287	0.196
-13.0	-0.992	0.02622	-0.061	0.311	0.020	0.988	0.720	-37.838	0.285	0.188
-12.0	-0.898	0.02197	-0.064	0.298	0.021	0.987	0.780	-40.871	0.283	0.178
-11.0	-0.795	0.01896	-0.068	0.292	0.021	0.986	0.834	-41.952	0.280	0.165
-10.0	-0.685	0.01686	-0.071	0.259	0.023	0.985	0.879	-40.621	0.278	0.147
-9.0	-0.569	0.01509	-0.074	0.248	0.028	0.984	0.916	-37.680	0.277	0.120
-8.0	-0.447	0.01638	-0.077	0.236	0.035	0.983	0.941	-27.319	0.275	0.078
-7.0	-0.323	0.01578	-0.080	0.208	0.037	0.982	0.956	-20.443	0.274	0.002
-6.0	-0.195	0.01537	-0.083	0.200	0.039	0.980	0.965	-12.698	0.274	-0.176
-5.0	-0.066	0.01506	-0.086	0.177	0.045	0.979	0.974	-4.399	0.274	-1.052
-4.0	0.064	0.01487	-0.089	0.161	0.057	0.977	0.978	4.289	0.274	1.650
-3.0	0.195	0.01487	-0.092	0.154	0.060	0.973	0.981	13.081	0.274	0.725
-2.0	0.325	0.01283	-0.096	0.129	0.068	0.970	0.985	25.347	0.275	0.544
-1.0	0.456	0.01328	-0.099	0.120	0.082	0.966	0.988	34.307	0.275	0.467
0.0	0.583	0.01454	-0.102	0.107	0.089	0.962	0.989	40.073	0.276	0.425
1.0	0.710	0.01529	-0.105	0.090	0.106	0.957	0.990	46.465	0.276	0.398
2.0	0.837	0.01609	-0.109	0.084	0.116	0.951	0.991	52.026	0.276	0.380
3.0	0.962	0.01720	-0.112	0.066	0.129	0.943	0.991	55.941	0.276	0.366
4.0	1.086	0.01826	-0.115	0.058	0.147	0.936	0.992	59.486	0.277	0.356
5.0	1.208	0.01945	-0.119	0.054	0.160	0.926	0.993	62.126	0.277	0.348
6.0	1.327	0.02112	-0.122	0.040	0.182	0.914	0.994	62.840	0.278	0.342
7.0	1.444	0.02273	-0.125	0.035	0.194	0.903	0.995	63.533	0.278	0.337
8.0	1.557	0.02439	-0.128	0.033	0.221	0.889	0.996	63.833	0.279	0.332
9.0	1.665	0.02679	-0.131	0.023	0.233	0.872	0.997	62.161	0.279	0.329
10.0	1.769	0.02958	-0.134	0.019	0.263	0.855	0.997	59.806	0.280	0.326
11.0	1.867	0.03214	-0.137	0.017	0.279	0.837	0.998	58.092	0.281	0.324
12.0	1.960	0.03502	-0.140	0.016	0.310	0.817	0.998	55.968	0.282	0.322
13.0	2.046	0.03826	-0.143	0.015	0.336	0.797	0.998	53.466	0.283	0.320
14.0	2.120	0.04312	-0.146	0.009	0.376	0.769	0.998	49.162	0.285	0.319
15.0	2.188	0.04785	-0.148	0.007	0.449	0.744	0.998	45.737	0.288	0.318
16.0	2.250	0.05318	-0.151	0.006	0.459	0.720	0.998	42.305	0.292	0.317
17.0	2.303	0.05903	-0.153	0.006	0.479	0.695	0.998	39.015	0.296	0.316
18.0	2.349	0.06569	-0.155	0.005	0.507	0.670	0.998	35.761	0.307	0.316
19.0	2.380	0.07285	-0.157	0.005	0.539	0.645	0.998	32.671	0.331	0.316
20.0	2.401	0.08093	-0.159	0.005	0.569	0.621	0.998	29.666	0.348	0.316

Name = NACA 4424
Mach = 0; Re = 4830000; T.U. = 1.0; T.L. = 1.0
Surface Finish = 2; Stall model = 0; Transition model = 1; Aspect Ratio = 0; ground effect = 0
?	Cl	Cd	Cm 0.25	T.U.	T.L.	S.U.	S.L.	L/D	A.C.	C.P.
[°]	[-]	[-]	[-]	[-]	[-]	[-]	[-]	[-]	[-]	[-]
-20.0	-1.458	0.09882	-0.042	0.416	0.008	0.991	0.352	-14.753	0.291	0.221
-19.0	-1.408	0.08577	-0.044	0.405	0.009	0.990	0.383	-16.415	0.293	0.219
-18.0	-1.354	0.07256	-0.046	0.398	0.009	0.990	0.425	-18.662	0.294	0.216
-17.0	-1.294	0.06063	-0.049	0.370	0.010	0.990	0.473	-21.350	0.293	0.212
-16.0	-1.228	0.04988	-0.052	0.354	0.012	0.990	0.526	-24.627	0.296	0.208
-15.0	-1.161	0.03863	-0.055	0.346	0.017	0.990	0.603	-30.039	0.294	0.203
-14.0	-1.081	0.03106	-0.058	0.324	0.019	0.989	0.666	-34.812	0.288	0.196
-13.0	-0.994	0.02562	-0.061	0.303	0.020	0.988	0.727	-38.790	0.285	0.188
-12.0	-0.899	0.02158	-0.064	0.294	0.020	0.987	0.787	-41.665	0.283	0.178
-11.0	-0.796	0.01870	-0.068	0.270	0.021	0.986	0.839	-42.570	0.280	0.165
-10.0	-0.685	0.01663	-0.071	0.252	0.022	0.985	0.883	-41.201	0.278	0.147
-9.0	-0.569	0.01496	-0.074	0.244	0.026	0.984	0.917	-38.008	0.276	0.120
-8.0	-0.448	0.01623	-0.077	0.217	0.035	0.983	0.942	-27.565	0.275	0.078
-7.0	-0.323	0.01565	-0.080	0.203	0.036	0.982	0.957	-20.607	0.274	0.002
-6.0	-0.195	0.01513	-0.083	0.197	0.039	0.981	0.966	-12.898	0.274	-0.176
-5.0	-0.066	0.01500	-0.086	0.167	0.043	0.979	0.974	-4.416	0.274	-1.052
-4.0	0.064	0.01467	-0.089	0.158	0.056	0.977	0.979	4.350	0.274	1.651
-3.0	0.195	0.01473	-0.092	0.144	0.059	0.974	0.982	13.206	0.274	0.725
-2.0	0.325	0.01267	-0.096	0.124	0.065	0.970	0.985	25.675	0.275	0.544
-1.0	0.456	0.01312	-0.099	0.117	0.081	0.967	0.988	34.748	0.275	0.467
0.0	0.583	0.01454	-0.102	0.096	0.086	0.962	0.989	40.068	0.276	0.425
1.0	0.711	0.01518	-0.105	0.087	0.098	0.958	0.990	46.814	0.276	0.398
2.0	0.837	0.01593	-0.109	0.082	0.114	0.952	0.991	52.547	0.276	0.380
3.0	0.963	0.01700	-0.112	0.062	0.123	0.944	0.992	56.617	0.277	0.366
4.0	1.087	0.01806	-0.115	0.056	0.145	0.937	0.992	60.157	0.277	0.356
5.0	1.208	0.01936	-0.119	0.047	0.154	0.927	0.993	62.426	0.277	0.348
6.0	1.328	0.02085	-0.122	0.038	0.180	0.916	0.994	63.683	0.278	0.342
7.0	1.444	0.02239	-0.125	0.034	0.188	0.905	0.995	64.504	0.278	0.337
8.0	1.558	0.02408	-0.128	0.032	0.219	0.891	0.996	64.676	0.279	0.332
9.0	1.666	0.02656	-0.131	0.021	0.227	0.875	0.997	62.723	0.279	0.329
10.0	1.770	0.02916	-0.135	0.018	0.258	0.857	0.997	60.702	0.280	0.326
11.0	1.869	0.03168	-0.138	0.017	0.271	0.840	0.998	58.991	0.281	0.324
12.0	1.962	0.03451	-0.140	0.016	0.305	0.821	0.998	56.849	0.282	0.322
13.0	2.046	0.03835	-0.143	0.011	0.322	0.798	0.998	53.339	0.283	0.320
14.0	2.121	0.04271	-0.146	0.008	0.359	0.772	0.998	49.668	0.286	0.319
15.0	2.190	0.04722	-0.148	0.007	0.414	0.748	0.998	46.380	0.289	0.318
16.0	2.251	0.05238	-0.151	0.006	0.454	0.724	0.998	42.984	0.292	0.317
17.0	2.305	0.05813	-0.153	0.005	0.466	0.699	0.998	39.652	0.296	0.316
18.0	2.351	0.06467	-0.155	0.005	0.499	0.674	0.998	36.353	0.307	0.316
19.0	2.382	0.07174	-0.158	0.005	0.518	0.650	0.998	33.202	0.331	0.316
20.0	2.403	0.07972	-0.160	0.005	0.555	0.625	0.998	30.148	0.348	0.316

Name = NACA 4424
Mach = 0; Re = 5230000; T.U. = 1.0; T.L. = 1.0
Surface Finish = 2; Stall model = 0; Transition model = 1; Aspect Ratio = 0; ground effect = 0
?	Cl	Cd	Cm 0.25	T.U.	T.L.	S.U.	S.L.	L/D	A.C.	C.P.
[°]	[-]	[-]	[-]	[-]	[-]	[-]	[-]	[-]	[-]	[-]
-20.0	-1.460	0.09723	-0.042	0.410	0.008	0.991	0.358	-15.018	0.290	0.221
-19.0	-1.409	0.08473	-0.044	0.401	0.008	0.991	0.387	-16.634	0.293	0.219
-18.0	-1.356	0.07142	-0.046	0.394	0.009	0.990	0.431	-18.984	0.293	0.216
-17.0	-1.295	0.06017	-0.049	0.360	0.009	0.990	0.475	-21.523	0.292	0.212
-16.0	-1.229	0.04970	-0.052	0.350	0.011	0.990	0.527	-24.717	0.293	0.208
-15.0	-1.158	0.03952	-0.055	0.344	0.014	0.990	0.594	-29.306	0.295	0.203
-14.0	-1.083	0.03033	-0.058	0.310	0.019	0.990	0.674	-35.702	0.290	0.196
-13.0	-0.995	0.02515	-0.061	0.298	0.019	0.989	0.733	-39.557	0.285	0.188
-12.0	-0.900	0.02120	-0.064	0.291	0.020	0.988	0.792	-42.441	0.282	0.178
-11.0	-0.797	0.01843	-0.068	0.259	0.020	0.987	0.843	-43.236	0.280	0.165
-10.0	-0.686	0.01644	-0.071	0.248	0.022	0.985	0.886	-41.717	0.278	0.147
-9.0	-0.569	0.01486	-0.074	0.241	0.024	0.984	0.919	-38.276	0.276	0.120
-8.0	-0.448	0.01613	-0.077	0.209	0.034	0.983	0.943	-27.758	0.275	0.078
-7.0	-0.323	0.01543	-0.080	0.200	0.036	0.982	0.958	-20.911	0.274	0.002
-6.0	-0.195	0.01509	-0.083	0.182	0.037	0.981	0.967	-12.935	0.274	-0.176
-5.0	-0.066	0.01485	-0.086	0.162	0.041	0.979	0.975	-4.461	0.274	-1.052
-4.0	0.064	0.01445	-0.089	0.155	0.053	0.978	0.979	4.415	0.274	1.651
-3.0	0.195	0.01211	-0.093	0.132	0.058	0.974	0.983	16.068	0.274	0.725
-2.0	0.325	0.01260	-0.096	0.121	0.062	0.971	0.985	25.824	0.275	0.544
-1.0	0.456	0.01300	-0.099	0.116	0.077	0.968	0.988	35.068	0.275	0.467
0.0	0.583	0.01433	-0.102	0.092	0.085	0.963	0.989	40.662	0.276	0.425
1.0	0.711	0.01506	-0.105	0.085	0.093	0.959	0.990	47.196	0.276	0.398
2.0	0.837	0.01588	-0.109	0.070	0.112	0.952	0.991	52.722	0.276	0.380
3.0	0.963	0.01687	-0.112	0.059	0.119	0.945	0.992	57.062	0.277	0.366
4.0	1.087	0.01782	-0.115	0.055	0.143	0.938	0.993	61.012	0.277	0.356
5.0	1.209	0.01927	-0.119	0.042	0.151	0.928	0.993	62.713	0.277	0.348
6.0	1.328	0.02066	-0.122	0.036	0.171	0.917	0.994	64.277	0.278	0.342
7.0	1.445	0.02215	-0.125	0.034	0.185	0.907	0.995	65.252	0.278	0.337
8.0	1.558	0.02409	-0.128	0.026	0.203	0.892	0.996	64.652	0.279	0.332
9.0	1.667	0.02664	-0.132	0.020	0.224	0.877	0.997	62.571	0.279	0.329
10.0	1.771	0.02884	-0.135	0.018	0.242	0.860	0.997	61.393	0.280	0.326
11.0	1.870	0.03127	-0.138	0.017	0.266	0.843	0.998	59.794	0.281	0.324
12.0	1.963	0.03407	-0.141	0.016	0.289	0.824	0.998	57.609	0.282	0.322
13.0	2.046	0.03806	-0.143	0.010	0.314	0.799	0.998	53.776	0.283	0.320
14.0	2.122	0.04217	-0.146	0.007	0.351	0.775	0.998	50.329	0.286	0.319
15.0	2.192	0.04662	-0.149	0.007	0.387	0.752	0.998	47.019	0.289	0.318
16.0	2.253	0.05161	-0.151	0.006	0.449	0.727	0.998	43.658	0.292	0.317
17.0	2.307	0.05735	-0.153	0.005	0.459	0.703	0.998	40.229	0.296	0.316
18.0	2.353	0.06361	-0.156	0.005	0.480	0.678	0.998	36.994	0.308	0.316
19.0	2.384	0.07055	-0.158	0.005	0.507	0.654	0.998	33.794	0.332	0.316
20.0	2.405	0.07836	-0.160	0.005	0.539	0.629	0.998	30.695	0.349	0.316

Name = NACA 4424
Mach = 0; Re = 5630000; T.U. = 1.0; T.L. = 1.0
Surface Finish = 2; Stall model = 0; Transition model = 1; Aspect Ratio = 0; ground effect = 0
?	Cl	Cd	Cm 0.25	T.U.	T.L.	S.U.	S.L.	L/D	A.C.	C.P.
[°]	[-]	[-]	[-]	[-]	[-]	[-]	[-]	[-]	[-]	[-]
-20.0	-1.461	0.09625	-0.042	0.405	0.008	0.991	0.361	-15.178	0.291	0.221
-19.0	-1.411	0.08350	-0.044	0.399	0.008	0.991	0.392	-16.894	0.293	0.219
-18.0	-1.357	0.07084	-0.046	0.372	0.009	0.990	0.434	-19.151	0.293	0.216
-17.0	-1.296	0.05929	-0.049	0.354	0.009	0.990	0.480	-21.864	0.292	0.212
-16.0	-1.230	0.04901	-0.052	0.347	0.010	0.990	0.532	-25.089	0.291	0.208
-15.0	-1.157	0.03982	-0.055	0.328	0.012	0.990	0.591	-29.068	0.295	0.203
-14.0	-1.085	0.02970	-0.058	0.303	0.019	0.990	0.681	-36.513	0.292	0.196
-13.0	-0.997	0.02465	-0.061	0.295	0.019	0.989	0.740	-40.427	0.285	0.188
-12.0	-0.901	0.02086	-0.065	0.273	0.020	0.988	0.798	-43.195	0.282	0.178
-11.0	-0.797	0.01821	-0.068	0.252	0.020	0.987	0.847	-43.792	0.280	0.165
-10.0	-0.686	0.01621	-0.071	0.245	0.021	0.986	0.889	-42.318	0.278	0.147
-9.0	-0.569	0.01478	-0.074	0.220	0.023	0.984	0.920	-38.510	0.276	0.120
-8.0	-0.448	0.01350	-0.077	0.204	0.029	0.983	0.943	-33.157	0.275	0.078
-7.0	-0.323	0.01531	-0.080	0.198	0.035	0.982	0.959	-21.074	0.274	0.002
-6.0	-0.195	0.01499	-0.083	0.170	0.037	0.981	0.968	-13.025	0.274	-0.176
-5.0	-0.066	0.01467	-0.086	0.159	0.040	0.979	0.976	-4.517	0.274	-1.052
-4.0	0.064	0.01442	-0.089	0.153	0.048	0.978	0.979	4.424	0.274	1.651
-3.0	0.195	0.01207	-0.093	0.126	0.057	0.975	0.983	16.126	0.274	0.725
-2.0	0.325	0.01245	-0.096	0.119	0.061	0.971	0.986	26.135	0.275	0.544
-1.0	0.456	0.01305	-0.099	0.103	0.071	0.968	0.988	34.915	0.275	0.467
0.0	0.583	0.01424	-0.102	0.089	0.084	0.964	0.989	40.918	0.276	0.425
1.0	0.711	0.01480	-0.105	0.084	0.090	0.960	0.990	48.013	0.276	0.398
2.0	0.837	0.01583	-0.109	0.065	0.111	0.953	0.991	52.915	0.276	0.380
3.0	0.963	0.01673	-0.112	0.058	0.116	0.946	0.992	57.570	0.277	0.366
4.0	1.087	0.01766	-0.115	0.054	0.134	0.939	0.993	61.557	0.277	0.356
5.0	1.209	0.01914	-0.119	0.039	0.149	0.929	0.993	63.168	0.277	0.348
6.0	1.329	0.02047	-0.122	0.035	0.161	0.919	0.994	64.900	0.278	0.342
7.0	1.446	0.02188	-0.125	0.033	0.183	0.909	0.995	66.067	0.278	0.337
8.0	1.558	0.02393	-0.128	0.023	0.195	0.893	0.996	65.127	0.279	0.332
9.0	1.667	0.02640	-0.132	0.019	0.221	0.879	0.997	63.162	0.279	0.329
10.0	1.772	0.02849	-0.135	0.017	0.234	0.862	0.997	62.182	0.280	0.326
11.0	1.870	0.03091	-0.138	0.016	0.263	0.845	0.998	60.520	0.281	0.324
12.0	1.963	0.03383	-0.141	0.014	0.278	0.825	0.998	58.043	0.282	0.322
13.0	2.047	0.03778	-0.143	0.008	0.309	0.801	0.998	54.195	0.284	0.320
14.0	2.124	0.04171	-0.146	0.007	0.331	0.778	0.998	50.922	0.286	0.319
15.0	2.193	0.04601	-0.149	0.006	0.367	0.755	0.998	47.672	0.289	0.318
16.0	2.255	0.05100	-0.151	0.005	0.425	0.731	0.998	44.213	0.292	0.317
17.0	2.309	0.05655	-0.153	0.005	0.454	0.706	0.998	40.821	0.297	0.316
18.0	2.355	0.06281	-0.156	0.005	0.468	0.681	0.998	37.488	0.308	0.316
19.0	2.386	0.06968	-0.158	0.005	0.500	0.657	0.998	34.242	0.331	0.316
20.0	2.404	0.07918	-0.160	0.003	0.519	0.627	0.998	30.361	0.349	0.316

Name = NACA 4424
Mach = 0; Re = 6030000; T.U. = 1.0; T.L. = 1.0
Surface Finish = 2; Stall model = 0; Transition model = 1; Aspect Ratio = 0; ground effect = 0
?	Cl	Cd	Cm 0.25	T.U.	T.L.	S.U.	S.L.	L/D	A.C.	C.P.
[°]	[-]	[-]	[-]	[-]	[-]	[-]	[-]	[-]	[-]	[-]
-20.0	-1.463	0.09501	-0.042	0.402	0.008	0.991	0.366	-15.394	0.289	0.221
-19.0	-1.412	0.08280	-0.044	0.397	0.008	0.991	0.395	-17.050	0.292	0.219
-18.0	-1.358	0.07006	-0.046	0.362	0.008	0.990	0.438	-19.380	0.294	0.216
-17.0	-1.298	0.05833	-0.049	0.350	0.009	0.990	0.486	-22.256	0.291	0.212
-16.0	-1.230	0.04868	-0.052	0.345	0.009	0.990	0.534	-25.272	0.290	0.208
-15.0	-1.158	0.03960	-0.055	0.313	0.011	0.990	0.593	-29.241	0.293	0.203
-14.0	-1.082	0.03090	-0.058	0.299	0.015	0.990	0.671	-35.023	0.292	0.196
-13.0	-0.997	0.02428	-0.061	0.293	0.019	0.989	0.744	-41.087	0.286	0.188
-12.0	-0.902	0.02058	-0.065	0.261	0.019	0.988	0.801	-43.815	0.282	0.178
-11.0	-0.798	0.01791	-0.068	0.249	0.020	0.987	0.852	-44.575	0.279	0.165
-10.0	-0.686	0.01606	-0.071	0.243	0.021	0.986	0.892	-42.758	0.277	0.147
-9.0	-0.569	0.01465	-0.074	0.211	0.022	0.985	0.922	-38.864	0.276	0.120
-8.0	-0.448	0.01341	-0.077	0.201	0.027	0.984	0.944	-33.379	0.275	0.078
-7.0	-0.323	0.01510	-0.080	0.195	0.035	0.983	0.960	-21.383	0.274	0.002
-6.0	-0.195	0.01484	-0.083	0.164	0.036	0.981	0.969	-13.158	0.274	-0.176
-5.0	-0.066	0.01456	-0.086	0.156	0.039	0.980	0.976	-4.552	0.274	-1.052
-4.0	0.064	0.01441	-0.089	0.139	0.045	0.978	0.979	4.429	0.274	1.651
-3.0	0.195	0.01193	-0.093	0.123	0.056	0.975	0.983	16.305	0.274	0.726
-2.0	0.325	0.01234	-0.096	0.117	0.060	0.972	0.986	26.362	0.275	0.544
-1.0	0.456	0.01357	-0.099	0.095	0.068	0.968	0.989	33.582	0.275	0.467
0.0	0.583	0.01415	-0.102	0.086	0.083	0.964	0.989	41.182	0.276	0.425
1.0	0.711	0.01469	-0.105	0.083	0.088	0.960	0.990	48.374	0.276	0.398
2.0	0.838	0.01574	-0.109	0.061	0.107	0.954	0.991	53.230	0.276	0.380
3.0	0.963	0.01651	-0.112	0.056	0.114	0.947	0.992	58.328	0.277	0.366
4.0	1.087	0.01763	-0.115	0.049	0.127	0.940	0.993	61.678	0.277	0.356
5.0	1.209	0.01893	-0.119	0.038	0.147	0.931	0.994	63.889	0.277	0.348
6.0	1.329	0.02023	-0.122	0.034	0.156	0.920	0.995	65.680	0.278	0.342
7.0	1.446	0.02166	-0.125	0.032	0.181	0.910	0.995	66.749	0.278	0.337
8.0	1.559	0.02376	-0.128	0.021	0.190	0.894	0.996	65.600	0.279	0.332
9.0	1.668	0.02607	-0.132	0.018	0.219	0.880	0.997	63.980	0.279	0.329
10.0	1.772	0.02818	-0.135	0.017	0.229	0.864	0.997	62.895	0.280	0.326
11.0	1.871	0.03051	-0.138	0.016	0.260	0.847	0.998	61.326	0.281	0.324
12.0	1.964	0.03382	-0.141	0.011	0.272	0.826	0.998	58.055	0.282	0.322
13.0	2.048	0.03741	-0.143	0.008	0.305	0.803	0.998	54.748	0.284	0.320
14.0	2.125	0.04124	-0.146	0.007	0.320	0.781	0.998	51.522	0.286	0.319
15.0	2.195	0.04546	-0.149	0.006	0.357	0.758	0.998	48.276	0.289	0.318
16.0	2.256	0.05041	-0.151	0.005	0.403	0.734	0.998	44.760	0.292	0.317
17.0	2.311	0.05583	-0.154	0.005	0.450	0.710	0.998	41.384	0.297	0.317
18.0	2.357	0.06191	-0.156	0.005	0.461	0.685	0.998	38.064	0.308	0.316
19.0	2.388	0.06868	-0.158	0.005	0.486	0.661	0.998	34.767	0.330	0.316
20.0	2.404	0.07958	-0.160	0.002	0.509	0.626	0.998	30.206	0.350	0.316

Name = NACA 4424
Mach = 0; Re = 6430000; T.U. = 1.0; T.L. = 1.0
Surface Finish = 2; Stall model = 0; Transition model = 1; Aspect Ratio = 0; ground effect = 0
?	Cl	Cd	Cm 0.25	T.U.	T.L.	S.U.	S.L.	L/D	A.C.	C.P.
[°]	[-]	[-]	[-]	[-]	[-]	[-]	[-]	[-]	[-]	[-]
-20.0	-1.463	0.09424	-0.042	0.399	0.007	0.991	0.368	-15.527	0.291	0.221
-19.0	-1.413	0.08166	-0.044	0.379	0.008	0.991	0.399	-17.306	0.293	0.219
-18.0	-1.360	0.06892	-0.047	0.356	0.008	0.991	0.443	-19.727	0.293	0.216
-17.0	-1.299	0.05777	-0.049	0.347	0.009	0.990	0.489	-22.484	0.291	0.212
-16.0	-1.231	0.04800	-0.052	0.340	0.009	0.990	0.538	-25.655	0.290	0.208
-15.0	-1.159	0.03929	-0.055	0.305	0.010	0.990	0.595	-29.485	0.291	0.203
-14.0	-1.081	0.03133	-0.058	0.296	0.013	0.990	0.665	-34.499	0.293	0.196
-13.0	-0.999	0.02387	-0.062	0.286	0.019	0.989	0.750	-41.842	0.288	0.188
-12.0	-0.903	0.02027	-0.065	0.254	0.019	0.988	0.807	-44.523	0.282	0.178
-11.0	-0.799	0.01772	-0.068	0.246	0.019	0.987	0.855	-45.061	0.279	0.165
-10.0	-0.687	0.01589	-0.071	0.230	0.020	0.986	0.894	-43.235	0.277	0.147
-9.0	-0.569	0.01453	-0.074	0.206	0.022	0.985	0.924	-39.188	0.276	0.120
-8.0	-0.448	0.01335	-0.077	0.199	0.025	0.984	0.945	-33.528	0.275	0.078
-7.0	-0.323	0.01507	-0.080	0.177	0.035	0.983	0.961	-21.417	0.274	0.002
-6.0	-0.195	0.01475	-0.083	0.161	0.036	0.981	0.969	-13.245	0.274	-0.176
-5.0	-0.066	0.01441	-0.086	0.155	0.038	0.980	0.976	-4.598	0.274	-1.052
-4.0	0.064	0.01432	-0.089	0.130	0.043	0.978	0.980	4.457	0.274	1.651
-3.0	0.195	0.01184	-0.093	0.121	0.056	0.976	0.983	16.438	0.274	0.726
-2.0	0.325	0.01220	-0.096	0.116	0.059	0.973	0.986	26.664	0.275	0.544
-1.0	0.456	0.01352	-0.099	0.092	0.065	0.969	0.989	33.720	0.275	0.467
0.0	0.583	0.01395	-0.102	0.085	0.082	0.965	0.990	41.772	0.276	0.425
1.0	0.711	0.01471	-0.105	0.073	0.086	0.961	0.990	48.338	0.276	0.398
2.0	0.838	0.01555	-0.109	0.060	0.099	0.955	0.991	53.860	0.276	0.380
3.0	0.963	0.01638	-0.112	0.056	0.113	0.948	0.992	58.799	0.277	0.366
4.0	1.087	0.01752	-0.115	0.044	0.123	0.940	0.993	62.056	0.277	0.356
5.0	1.209	0.01878	-0.119	0.036	0.145	0.932	0.994	64.410	0.277	0.348
6.0	1.329	0.02007	-0.122	0.034	0.152	0.922	0.995	66.231	0.278	0.342
7.0	1.446	0.02160	-0.125	0.028	0.180	0.911	0.995	66.942	0.278	0.337
8.0	1.559	0.02357	-0.128	0.020	0.187	0.896	0.996	66.152	0.279	0.332
9.0	1.669	0.02589	-0.132	0.018	0.213	0.882	0.997	64.458	0.280	0.329
10.0	1.773	0.02789	-0.135	0.017	0.225	0.867	0.997	63.571	0.280	0.326
11.0	1.872	0.03025	-0.138	0.016	0.249	0.850	0.998	61.896	0.281	0.324
12.0	1.964	0.03361	-0.141	0.009	0.268	0.827	0.998	58.435	0.282	0.322
13.0	2.049	0.03705	-0.143	0.007	0.294	0.805	0.998	55.308	0.284	0.320
14.0	2.126	0.04079	-0.146	0.006	0.314	0.783	0.998	52.124	0.287	0.319
15.0	2.196	0.04501	-0.149	0.006	0.351	0.761	0.998	48.786	0.289	0.318
16.0	2.258	0.04986	-0.151	0.005	0.382	0.737	0.998	45.277	0.292	0.317
17.0	2.312	0.05516	-0.154	0.005	0.448	0.712	0.998	41.909	0.297	0.317
18.0	2.358	0.06125	-0.156	0.004	0.456	0.688	0.998	38.500	0.307	0.316
19.0	2.387	0.06930	-0.158	0.003	0.471	0.659	0.998	34.443	0.330	0.316
20.0	2.405	0.07917	-0.160	0.001	0.503	0.628	0.998	30.372	0.350	0.316


