Name = NACA 6409
Mach = 0; Re = 30000; T.U. = 1.0; T.L. = 1.0
Surface Finish = 2; Stall model = 0; Transition model = 1; Aspect Ratio = 0; ground effect = 0
?	Cl	Cd	Cm 0.25	T.U.	T.L.	S.U.	S.L.	L/D	A.C.	C.P.
[°]	[-]	[-]	[-]	[-]	[-]	[-]	[-]	[-]	[-]	[-]
-20.0	-0.275	0.85549	-0.041	0.932	0.002	0.962	0.003	-0.321	0.221	0.101
-19.0	-0.295	0.69504	-0.041	0.926	0.002	0.961	0.003	-0.424	0.233	0.109
-18.0	-0.315	0.59614	-0.042	0.920	0.002	0.960	0.003	-0.528	0.220	0.118
-17.0	-0.333	0.51998	-0.043	0.914	0.002	0.959	0.004	-0.641	0.168	0.122
-16.0	-0.349	0.41995	-0.044	0.908	0.003	0.956	0.004	-0.831	0.145	0.123
-15.0	-0.361	0.34433	-0.045	0.898	0.003	0.954	0.005	-1.048	0.110	0.124
-14.0	-0.365	0.31565	-0.047	0.889	0.003	0.951	0.006	-1.158	-8.314	0.122
-13.0	-0.361	0.25395	-0.048	0.879	0.005	0.948	0.006	-1.421	0.327	0.117
-12.0	-0.345	0.20771	-0.048	0.867	0.005	0.945	0.006	-1.660	0.287	0.110
-11.0	-0.315	0.18016	-0.050	0.852	0.006	0.942	0.007	-1.747	0.275	0.093
-10.0	-0.270	0.14051	-0.050	0.840	0.006	0.939	0.007	-1.922	0.264	0.064
-9.0	-0.211	0.12001	-0.051	0.821	0.006	0.936	0.008	-1.755	0.264	0.008
-8.0	-0.137	0.10042	-0.052	0.804	0.006	0.933	0.008	-1.364	0.266	-0.130
-7.0	-0.056	0.08419	-0.053	0.782	0.008	0.929	0.009	-0.660	0.268	-0.712
-6.0	0.032	0.07289	-0.055	0.760	0.008	0.924	0.010	0.439	0.270	1.974
-5.0	0.124	0.06360	-0.057	0.733	0.009	0.922	0.012	1.947	0.276	0.710
-4.0	0.219	0.05746	-0.060	0.706	0.011	0.917	0.015	3.802	0.307	0.525
-3.0	0.315	0.05344	-0.068	0.670	0.019	0.915	0.026	5.899	0.332	0.465
-2.0	0.414	0.05055	-0.076	0.630	0.027	0.913	0.044	8.180	0.434	0.434
-1.0	0.535	0.04234	-0.108	0.579	0.063	0.915	0.248	12.636	0.463	0.453
0.0	0.735	0.03183	-0.145	0.499	0.129	0.926	0.998	23.104	0.369	0.447
1.0	0.850	0.03266	-0.146	0.435	0.988	0.923	0.993	26.023	0.258	0.422
2.0	0.960	0.03464	-0.146	0.419	0.991	0.900	0.996	27.703	0.255	0.403
3.0	1.066	0.03722	-0.147	0.404	0.994	0.866	0.997	28.628	0.251	0.388
4.0	1.167	0.03992	-0.147	0.389	0.998	0.822	0.998	29.227	0.246	0.376
5.0	1.257	0.04335	-0.146	0.371	0.998	0.767	0.998	28.987	0.237	0.366
6.0	1.330	0.04787	-0.145	0.355	0.998	0.693	0.998	27.775	0.282	0.359
7.0	1.464	0.05007	-0.153	0.014	0.998	0.868	0.998	29.247	1.524	0.354
8.0	1.264	0.07348	-0.060	0.005	0.998	0.008	0.998	17.199	0.855	0.298
9.0	1.307	0.08689	-0.057	0.004	0.998	0.006	0.999	15.040	0.187	0.294
10.0	1.334	0.10494	-0.056	0.003	0.998	0.005	0.998	12.711	0.172	0.292
11.0	1.343	0.12494	-0.055	0.003	0.998	0.004	0.998	10.752	-0.937	0.291
12.0	1.335	0.15367	-0.054	0.003	0.999	0.004	0.999	8.690	0.272	0.291
13.0	1.311	0.18539	-0.054	0.002	0.998	0.004	0.999	7.069	0.264	0.291
14.0	1.271	0.22020	-0.053	0.002	0.999	0.003	0.999	5.772	0.259	0.292
15.0	1.195	0.26113	-0.053	0.002	0.999	0.003	0.999	4.578	0.257	0.294
16.0	1.104	0.32741	-0.052	0.002	0.999	0.003	0.999	3.372	0.258	0.297
17.0	1.008	0.37332	-0.051	0.001	0.999	0.002	0.999	2.701	0.256	0.301
18.0	0.913	0.44978	-0.051	0.001	0.999	0.002	0.999	2.030	0.253	0.306
19.0	0.822	0.53283	-0.051	0.001	0.999	0.002	0.999	1.542	0.249	0.312
20.0	0.737	0.60992	-0.051	0.001	0.999	0.002	0.999	1.208	0.244	0.320

Name = NACA 6409
Mach = 0; Re = 430000; T.U. = 1.0; T.L. = 1.0
Surface Finish = 2; Stall model = 0; Transition model = 1; Aspect Ratio = 0; ground effect = 0
?	Cl	Cd	Cm 0.25	T.U.	T.L.	S.U.	S.L.	L/D	A.C.	C.P.
[°]	[-]	[-]	[-]	[-]	[-]	[-]	[-]	[-]	[-]	[-]
-20.0	-0.275	0.33793	-0.054	0.871	0.001	0.990	0.012	-0.814	0.266	0.056
-19.0	-0.295	0.30263	-0.053	0.854	0.002	0.990	0.011	-0.976	0.271	0.070
-18.0	-0.315	0.25697	-0.053	0.842	0.002	0.990	0.011	-1.226	0.256	0.083
-17.0	-0.334	0.22572	-0.053	0.822	0.002	0.990	0.011	-1.479	0.239	0.091
-16.0	-0.350	0.19125	-0.053	0.804	0.002	0.991	0.011	-1.829	0.250	0.098
-15.0	-0.361	0.17023	-0.053	0.783	0.003	0.991	0.010	-2.122	0.240	0.103
-14.0	-0.366	0.14723	-0.053	0.761	0.003	0.991	0.010	-2.485	12.604	0.105
-13.0	-0.361	0.12171	-0.052	0.735	0.004	0.991	0.009	-2.968	0.198	0.106
-12.0	-0.345	0.10584	-0.052	0.711	0.005	0.991	0.009	-3.259	0.266	0.099
-11.0	-0.315	0.09142	-0.053	0.680	0.006	0.991	0.009	-3.445	0.265	0.082
-10.0	-0.270	0.07814	-0.053	0.650	0.006	0.991	0.009	-3.458	0.267	0.053
-9.0	-0.211	0.06847	-0.055	0.615	0.006	0.991	0.010	-3.078	0.275	-0.010
-8.0	-0.137	0.05968	-0.057	0.573	0.006	0.991	0.012	-2.297	0.270	-0.163
-7.0	-0.056	0.05234	-0.058	0.526	0.008	0.991	0.013	-1.062	0.289	-0.790
-6.0	0.032	0.04669	-0.063	0.440	0.008	0.991	0.019	0.686	0.377	2.220
-5.0	0.125	0.04015	-0.081	0.421	0.009	0.991	0.062	3.123	0.578	0.894
-4.0	0.272	0.01306	-0.142	0.407	0.011	0.991	0.997	20.820	0.484	0.771
-3.0	0.391	0.01304	-0.143	0.395	0.019	0.991	0.998	30.015	0.260	0.615
-2.0	0.511	0.01312	-0.144	0.375	0.027	0.991	0.998	38.945	0.260	0.532
-1.0	0.629	0.01320	-0.145	0.362	0.050	0.991	0.998	47.697	0.261	0.481
0.0	0.745	0.01338	-0.147	0.351	0.090	0.990	0.998	55.672	0.261	0.447
1.0	0.861	0.01375	-0.148	0.335	0.134	0.990	0.998	62.674	0.261	0.422
2.0	0.977	0.01271	-0.149	0.309	0.195	0.988	0.999	76.846	0.261	0.403
3.0	1.092	0.01175	-0.151	0.287	0.980	0.986	0.997	92.892	0.262	0.388
4.0	1.205	0.01280	-0.152	0.255	0.989	0.982	0.998	94.198	0.262	0.376
5.0	1.312	0.01920	-0.153	0.215	0.998	0.978	0.998	68.330	0.262	0.367
6.0	1.407	0.02188	-0.154	0.153	0.998	0.967	0.998	64.327	0.261	0.360
7.0	1.487	0.02766	-0.155	0.013	0.997	0.945	0.998	53.767	0.262	0.354
8.0	1.554	0.03069	-0.156	0.005	0.998	0.929	0.998	50.628	0.267	0.351
9.0	1.602	0.03385	-0.157	0.004	0.998	0.909	0.999	47.316	0.272	0.348
10.0	1.627	0.03739	-0.158	0.003	0.998	0.885	0.998	43.516	0.292	0.347
11.0	1.628	0.04078	-0.158	0.003	0.998	0.851	0.998	39.918	0.582	0.347
12.0	1.336	0.09101	-0.062	0.003	0.999	0.007	0.999	14.684	0.558	0.296
13.0	1.312	0.10638	-0.061	0.002	0.998	0.007	0.999	12.329	0.273	0.297
14.0	1.272	0.12175	-0.060	0.002	0.999	0.006	0.999	10.446	0.253	0.297
15.0	1.196	0.14095	-0.061	0.002	0.998	0.006	0.999	8.487	0.252	0.301
16.0	1.105	0.16021	-0.060	0.001	0.999	0.005	0.999	6.896	0.256	0.304
17.0	1.009	0.18677	-0.060	0.001	0.999	0.005	0.999	5.402	0.255	0.309
18.0	0.914	0.20807	-0.059	0.001	0.999	0.004	0.999	4.391	0.231	0.314
19.0	0.823	0.24614	-0.063	0.001	0.999	0.006	0.999	3.342	0.212	0.327
20.0	0.738	0.28051	-0.065	0.001	0.999	0.007	0.999	2.629	0.222	0.339

Name = NACA 6409
Mach = 0; Re = 830000; T.U. = 1.0; T.L. = 1.0
Surface Finish = 2; Stall model = 0; Transition model = 1; Aspect Ratio = 0; ground effect = 0
?	Cl	Cd	Cm 0.25	T.U.	T.L.	S.U.	S.L.	L/D	A.C.	C.P.
[°]	[-]	[-]	[-]	[-]	[-]	[-]	[-]	[-]	[-]	[-]
-20.0	-0.276	0.24661	-0.058	0.817	0.001	0.991	0.017	-1.118	0.285	0.040
-19.0	-0.296	0.22336	-0.057	0.801	0.002	0.991	0.016	-1.324	0.286	0.056
-18.0	-0.315	0.22618	-0.056	0.776	0.001	0.991	0.015	-1.395	0.271	0.071
-17.0	-0.334	0.20161	-0.056	0.757	0.001	0.991	0.015	-1.657	0.252	0.081
-16.0	-0.350	0.17631	-0.056	0.728	0.002	0.991	0.014	-1.985	0.260	0.089
-15.0	-0.361	0.14876	-0.056	0.708	0.002	0.991	0.014	-2.430	0.242	0.095
-14.0	-0.366	0.13237	-0.057	0.674	0.002	0.992	0.014	-2.767	-3.715	0.096
-13.0	-0.362	0.11369	-0.057	0.645	0.003	0.992	0.014	-3.181	0.236	0.093
-12.0	-0.345	0.09630	-0.056	0.613	0.004	0.992	0.013	-3.585	0.238	0.087
-11.0	-0.315	0.08401	-0.056	0.574	0.005	0.992	0.013	-3.752	0.263	0.071
-10.0	-0.270	0.07327	-0.057	0.532	0.006	0.992	0.013	-3.691	0.273	0.038
-9.0	-0.211	0.06481	-0.059	0.446	0.006	0.992	0.015	-3.256	0.277	-0.029
-8.0	-0.137	0.05684	-0.061	0.422	0.006	0.992	0.017	-2.415	0.312	-0.193
-7.0	-0.056	0.04947	-0.068	0.408	0.007	0.992	0.029	-1.129	0.403	-0.974
-6.0	0.033	0.04083	-0.087	0.398	0.008	0.992	0.092	0.799	0.594	2.908
-5.0	0.154	0.01139	-0.141	0.377	0.009	0.992	0.996	13.540	0.480	1.162
-4.0	0.272	0.01189	-0.142	0.363	0.011	0.992	0.998	22.869	0.260	0.771
-3.0	0.391	0.01187	-0.143	0.353	0.017	0.992	0.998	32.979	0.260	0.615
-2.0	0.511	0.01177	-0.144	0.345	0.025	0.992	0.998	43.414	0.260	0.532
-1.0	0.629	0.01195	-0.145	0.317	0.042	0.992	0.998	52.680	0.261	0.481
0.0	0.745	0.01221	-0.147	0.299	0.067	0.991	0.998	61.021	0.261	0.447
1.0	0.862	0.01270	-0.148	0.272	0.101	0.991	0.998	67.844	0.262	0.422
2.0	0.978	0.01328	-0.149	0.249	0.143	0.991	0.999	73.588	0.262	0.403
3.0	1.093	0.01251	-0.151	0.214	0.194	0.989	0.999	87.380	0.262	0.388
4.0	1.206	0.01340	-0.152	0.174	0.274	0.985	0.999	90.021	0.262	0.376
5.0	1.313	0.01850	-0.153	0.116	0.998	0.980	0.998	70.950	0.262	0.367
6.0	1.407	0.02235	-0.154	0.016	0.998	0.967	0.998	62.969	0.263	0.360
7.0	1.491	0.02467	-0.156	0.007	0.997	0.958	0.998	60.455	0.265	0.354
8.0	1.559	0.02712	-0.157	0.004	0.998	0.944	0.998	57.482	0.268	0.351
9.0	1.607	0.02987	-0.158	0.004	0.998	0.927	0.999	53.807	0.275	0.348
10.0	1.634	0.03300	-0.159	0.003	0.998	0.907	0.998	49.516	0.302	0.347
11.0	1.638	0.03668	-0.159	0.003	0.998	0.881	0.998	44.647	0.194	0.347
12.0	1.616	0.04115	-0.160	0.002	0.999	0.846	0.999	39.279	0.257	0.349
13.0	1.566	0.04699	-0.159	0.002	0.998	0.783	0.999	33.321	0.474	0.351
14.0	1.280	0.11252	-0.084	0.002	0.999	0.032	0.999	11.376	0.479	0.316
15.0	1.200	0.12793	-0.075	0.002	0.998	0.017	0.999	9.376	0.336	0.313
16.0	1.106	0.14690	-0.069	0.001	0.999	0.011	0.999	7.531	0.303	0.313
17.0	1.010	0.16677	-0.065	0.001	0.999	0.007	0.999	6.054	0.231	0.314
18.0	0.916	0.19712	-0.073	0.001	0.999	0.013	0.999	4.645	0.195	0.330
19.0	0.824	0.22221	-0.075	0.001	0.999	0.014	0.999	3.709	0.231	0.341
20.0	0.739	0.24933	-0.076	0.000	0.999	0.014	0.999	2.964	0.236	0.353

Name = NACA 6409
Mach = 0; Re = 1230000; T.U. = 1.0; T.L. = 1.0
Surface Finish = 2; Stall model = 0; Transition model = 1; Aspect Ratio = 0; ground effect = 0
?	Cl	Cd	Cm 0.25	T.U.	T.L.	S.U.	S.L.	L/D	A.C.	C.P.
[°]	[-]	[-]	[-]	[-]	[-]	[-]	[-]	[-]	[-]	[-]
-20.0	-0.276	0.22751	-0.060	0.769	0.001	0.991	0.021	-1.212	0.261	0.033
-19.0	-0.296	0.21010	-0.060	0.751	0.001	0.991	0.020	-1.408	0.273	0.048
-18.0	-0.316	0.19080	-0.059	0.721	0.001	0.991	0.019	-1.655	0.274	0.063
-17.0	-0.334	0.17375	-0.059	0.697	0.001	0.991	0.018	-1.924	0.257	0.074
-16.0	-0.350	0.15348	-0.059	0.668	0.002	0.992	0.018	-2.283	0.272	0.082
-15.0	-0.362	0.14155	-0.058	0.635	0.002	0.991	0.016	-2.556	0.282	0.089
-14.0	-0.366	0.12548	-0.058	0.609	0.002	0.992	0.016	-2.920	-5.397	0.091
-13.0	-0.362	0.10623	-0.060	0.569	0.003	0.992	0.019	-3.409	0.405	0.083
-12.0	-0.346	0.09292	-0.061	0.530	0.004	0.992	0.020	-3.722	0.200	0.072
-11.0	-0.315	0.08069	-0.058	0.471	0.005	0.992	0.015	-3.908	0.274	0.066
-10.0	-0.271	0.07062	-0.063	0.423	0.006	0.992	0.022	-3.838	0.329	0.017
-9.0	-0.212	0.06244	-0.066	0.409	0.006	0.992	0.027	-3.390	0.295	-0.063
-8.0	-0.138	0.05462	-0.069	0.399	0.006	0.992	0.032	-2.523	0.345	-0.252
-7.0	-0.056	0.04619	-0.081	0.377	0.007	0.992	0.068	-1.220	0.468	-1.185
-6.0	0.034	0.03077	-0.107	0.363	0.008	0.992	0.260	1.104	0.534	3.391
-5.0	0.154	0.01141	-0.141	0.353	0.009	0.992	0.997	13.521	0.398	1.162
-4.0	0.272	0.01121	-0.142	0.345	0.011	0.992	0.998	24.265	0.260	0.771
-3.0	0.391	0.01127	-0.143	0.319	0.015	0.992	0.998	34.719	0.260	0.615
-2.0	0.511	0.01131	-0.144	0.302	0.023	0.992	0.998	45.170	0.260	0.532
-1.0	0.629	0.01147	-0.145	0.280	0.036	0.992	0.998	54.900	0.261	0.481
0.0	0.745	0.01187	-0.147	0.256	0.057	0.992	0.998	62.795	0.261	0.447
1.0	0.862	0.01232	-0.148	0.229	0.086	0.992	0.999	69.944	0.262	0.422
2.0	0.978	0.01291	-0.149	0.203	0.120	0.992	0.999	75.739	0.262	0.403
3.0	1.093	0.01392	-0.151	0.166	0.159	0.990	0.999	78.500	0.262	0.388
4.0	1.207	0.01321	-0.152	0.121	0.207	0.987	0.999	91.337	0.262	0.376
5.0	1.313	0.02014	-0.153	0.035	0.280	0.980	0.999	65.179	0.262	0.367
6.0	1.409	0.02086	-0.155	0.014	0.998	0.973	0.998	67.553	0.264	0.360
7.0	1.493	0.02298	-0.156	0.006	0.997	0.963	0.998	64.969	0.266	0.354
8.0	1.561	0.02527	-0.157	0.004	0.998	0.952	0.998	61.787	0.269	0.351
9.0	1.611	0.02778	-0.158	0.003	0.998	0.937	0.999	57.985	0.276	0.348
10.0	1.638	0.03063	-0.159	0.003	0.998	0.918	0.998	53.482	0.304	0.347
11.0	1.642	0.03407	-0.160	0.002	0.998	0.895	0.999	48.209	0.166	0.347
12.0	1.622	0.03812	-0.160	0.002	0.999	0.864	0.999	42.561	0.241	0.349
13.0	1.579	0.04316	-0.160	0.002	0.998	0.823	0.999	36.581	0.258	0.352
14.0	1.511	0.04978	-0.159	0.002	0.999	0.759	0.999	30.353	0.316	0.356
15.0	1.322	0.08021	-0.144	0.001	0.998	0.427	0.999	16.481	0.439	0.359
16.0	1.111	0.14100	-0.084	0.001	0.999	0.028	0.999	7.879	0.444	0.325
17.0	1.014	0.16048	-0.084	0.001	0.999	0.026	0.999	6.321	0.277	0.333
18.0	0.917	0.18348	-0.079	0.000	0.999	0.018	0.999	4.997	0.274	0.336
19.0	0.825	0.20668	-0.079	0.000	0.999	0.018	0.999	3.992	0.243	0.346
20.0	0.740	0.23056	-0.080	0.000	0.999	0.018	0.999	3.208	0.245	0.358

Name = NACA 6409
Mach = 0; Re = 1630000; T.U. = 1.0; T.L. = 1.0
Surface Finish = 2; Stall model = 0; Transition model = 1; Aspect Ratio = 0; ground effect = 0
?	Cl	Cd	Cm 0.25	T.U.	T.L.	S.U.	S.L.	L/D	A.C.	C.P.
[°]	[-]	[-]	[-]	[-]	[-]	[-]	[-]	[-]	[-]	[-]
-20.0	-0.276	0.22421	-0.061	0.725	0.001	0.991	0.023	-1.231	0.259	0.028
-19.0	-0.296	0.20362	-0.061	0.706	0.001	0.991	0.022	-1.454	0.272	0.044
-18.0	-0.316	0.18562	-0.060	0.672	0.001	0.991	0.021	-1.702	0.272	0.059
-17.0	-0.335	0.17125	-0.060	0.645	0.001	0.991	0.020	-1.953	0.238	0.070
-16.0	-0.351	0.15214	-0.061	0.615	0.002	0.992	0.021	-2.305	0.246	0.077
-15.0	-0.362	0.13738	-0.060	0.579	0.002	0.991	0.019	-2.635	0.240	0.084
-14.0	-0.367	0.12330	-0.061	0.553	0.002	0.992	0.020	-2.975	-4.900	0.084
-13.0	-0.362	0.10458	-0.062	0.509	0.002	0.992	0.022	-3.465	0.381	0.079
-12.0	-0.346	0.09291	-0.064	0.435	0.003	0.992	0.024	-3.726	0.302	0.066
-11.0	-0.316	0.08015	-0.065	0.414	0.004	0.992	0.025	-3.945	0.289	0.046
-10.0	-0.271	0.06891	-0.066	0.403	0.006	0.992	0.028	-3.939	0.296	0.005
-9.0	-0.212	0.06068	-0.069	0.390	0.006	0.992	0.033	-3.493	0.318	-0.077
-8.0	-0.138	0.05263	-0.076	0.368	0.006	0.992	0.050	-2.630	0.375	-0.296
-7.0	-0.057	0.04293	-0.089	0.357	0.007	0.993	0.107	-1.326	0.609	-1.309
-6.0	0.040	0.01051	-0.139	0.349	0.007	0.992	0.994	3.788	0.496	3.754
-5.0	0.154	0.01106	-0.141	0.334	0.008	0.992	0.997	13.949	0.260	1.162
-4.0	0.272	0.01093	-0.142	0.309	0.010	0.992	0.998	24.899	0.260	0.771
-3.0	0.391	0.01092	-0.143	0.297	0.014	0.993	0.998	35.831	0.260	0.615
-2.0	0.511	0.01105	-0.144	0.268	0.021	0.993	0.998	46.251	0.260	0.532
-1.0	0.629	0.01120	-0.145	0.250	0.030	0.993	0.999	56.186	0.261	0.481
0.0	0.745	0.01163	-0.147	0.221	0.050	0.992	0.998	64.098	0.261	0.447
1.0	0.862	0.01207	-0.148	0.201	0.075	0.992	0.999	71.420	0.262	0.422
2.0	0.978	0.01278	-0.149	0.166	0.106	0.992	0.999	76.514	0.262	0.403
3.0	1.093	0.01371	-0.151	0.129	0.140	0.991	0.999	79.705	0.262	0.388
4.0	1.207	0.01312	-0.152	0.080	0.179	0.988	0.999	91.963	0.262	0.376
5.0	1.314	0.01454	-0.153	0.028	0.227	0.983	0.999	90.364	0.263	0.367
6.0	1.410	0.02111	-0.155	0.012	0.338	0.977	1.000	66.806	0.264	0.360
7.0	1.494	0.02261	-0.156	0.005	0.644	0.968	0.999	66.092	0.266	0.354
8.0	1.563	0.02404	-0.157	0.004	0.998	0.958	0.998	65.013	0.269	0.351
9.0	1.613	0.02641	-0.158	0.003	0.998	0.944	0.999	61.065	0.277	0.348
10.0	1.641	0.02913	-0.159	0.002	0.998	0.926	0.998	56.333	0.307	0.347
11.0	1.646	0.03228	-0.160	0.002	0.998	0.905	0.999	50.983	0.146	0.347
12.0	1.626	0.03610	-0.161	0.002	0.999	0.877	0.999	45.056	0.236	0.349
13.0	1.584	0.04059	-0.161	0.002	0.998	0.840	0.999	39.036	0.251	0.352
14.0	1.521	0.04633	-0.161	0.002	0.999	0.791	0.999	32.832	0.264	0.356
15.0	1.404	0.05561	-0.158	0.001	0.998	0.700	0.999	25.239	0.399	0.363
16.0	1.123	0.13213	-0.101	0.001	0.999	0.072	0.999	8.500	0.429	0.340
17.0	1.017	0.15598	-0.089	0.001	0.998	0.036	0.999	6.520	0.346	0.338
18.0	0.918	0.18250	-0.082	0.000	0.999	0.022	0.999	5.028	0.288	0.339
19.0	0.826	0.20252	-0.082	0.000	0.999	0.022	0.999	4.078	0.251	0.350
20.0	0.740	0.23041	-0.082	0.000	0.999	0.020	0.999	3.212	0.258	0.360

Name = NACA 6409
Mach = 0; Re = 2030000; T.U. = 1.0; T.L. = 1.0
Surface Finish = 2; Stall model = 0; Transition model = 1; Aspect Ratio = 0; ground effect = 0
?	Cl	Cd	Cm 0.25	T.U.	T.L.	S.U.	S.L.	L/D	A.C.	C.P.
[°]	[-]	[-]	[-]	[-]	[-]	[-]	[-]	[-]	[-]	[-]
-20.0	-0.276	0.21707	-0.062	0.685	0.001	0.991	0.024	-1.272	0.250	0.026
-19.0	-0.296	0.19625	-0.062	0.662	0.001	0.991	0.024	-1.509	0.262	0.041
-18.0	-0.316	0.18590	-0.061	0.627	0.001	0.991	0.023	-1.700	0.275	0.056
-17.0	-0.335	0.16510	-0.061	0.606	0.001	0.991	0.021	-2.027	0.238	0.068
-16.0	-0.351	0.14986	-0.062	0.567	0.001	0.992	0.022	-2.341	0.233	0.074
-15.0	-0.362	0.13501	-0.061	0.532	0.002	0.991	0.021	-2.683	0.288	0.081
-14.0	-0.367	0.11833	-0.061	0.502	0.001	0.992	0.021	-3.100	-4.571	0.083
-13.0	-0.363	0.10479	-0.063	0.429	0.002	0.992	0.023	-3.459	0.415	0.077
-12.0	-0.346	0.09026	-0.064	0.411	0.003	0.992	0.026	-3.837	0.318	0.064
-11.0	-0.316	0.07875	-0.066	0.401	0.004	0.992	0.028	-4.018	0.318	0.041
-10.0	-0.272	0.06737	-0.070	0.383	0.005	0.992	0.035	-4.036	0.320	-0.006
-9.0	-0.213	0.05903	-0.073	0.364	0.005	0.993	0.044	-3.601	0.329	-0.095
-8.0	-0.139	0.05075	-0.080	0.354	0.006	0.993	0.066	-2.739	0.386	-0.326
-7.0	-0.057	0.03991	-0.094	0.347	0.007	0.993	0.146	-1.440	0.583	-1.393
-6.0	0.040	0.01030	-0.140	0.326	0.007	0.992	0.995	3.864	0.469	3.754
-5.0	0.154	0.01078	-0.141	0.306	0.008	0.992	0.997	14.312	0.260	1.162
-4.0	0.272	0.01064	-0.142	0.295	0.010	0.992	0.998	25.556	0.260	0.771
-3.0	0.391	0.01075	-0.143	0.264	0.013	0.993	0.998	36.400	0.260	0.615
-2.0	0.511	0.01079	-0.144	0.249	0.020	0.993	0.998	47.380	0.260	0.532
-1.0	0.629	0.01108	-0.145	0.219	0.029	0.993	0.999	56.837	0.261	0.481
0.0	0.745	0.01139	-0.147	0.203	0.045	0.992	0.998	65.442	0.261	0.447
1.0	0.862	0.01196	-0.148	0.169	0.068	0.992	0.999	72.050	0.262	0.422
2.0	0.978	0.01262	-0.149	0.137	0.095	0.992	0.999	77.468	0.262	0.403
3.0	1.093	0.01356	-0.151	0.100	0.126	0.991	0.999	80.628	0.262	0.388
4.0	1.207	0.01300	-0.152	0.054	0.160	0.989	0.999	92.850	0.262	0.376
5.0	1.314	0.01425	-0.154	0.017	0.201	0.984	0.999	92.231	0.263	0.367
6.0	1.411	0.02050	-0.155	0.010	0.253	0.979	1.000	68.808	0.264	0.360
7.0	1.495	0.02201	-0.156	0.005	0.525	0.971	0.999	67.926	0.266	0.354
8.0	1.564	0.02393	-0.157	0.003	0.594	0.961	1.000	65.368	0.270	0.351
9.0	1.614	0.02538	-0.159	0.003	0.998	0.948	0.999	63.605	0.278	0.348
10.0	1.643	0.02798	-0.160	0.002	0.998	0.932	0.998	58.723	0.308	0.347
11.0	1.648	0.03093	-0.160	0.002	0.998	0.912	0.999	53.273	0.133	0.347
12.0	1.629	0.03462	-0.161	0.002	0.998	0.885	0.999	47.062	0.233	0.349
13.0	1.588	0.03888	-0.161	0.002	0.998	0.851	0.999	40.846	0.247	0.352
14.0	1.526	0.04419	-0.161	0.001	0.999	0.807	0.999	34.536	0.258	0.356
15.0	1.415	0.05186	-0.160	0.001	0.998	0.737	0.999	27.278	0.310	0.363
16.0	1.211	0.09018	-0.143	0.001	0.999	0.392	0.999	13.433	0.421	0.368
17.0	1.019	0.15420	-0.093	0.000	0.998	0.043	0.999	6.606	0.448	0.341
18.0	0.919	0.17744	-0.085	0.000	0.998	0.026	0.999	5.177	0.288	0.342
19.0	0.827	0.19773	-0.085	0.000	0.999	0.026	0.999	4.181	0.255	0.353
20.0	0.741	0.22199	-0.084	0.000	0.999	0.022	0.999	3.336	0.267	0.363

Name = NACA 6409
Mach = 0; Re = 2430000; T.U. = 1.0; T.L. = 1.0
Surface Finish = 2; Stall model = 0; Transition model = 1; Aspect Ratio = 0; ground effect = 0
?	Cl	Cd	Cm 0.25	T.U.	T.L.	S.U.	S.L.	L/D	A.C.	C.P.
[°]	[-]	[-]	[-]	[-]	[-]	[-]	[-]	[-]	[-]	[-]
-20.0	-0.276	0.21789	-0.062	0.658	0.001	0.991	0.025	-1.267	0.258	0.024
-19.0	-0.296	0.19250	-0.062	0.621	0.001	0.992	0.025	-1.539	0.265	0.040
-18.0	-0.316	0.18202	-0.062	0.593	0.001	0.991	0.023	-1.737	0.269	0.055
-17.0	-0.335	0.16426	-0.061	0.562	0.001	0.991	0.023	-2.038	0.238	0.066
-16.0	-0.351	0.14580	-0.062	0.525	0.001	0.992	0.023	-2.406	0.233	0.073
-15.0	-0.362	0.13315	-0.062	0.493	0.001	0.992	0.022	-2.721	0.274	0.079
-14.0	-0.367	0.11730	-0.062	0.428	0.001	0.992	0.022	-3.128	-4.463	0.082
-13.0	-0.363	0.10316	-0.064	0.411	0.002	0.992	0.024	-3.515	0.409	0.075
-12.0	-0.346	0.08930	-0.065	0.401	0.002	0.992	0.027	-3.880	0.316	0.062
-11.0	-0.316	0.07770	-0.067	0.381	0.003	0.992	0.029	-4.073	0.344	0.040
-10.0	-0.272	0.06627	-0.072	0.363	0.005	0.993	0.042	-4.110	0.331	-0.014
-9.0	-0.213	0.05805	-0.075	0.354	0.005	0.993	0.050	-3.667	0.331	-0.103
-8.0	-0.139	0.04945	-0.083	0.347	0.006	0.993	0.078	-2.819	0.400	-0.344
-7.0	-0.058	0.03757	-0.098	0.324	0.006	0.993	0.179	-1.542	0.567	-1.448
-6.0	0.040	0.01011	-0.140	0.305	0.007	0.993	0.995	3.940	0.450	3.754
-5.0	0.154	0.01051	-0.141	0.295	0.008	0.993	0.997	14.676	0.260	1.162
-4.0	0.272	0.01053	-0.142	0.265	0.009	0.993	0.998	25.835	0.260	0.771
-3.0	0.391	0.01051	-0.143	0.250	0.012	0.993	0.998	37.228	0.260	0.615
-2.0	0.511	0.01065	-0.144	0.222	0.019	0.993	0.998	47.982	0.260	0.532
-1.0	0.629	0.01088	-0.145	0.204	0.027	0.993	0.999	57.833	0.261	0.481
0.0	0.745	0.01130	-0.147	0.173	0.042	0.993	0.998	65.965	0.261	0.447
1.0	0.862	0.01179	-0.148	0.150	0.063	0.993	0.999	73.095	0.262	0.422
2.0	0.978	0.01241	-0.149	0.122	0.087	0.992	0.999	78.799	0.262	0.403
3.0	1.093	0.01339	-0.151	0.082	0.115	0.992	0.999	81.623	0.262	0.388
4.0	1.207	0.01462	-0.152	0.042	0.147	0.990	0.999	82.562	0.262	0.376
5.0	1.314	0.01387	-0.154	0.015	0.183	0.986	1.000	94.733	0.263	0.367
6.0	1.411	0.01998	-0.155	0.008	0.226	0.981	1.000	70.625	0.265	0.360
7.0	1.496	0.02169	-0.156	0.004	0.286	0.974	1.000	68.984	0.267	0.354
8.0	1.565	0.02334	-0.158	0.003	0.522	0.964	1.000	67.071	0.270	0.351
9.0	1.616	0.02535	-0.159	0.003	0.583	0.952	1.000	63.734	0.278	0.348
10.0	1.644	0.02705	-0.160	0.002	0.998	0.937	0.998	60.790	0.308	0.347
11.0	1.650	0.02996	-0.161	0.002	0.998	0.917	0.999	55.072	0.117	0.347
12.0	1.632	0.03342	-0.161	0.002	0.998	0.892	0.999	48.826	0.230	0.349
13.0	1.591	0.03746	-0.162	0.002	0.998	0.860	0.999	42.473	0.245	0.352
14.0	1.530	0.04242	-0.162	0.001	0.999	0.819	0.999	36.069	0.254	0.356
15.0	1.421	0.04931	-0.161	0.001	0.998	0.760	0.999	28.824	0.301	0.363
16.0	1.227	0.08232	-0.146	0.001	0.999	0.449	0.999	14.908	0.413	0.369
17.0	1.021	0.15145	-0.096	0.000	0.998	0.052	0.999	6.740	0.445	0.344
18.0	0.919	0.17654	-0.087	0.000	0.998	0.029	0.999	5.208	0.295	0.344
19.0	0.827	0.19466	-0.087	0.000	0.999	0.029	0.999	4.250	0.255	0.355
20.0	0.741	0.21722	-0.086	0.000	0.999	0.025	0.999	3.411	0.268	0.366

Name = NACA 6409
Mach = 0; Re = 2830000; T.U. = 1.0; T.L. = 1.0
Surface Finish = 2; Stall model = 0; Transition model = 1; Aspect Ratio = 0; ground effect = 0
?	Cl	Cd	Cm 0.25	T.U.	T.L.	S.U.	S.L.	L/D	A.C.	C.P.
[°]	[-]	[-]	[-]	[-]	[-]	[-]	[-]	[-]	[-]	[-]
-20.0	-0.276	0.21450	-0.063	0.618	0.001	0.991	0.026	-1.288	0.250	0.023
-19.0	-0.296	0.19357	-0.063	0.589	0.001	0.992	0.026	-1.531	0.261	0.038
-18.0	-0.316	0.18001	-0.062	0.561	0.001	0.991	0.024	-1.756	0.268	0.053
-17.0	-0.335	0.16402	-0.062	0.525	0.001	0.991	0.023	-2.041	0.256	0.065
-16.0	-0.351	0.14495	-0.062	0.499	0.001	0.992	0.023	-2.420	0.239	0.073
-15.0	-0.362	0.12837	-0.062	0.430	0.001	0.992	0.023	-2.823	0.222	0.078
-14.0	-0.367	0.11719	-0.063	0.411	0.001	0.992	0.023	-3.132	-4.407	0.080
-13.0	-0.363	0.10089	-0.064	0.402	0.002	0.992	0.025	-3.595	0.390	0.074
-12.0	-0.347	0.08765	-0.065	0.384	0.002	0.992	0.027	-3.953	0.322	0.061
-11.0	-0.317	0.07828	-0.067	0.363	0.003	0.993	0.030	-4.044	0.359	0.038
-10.0	-0.273	0.06514	-0.073	0.354	0.005	0.993	0.046	-4.186	0.351	-0.019
-9.0	-0.213	0.05688	-0.078	0.347	0.005	0.993	0.059	-3.750	0.341	-0.114
-8.0	-0.140	0.04811	-0.086	0.326	0.006	0.993	0.092	-2.908	0.407	-0.361
-7.0	-0.058	0.03516	-0.102	0.306	0.006	0.993	0.214	-1.661	0.551	-1.495
-6.0	0.040	0.00985	-0.140	0.296	0.007	0.993	0.996	4.042	0.432	3.754
-5.0	0.154	0.01043	-0.141	0.267	0.008	0.993	0.998	14.788	0.260	1.162
-4.0	0.272	0.01034	-0.142	0.252	0.009	0.993	0.998	26.308	0.260	0.771
-3.0	0.391	0.01041	-0.143	0.228	0.012	0.993	0.998	37.591	0.260	0.615
-2.0	0.511	0.01058	-0.144	0.207	0.018	0.993	0.998	48.317	0.260	0.532
-1.0	0.629	0.01080	-0.145	0.181	0.026	0.993	0.998	58.286	0.261	0.481
0.0	0.745	0.01114	-0.147	0.162	0.039	0.993	0.999	66.907	0.261	0.447
1.0	0.862	0.01169	-0.148	0.130	0.059	0.993	0.999	73.753	0.262	0.422
2.0	0.978	0.01238	-0.149	0.100	0.082	0.993	0.999	78.997	0.262	0.403
3.0	1.093	0.01327	-0.151	0.067	0.109	0.992	0.999	82.407	0.262	0.388
4.0	1.207	0.01439	-0.152	0.032	0.140	0.991	0.999	83.889	0.263	0.376
5.0	1.315	0.01357	-0.154	0.014	0.174	0.987	1.000	96.883	0.263	0.367
6.0	1.412	0.01465	-0.155	0.007	0.210	0.982	1.000	96.374	0.265	0.360
7.0	1.497	0.02120	-0.156	0.004	0.257	0.976	1.000	70.610	0.267	0.354
8.0	1.566	0.02279	-0.158	0.003	0.490	0.967	1.000	68.707	0.271	0.351
9.0	1.617	0.02479	-0.159	0.002	0.524	0.956	1.000	65.216	0.279	0.348
10.0	1.646	0.02710	-0.160	0.002	0.584	0.941	1.000	60.728	0.308	0.347
11.0	1.651	0.02909	-0.161	0.002	0.998	0.922	0.999	56.763	0.109	0.347
12.0	1.634	0.03240	-0.162	0.002	0.998	0.898	0.999	50.412	0.228	0.349
13.0	1.593	0.03642	-0.162	0.001	0.998	0.867	0.999	43.750	0.244	0.352
14.0	1.533	0.04116	-0.162	0.001	0.999	0.828	0.999	37.242	0.256	0.356
15.0	1.421	0.04867	-0.161	0.001	0.998	0.760	0.999	29.202	0.296	0.363
16.0	1.236	0.07798	-0.148	0.000	0.999	0.481	0.999	15.850	0.409	0.370
17.0	1.022	0.14937	-0.098	0.000	0.998	0.056	0.999	6.842	0.442	0.346
18.0	0.920	0.17385	-0.088	0.000	0.998	0.032	0.999	5.291	0.297	0.346
19.0	0.828	0.19243	-0.089	0.000	0.999	0.031	0.999	4.302	0.254	0.357
20.0	0.741	0.21571	-0.087	0.000	0.999	0.028	0.999	3.437	0.266	0.368

Name = NACA 6409
Mach = 0; Re = 3230000; T.U. = 1.0; T.L. = 1.0
Surface Finish = 2; Stall model = 0; Transition model = 1; Aspect Ratio = 0; ground effect = 0
?	Cl	Cd	Cm 0.25	T.U.	T.L.	S.U.	S.L.	L/D	A.C.	C.P.
[°]	[-]	[-]	[-]	[-]	[-]	[-]	[-]	[-]	[-]	[-]
-20.0	-0.276	0.21155	-0.063	0.590	0.001	0.991	0.026	-1.306	0.250	0.022
-19.0	-0.296	0.19019	-0.063	0.562	0.001	0.992	0.026	-1.558	0.264	0.037
-18.0	-0.316	0.17486	-0.062	0.527	0.001	0.991	0.025	-1.808	0.268	0.053
-17.0	-0.335	0.16033	-0.062	0.504	0.001	0.991	0.024	-2.088	0.251	0.064
-16.0	-0.351	0.14188	-0.062	0.437	0.001	0.992	0.024	-2.473	0.227	0.072
-15.0	-0.362	0.12987	-0.063	0.413	0.001	0.992	0.024	-2.791	0.257	0.076
-14.0	-0.367	0.11486	-0.062	0.403	0.001	0.992	0.023	-3.195	-4.132	0.080
-13.0	-0.363	0.09999	-0.064	0.393	0.002	0.992	0.026	-3.628	0.424	0.073
-12.0	-0.347	0.08839	-0.066	0.365	0.002	0.993	0.028	-3.921	0.321	0.060
-11.0	-0.317	0.07736	-0.067	0.355	0.002	0.993	0.031	-4.093	0.364	0.037
-10.0	-0.273	0.06452	-0.074	0.348	0.005	0.993	0.048	-4.228	0.365	-0.022
-9.0	-0.214	0.05590	-0.079	0.333	0.005	0.993	0.065	-3.822	0.348	-0.121
-8.0	-0.140	0.04709	-0.087	0.308	0.006	0.993	0.102	-2.978	0.419	-0.372
-7.0	-0.059	0.03255	-0.105	0.298	0.006	0.993	0.254	-1.811	0.541	-1.539
-6.0	0.040	0.00976	-0.140	0.273	0.007	0.993	0.996	4.080	0.415	3.754
-5.0	0.154	0.01032	-0.141	0.255	0.007	0.993	0.998	14.942	0.260	1.162
-4.0	0.272	0.01022	-0.142	0.241	0.008	0.993	0.998	26.610	0.260	0.771
-3.0	0.391	0.01033	-0.143	0.211	0.011	0.993	0.998	37.897	0.260	0.615
-2.0	0.511	0.01038	-0.144	0.198	0.017	0.993	0.998	49.228	0.260	0.532
-1.0	0.629	0.01071	-0.145	0.167	0.024	0.993	0.998	58.795	0.261	0.481
0.0	0.746	0.01109	-0.147	0.143	0.038	0.993	0.999	67.224	0.261	0.447
1.0	0.862	0.01153	-0.148	0.122	0.056	0.993	0.999	74.752	0.262	0.422
2.0	0.978	0.01223	-0.149	0.090	0.077	0.993	0.999	79.962	0.262	0.403
3.0	1.093	0.01310	-0.151	0.057	0.104	0.992	0.999	83.443	0.262	0.388
4.0	1.207	0.01415	-0.152	0.028	0.130	0.991	0.999	85.357	0.263	0.376
5.0	1.315	0.01332	-0.154	0.013	0.159	0.989	1.000	98.732	0.263	0.367
6.0	1.412	0.01437	-0.155	0.006	0.192	0.984	1.000	98.247	0.265	0.360
7.0	1.497	0.02078	-0.156	0.004	0.233	0.978	1.000	72.062	0.267	0.354
8.0	1.567	0.02254	-0.158	0.003	0.289	0.969	1.000	69.520	0.271	0.351
9.0	1.618	0.02429	-0.159	0.002	0.497	0.959	1.000	66.596	0.279	0.348
10.0	1.647	0.02654	-0.160	0.002	0.530	0.944	1.000	62.054	0.310	0.347
11.0	1.653	0.02899	-0.161	0.002	0.592	0.926	1.000	57.004	0.093	0.347
12.0	1.635	0.03167	-0.162	0.002	0.998	0.903	0.999	51.635	0.227	0.349
13.0	1.595	0.03541	-0.162	0.001	0.998	0.874	0.999	45.054	0.242	0.352
14.0	1.535	0.03996	-0.163	0.001	0.999	0.836	0.999	38.426	0.257	0.356
15.0	1.422	0.04816	-0.161	0.001	0.998	0.761	0.999	29.521	0.292	0.363
16.0	1.244	0.07418	-0.150	0.000	0.999	0.509	0.999	16.769	0.404	0.371
17.0	1.023	0.14708	-0.100	0.000	0.998	0.062	0.999	6.959	0.439	0.347
18.0	0.920	0.17254	-0.089	0.000	0.998	0.034	0.999	5.334	0.303	0.347
19.0	0.828	0.18893	-0.089	0.000	0.998	0.033	0.999	4.383	0.252	0.358
20.0	0.742	0.21367	-0.089	0.000	0.999	0.030	0.999	3.472	0.258	0.369

Name = NACA 6409
Mach = 0; Re = 3630000; T.U. = 1.0; T.L. = 1.0
Surface Finish = 2; Stall model = 0; Transition model = 1; Aspect Ratio = 0; ground effect = 0
?	Cl	Cd	Cm 0.25	T.U.	T.L.	S.U.	S.L.	L/D	A.C.	C.P.
[°]	[-]	[-]	[-]	[-]	[-]	[-]	[-]	[-]	[-]	[-]
-20.0	-0.276	0.20498	-0.063	0.565	0.001	0.991	0.027	-1.348	0.242	0.021
-19.0	-0.296	0.18894	-0.063	0.535	0.001	0.992	0.027	-1.569	0.260	0.037
-18.0	-0.316	0.17330	-0.063	0.507	0.001	0.991	0.025	-1.825	0.267	0.052
-17.0	-0.335	0.15844	-0.063	0.453	0.001	0.992	0.025	-2.114	0.251	0.063
-16.0	-0.351	0.14001	-0.063	0.418	0.001	0.992	0.024	-2.506	0.238	0.071
-15.0	-0.362	0.12544	-0.063	0.405	0.001	0.992	0.024	-2.889	0.236	0.076
-14.0	-0.367	0.11691	-0.063	0.398	0.001	0.992	0.024	-3.140	-4.314	0.079
-13.0	-0.363	0.09882	-0.064	0.370	0.002	0.992	0.026	-3.671	0.398	0.072
-12.0	-0.347	0.08690	-0.066	0.356	0.002	0.993	0.029	-3.989	0.320	0.060
-11.0	-0.317	0.07697	-0.068	0.349	0.002	0.993	0.032	-4.114	0.359	0.036
-10.0	-0.273	0.06473	-0.074	0.344	0.004	0.993	0.048	-4.214	0.384	-0.021
-9.0	-0.214	0.05470	-0.081	0.312	0.005	0.993	0.075	-3.915	0.373	-0.130
-8.0	-0.141	0.04538	-0.090	0.300	0.005	0.993	0.121	-3.104	0.422	-0.391
-7.0	-0.059	0.03055	-0.108	0.285	0.006	0.993	0.287	-1.945	0.523	-1.569
-6.0	0.040	0.00972	-0.140	0.258	0.007	0.993	0.996	4.096	0.403	3.754
-5.0	0.154	0.01016	-0.141	0.248	0.007	0.993	0.998	15.179	0.260	1.162
-4.0	0.272	0.01014	-0.142	0.217	0.008	0.993	0.998	26.834	0.260	0.771
-3.0	0.391	0.01018	-0.143	0.204	0.011	0.993	0.998	38.427	0.260	0.615
-2.0	0.511	0.01040	-0.144	0.175	0.017	0.993	0.998	49.130	0.260	0.532
-1.0	0.629	0.01056	-0.145	0.160	0.023	0.993	0.998	59.603	0.261	0.481
0.0	0.746	0.01096	-0.147	0.130	0.036	0.993	0.999	68.026	0.261	0.447
1.0	0.862	0.01149	-0.148	0.105	0.053	0.993	0.999	75.039	0.262	0.422
2.0	0.978	0.01208	-0.149	0.078	0.075	0.993	0.999	80.954	0.262	0.403
3.0	1.093	0.01298	-0.151	0.049	0.097	0.992	0.999	84.261	0.262	0.388
4.0	1.207	0.01397	-0.152	0.024	0.121	0.991	0.999	86.425	0.263	0.376
5.0	1.315	0.01505	-0.154	0.012	0.149	0.990	1.000	87.427	0.264	0.367
6.0	1.413	0.01414	-0.155	0.006	0.183	0.985	1.000	99.898	0.265	0.360
7.0	1.498	0.02039	-0.156	0.003	0.220	0.979	1.000	73.463	0.267	0.354
8.0	1.567	0.02213	-0.158	0.002	0.265	0.971	1.000	70.813	0.271	0.351
9.0	1.618	0.02384	-0.159	0.002	0.347	0.961	1.000	67.885	0.280	0.348
10.0	1.648	0.02604	-0.160	0.002	0.503	0.947	1.000	63.270	0.311	0.347
11.0	1.654	0.02846	-0.161	0.002	0.542	0.930	1.000	58.110	0.072	0.347
12.0	1.637	0.03142	-0.162	0.002	0.607	0.908	1.000	52.093	0.225	0.349
13.0	1.597	0.03458	-0.163	0.001	0.998	0.879	0.999	46.191	0.241	0.352
14.0	1.538	0.03898	-0.163	0.001	0.999	0.843	0.999	39.448	0.257	0.356
15.0	1.423	0.04720	-0.161	0.001	0.998	0.766	0.999	30.155	0.287	0.363
16.0	1.254	0.06987	-0.152	0.000	0.999	0.545	0.999	17.941	0.397	0.371
17.0	1.026	0.14463	-0.103	0.000	0.998	0.073	0.999	7.096	0.437	0.350
18.0	0.921	0.16968	-0.090	0.000	0.998	0.035	0.999	5.426	0.312	0.348
19.0	0.829	0.18906	-0.091	0.000	0.998	0.035	0.999	4.383	0.254	0.359
20.0	0.742	0.20986	-0.089	0.000	0.999	0.031	0.999	3.536	0.266	0.370

Name = NACA 6409
Mach = 0; Re = 4030000; T.U. = 1.0; T.L. = 1.0
Surface Finish = 2; Stall model = 0; Transition model = 1; Aspect Ratio = 0; ground effect = 0
?	Cl	Cd	Cm 0.25	T.U.	T.L.	S.U.	S.L.	L/D	A.C.	C.P.
[°]	[-]	[-]	[-]	[-]	[-]	[-]	[-]	[-]	[-]	[-]
-20.0	-0.276	0.20593	-0.063	0.549	0.001	0.991	0.027	-1.342	0.249	0.021
-19.0	-0.296	0.18435	-0.063	0.512	0.001	0.992	0.027	-1.608	0.260	0.036
-18.0	-0.316	0.17313	-0.063	0.472	0.001	0.991	0.026	-1.827	0.255	0.051
-17.0	-0.335	0.15540	-0.063	0.425	0.001	0.992	0.026	-2.156	0.250	0.061
-16.0	-0.351	0.13908	-0.063	0.409	0.001	0.992	0.025	-2.524	0.249	0.071
-15.0	-0.362	0.12448	-0.063	0.400	0.001	0.992	0.025	-2.912	0.236	0.076
-14.0	-0.367	0.11598	-0.063	0.378	0.001	0.992	0.024	-3.166	-4.276	0.078
-13.0	-0.363	0.09934	-0.065	0.359	0.001	0.993	0.027	-3.652	0.396	0.072
-12.0	-0.347	0.08633	-0.066	0.351	0.002	0.993	0.029	-4.016	0.325	0.059
-11.0	-0.317	0.07675	-0.068	0.346	0.002	0.993	0.033	-4.127	0.363	0.035
-10.0	-0.273	0.06476	-0.075	0.319	0.004	0.993	0.050	-4.214	0.395	-0.023
-9.0	-0.215	0.05385	-0.083	0.303	0.005	0.993	0.082	-3.984	0.380	-0.137
-8.0	-0.141	0.04444	-0.092	0.295	0.005	0.993	0.131	-3.178	0.630	-0.400
-7.0	-0.069	0.00966	-0.138	0.264	0.006	0.993	0.984	-7.152	0.514	-1.751
-6.0	0.040	0.00960	-0.140	0.251	0.007	0.993	0.996	4.148	0.261	3.754
-5.0	0.154	0.01012	-0.141	0.229	0.007	0.993	0.998	15.238	0.260	1.162
-4.0	0.272	0.01003	-0.142	0.208	0.008	0.993	0.998	27.112	0.260	0.771
-3.0	0.391	0.01006	-0.143	0.191	0.010	0.994	0.998	38.898	0.260	0.615
-2.0	0.511	0.01024	-0.144	0.166	0.017	0.994	0.998	49.905	0.260	0.532
-1.0	0.629	0.01052	-0.145	0.144	0.022	0.994	0.998	59.830	0.261	0.481
0.0	0.746	0.01084	-0.147	0.124	0.034	0.993	0.999	68.749	0.261	0.447
1.0	0.862	0.01138	-0.148	0.095	0.052	0.993	0.999	75.727	0.262	0.422
2.0	0.978	0.01202	-0.149	0.069	0.070	0.993	0.999	81.386	0.262	0.403
3.0	1.093	0.01283	-0.151	0.042	0.091	0.993	0.999	85.206	0.262	0.388
4.0	1.208	0.01377	-0.152	0.021	0.115	0.992	0.999	87.697	0.263	0.376
5.0	1.315	0.01484	-0.154	0.011	0.143	0.990	1.000	88.646	0.264	0.367
6.0	1.413	0.01392	-0.155	0.005	0.176	0.986	1.000	101.499	0.265	0.360
7.0	1.498	0.01504	-0.156	0.003	0.212	0.981	1.000	99.621	0.267	0.354
8.0	1.568	0.02178	-0.158	0.002	0.249	0.973	1.000	71.989	0.271	0.351
9.0	1.619	0.02347	-0.159	0.002	0.304	0.962	1.000	68.974	0.280	0.348
10.0	1.648	0.02546	-0.160	0.002	0.479	0.949	1.000	64.750	0.311	0.347
11.0	1.655	0.02795	-0.161	0.002	0.511	0.933	1.000	59.219	0.062	0.347
12.0	1.638	0.03087	-0.162	0.002	0.557	0.911	1.000	53.066	0.222	0.349
13.0	1.599	0.03424	-0.163	0.001	0.625	0.885	1.000	46.697	0.241	0.352
14.0	1.539	0.03820	-0.163	0.001	0.999	0.848	0.999	40.290	0.257	0.356
15.0	1.425	0.04649	-0.162	0.001	0.998	0.771	0.999	30.647	0.284	0.363
16.0	1.260	0.06694	-0.154	0.000	0.999	0.568	0.999	18.822	0.393	0.372
17.0	1.028	0.14259	-0.105	0.000	0.998	0.080	0.999	7.210	0.436	0.352
18.0	0.921	0.16819	-0.090	0.000	0.998	0.036	0.999	5.476	0.320	0.348
19.0	0.829	0.18772	-0.091	0.000	0.998	0.036	0.999	4.415	0.251	0.360
20.0	0.742	0.20969	-0.090	0.000	0.999	0.033	0.999	3.540	0.260	0.371

Name = NACA 6409
Mach = 0; Re = 4430000; T.U. = 1.0; T.L. = 1.0
Surface Finish = 2; Stall model = 0; Transition model = 1; Aspect Ratio = 0; ground effect = 0
?	Cl	Cd	Cm 0.25	T.U.	T.L.	S.U.	S.L.	L/D	A.C.	C.P.
[°]	[-]	[-]	[-]	[-]	[-]	[-]	[-]	[-]	[-]	[-]
-20.0	-0.276	0.20250	-0.064	0.519	0.001	0.991	0.028	-1.364	0.242	0.020
-19.0	-0.296	0.18572	-0.064	0.502	0.001	0.992	0.028	-1.596	0.260	0.035
-18.0	-0.316	0.16987	-0.063	0.440	0.001	0.992	0.026	-1.862	0.255	0.050
-17.0	-0.335	0.15590	-0.064	0.413	0.001	0.992	0.026	-2.149	0.250	0.060
-16.0	-0.351	0.14019	-0.063	0.403	0.001	0.992	0.025	-2.504	0.248	0.070
-15.0	-0.363	0.12406	-0.064	0.397	0.001	0.992	0.026	-2.922	0.245	0.075
-14.0	-0.367	0.11375	-0.063	0.364	0.001	0.992	0.024	-3.228	-4.229	0.078
-13.0	-0.363	0.09907	-0.065	0.354	0.001	0.993	0.027	-3.663	0.403	0.071
-12.0	-0.347	0.08663	-0.066	0.348	0.002	0.993	0.029	-4.002	0.324	0.059
-11.0	-0.317	0.07637	-0.068	0.333	0.002	0.993	0.033	-4.148	0.371	0.034
-10.0	-0.273	0.06415	-0.075	0.307	0.003	0.993	0.052	-4.257	0.405	-0.026
-9.0	-0.215	0.05312	-0.084	0.298	0.005	0.993	0.089	-4.046	0.386	-0.142
-8.0	-0.142	0.04354	-0.093	0.275	0.005	0.993	0.141	-3.251	0.622	-0.408
-7.0	-0.069	0.00976	-0.138	0.255	0.006	0.993	0.990	-7.089	0.506	-1.751
-6.0	0.040	0.00944	-0.140	0.247	0.006	0.993	0.997	4.221	0.260	3.754
-5.0	0.154	0.01001	-0.141	0.215	0.007	0.993	0.998	15.408	0.260	1.162
-4.0	0.272	0.00992	-0.142	0.204	0.008	0.993	0.998	27.420	0.260	0.771
-3.0	0.391	0.01006	-0.143	0.174	0.010	0.994	0.998	38.887	0.260	0.615
-2.0	0.511	0.01017	-0.144	0.161	0.016	0.994	0.998	50.242	0.260	0.532
-1.0	0.629	0.01044	-0.145	0.133	0.021	0.994	0.998	60.268	0.261	0.481
0.0	0.746	0.01077	-0.147	0.115	0.033	0.993	0.999	69.251	0.261	0.447
1.0	0.862	0.01124	-0.148	0.091	0.049	0.994	0.999	76.731	0.262	0.422
2.0	0.978	0.01189	-0.149	0.064	0.066	0.993	0.999	82.238	0.262	0.403
3.0	1.093	0.01270	-0.151	0.038	0.087	0.993	0.999	86.118	0.262	0.388
4.0	1.208	0.01361	-0.152	0.018	0.112	0.992	0.999	88.740	0.263	0.376
5.0	1.316	0.01461	-0.154	0.010	0.140	0.991	1.000	90.048	0.264	0.367
6.0	1.413	0.01372	-0.155	0.005	0.169	0.987	1.000	102.978	0.265	0.360
7.0	1.498	0.01483	-0.157	0.003	0.197	0.982	1.000	101.075	0.267	0.354
8.0	1.568	0.02146	-0.158	0.002	0.232	0.974	1.000	73.090	0.271	0.351
9.0	1.620	0.02314	-0.159	0.002	0.277	0.964	1.000	69.993	0.280	0.348
10.0	1.649	0.02507	-0.160	0.002	0.466	0.952	1.000	65.792	0.312	0.347
11.0	1.656	0.02751	-0.161	0.002	0.491	0.935	1.000	60.181	0.057	0.347
12.0	1.639	0.03044	-0.162	0.001	0.521	0.914	1.000	53.850	0.221	0.349
13.0	1.600	0.03376	-0.163	0.001	0.571	0.888	1.000	47.397	0.241	0.352
14.0	1.539	0.03835	-0.163	0.001	0.653	0.849	1.000	40.138	0.258	0.356
15.0	1.425	0.04608	-0.162	0.000	0.998	0.771	0.999	30.916	0.282	0.363
16.0	1.265	0.06487	-0.154	0.000	0.999	0.585	0.999	19.494	0.384	0.372
17.0	1.032	0.13883	-0.109	0.000	0.998	0.098	0.999	7.437	0.433	0.356
18.0	0.921	0.16708	-0.092	0.000	0.998	0.039	0.999	5.515	0.336	0.349
19.0	0.829	0.18588	-0.092	0.000	0.998	0.037	0.999	4.460	0.256	0.361
20.0	0.742	0.20675	-0.090	0.000	0.999	0.033	0.999	3.591	0.265	0.372

Name = NACA 6409
Mach = 0; Re = 4830000; T.U. = 1.0; T.L. = 1.0
Surface Finish = 2; Stall model = 0; Transition model = 1; Aspect Ratio = 0; ground effect = 0
?	Cl	Cd	Cm 0.25	T.U.	T.L.	S.U.	S.L.	L/D	A.C.	C.P.
[°]	[-]	[-]	[-]	[-]	[-]	[-]	[-]	[-]	[-]	[-]
-20.0	-0.276	0.20483	-0.064	0.507	0.000	0.991	0.028	-1.349	0.242	0.020
-19.0	-0.296	0.18321	-0.064	0.461	0.001	0.992	0.028	-1.618	0.256	0.035
-18.0	-0.316	0.17149	-0.063	0.421	0.001	0.992	0.027	-1.845	0.255	0.049
-17.0	-0.335	0.15363	-0.064	0.407	0.001	0.992	0.027	-2.181	0.254	0.060
-16.0	-0.351	0.13684	-0.063	0.400	0.001	0.992	0.026	-2.565	0.248	0.070
-15.0	-0.363	0.12324	-0.064	0.373	0.001	0.992	0.026	-2.942	0.235	0.074
-14.0	-0.367	0.11384	-0.064	0.357	0.001	0.993	0.025	-3.226	-4.214	0.077
-13.0	-0.363	0.09841	-0.065	0.350	0.001	0.993	0.028	-3.688	0.394	0.070
-12.0	-0.347	0.08524	-0.067	0.345	0.002	0.993	0.030	-4.068	0.331	0.058
-11.0	-0.317	0.07588	-0.069	0.314	0.002	0.993	0.035	-4.177	0.374	0.032
-10.0	-0.273	0.06384	-0.076	0.302	0.003	0.993	0.053	-4.278	0.411	-0.027
-9.0	-0.215	0.05245	-0.085	0.295	0.005	0.993	0.094	-4.103	0.395	-0.146
-8.0	-0.142	0.04255	-0.095	0.261	0.005	0.993	0.153	-3.336	0.614	-0.416
-7.0	-0.069	0.00964	-0.138	0.250	0.006	0.993	0.991	-7.174	0.498	-1.751
-6.0	0.040	0.00944	-0.140	0.227	0.006	0.993	0.997	4.221	0.260	3.755
-5.0	0.154	0.00993	-0.141	0.208	0.007	0.993	0.998	15.540	0.260	1.162
-4.0	0.272	0.00985	-0.142	0.194	0.008	0.993	0.998	27.627	0.260	0.771
-3.0	0.391	0.00994	-0.143	0.167	0.010	0.994	0.998	39.394	0.260	0.615
-2.0	0.511	0.01005	-0.144	0.152	0.015	0.994	0.998	50.839	0.260	0.532
-1.0	0.629	0.01034	-0.145	0.127	0.021	0.994	0.998	60.891	0.261	0.481
0.0	0.746	0.01072	-0.147	0.103	0.032	0.993	0.999	69.554	0.261	0.447
1.0	0.862	0.01114	-0.148	0.084	0.047	0.994	0.999	77.398	0.262	0.422
2.0	0.978	0.01176	-0.149	0.060	0.063	0.994	0.999	83.146	0.262	0.403
3.0	1.094	0.01255	-0.151	0.035	0.084	0.993	0.999	87.100	0.262	0.388
4.0	1.208	0.01346	-0.152	0.017	0.109	0.992	1.000	89.697	0.263	0.376
5.0	1.316	0.01443	-0.154	0.010	0.137	0.991	1.000	91.177	0.264	0.367
6.0	1.413	0.01355	-0.155	0.005	0.158	0.988	1.000	104.328	0.265	0.360
7.0	1.499	0.01464	-0.157	0.003	0.188	0.983	1.000	102.385	0.267	0.354
8.0	1.569	0.02116	-0.158	0.002	0.223	0.976	1.000	74.132	0.271	0.351
9.0	1.620	0.02281	-0.159	0.002	0.264	0.966	1.000	71.016	0.280	0.348
10.0	1.650	0.02485	-0.160	0.002	0.322	0.954	1.000	66.387	0.312	0.347
11.0	1.657	0.02713	-0.161	0.002	0.473	0.938	1.000	61.069	0.051	0.347
12.0	1.640	0.02994	-0.162	0.001	0.503	0.917	1.000	54.775	0.220	0.349
13.0	1.601	0.03322	-0.163	0.001	0.541	0.892	1.000	48.210	0.241	0.352
14.0	1.541	0.03793	-0.163	0.001	0.596	0.852	1.000	40.611	0.259	0.356
15.0	1.424	0.04627	-0.161	0.000	0.691	0.768	1.000	30.772	0.280	0.363
16.0	1.268	0.06330	-0.155	0.000	0.999	0.596	0.999	20.029	0.379	0.372
17.0	1.035	0.13666	-0.111	0.000	0.998	0.108	0.999	7.574	0.431	0.358
18.0	0.922	0.16628	-0.092	0.000	0.998	0.041	0.999	5.545	0.339	0.350
19.0	0.830	0.18358	-0.093	0.000	0.998	0.040	0.999	4.520	0.257	0.362
20.0	0.743	0.20634	-0.091	0.000	0.998	0.034	0.999	3.600	0.272	0.373

Name = NACA 6409
Mach = 0; Re = 5230000; T.U. = 1.0; T.L. = 1.0
Surface Finish = 2; Stall model = 0; Transition model = 1; Aspect Ratio = 0; ground effect = 0
?	Cl	Cd	Cm 0.25	T.U.	T.L.	S.U.	S.L.	L/D	A.C.	C.P.
[°]	[-]	[-]	[-]	[-]	[-]	[-]	[-]	[-]	[-]	[-]
-20.0	-0.276	0.20324	-0.064	0.489	0.000	0.991	0.028	-1.360	0.249	0.019
-19.0	-0.296	0.18109	-0.064	0.439	0.001	0.992	0.028	-1.637	0.256	0.035
-18.0	-0.316	0.16964	-0.064	0.412	0.001	0.992	0.027	-1.865	0.251	0.049
-17.0	-0.335	0.15196	-0.064	0.403	0.001	0.992	0.027	-2.205	0.250	0.060
-16.0	-0.351	0.13908	-0.064	0.395	0.001	0.992	0.026	-2.524	0.248	0.069
-15.0	-0.363	0.12301	-0.064	0.363	0.001	0.992	0.026	-2.948	0.253	0.074
-14.0	-0.367	0.11089	-0.064	0.353	0.001	0.993	0.025	-3.312	-4.195	0.077
-13.0	-0.363	0.09740	-0.065	0.347	0.001	0.993	0.028	-3.726	0.394	0.070
-12.0	-0.347	0.08515	-0.067	0.329	0.001	0.993	0.030	-4.072	0.328	0.058
-11.0	-0.317	0.07579	-0.069	0.306	0.001	0.993	0.035	-4.182	0.371	0.032
-10.0	-0.273	0.06393	-0.075	0.297	0.003	0.993	0.053	-4.272	0.418	-0.026
-9.0	-0.215	0.05194	-0.086	0.273	0.005	0.993	0.098	-4.147	0.406	-0.149
-8.0	-0.142	0.04170	-0.096	0.255	0.005	0.993	0.163	-3.412	0.609	-0.423
-7.0	-0.069	0.00947	-0.138	0.247	0.006	0.993	0.992	-7.305	0.491	-1.751
-6.0	0.040	0.00935	-0.140	0.215	0.006	0.993	0.997	4.263	0.260	3.755
-5.0	0.154	0.00980	-0.141	0.204	0.007	0.993	0.998	15.742	0.260	1.162
-4.0	0.272	0.00981	-0.142	0.177	0.008	0.993	0.998	27.739	0.260	0.771
-3.0	0.391	0.00984	-0.143	0.162	0.009	0.994	0.998	39.773	0.260	0.615
-2.0	0.511	0.01004	-0.144	0.137	0.015	0.994	0.998	50.921	0.260	0.532
-1.0	0.629	0.01028	-0.145	0.123	0.020	0.994	0.998	61.257	0.261	0.481
0.0	0.746	0.01061	-0.147	0.096	0.031	0.994	0.999	70.286	0.261	0.447
1.0	0.862	0.01112	-0.148	0.074	0.044	0.994	0.999	77.516	0.262	0.422
2.0	0.978	0.01171	-0.149	0.053	0.060	0.994	0.999	83.556	0.262	0.403
3.0	1.094	0.01245	-0.151	0.031	0.082	0.993	0.999	87.847	0.262	0.388
4.0	1.208	0.01331	-0.152	0.015	0.106	0.993	1.000	90.740	0.263	0.376
5.0	1.316	0.01424	-0.154	0.009	0.128	0.992	1.000	92.375	0.264	0.367
6.0	1.414	0.01342	-0.155	0.004	0.151	0.989	1.000	105.353	0.265	0.360
7.0	1.499	0.01445	-0.157	0.003	0.182	0.984	1.000	103.743	0.267	0.354
8.0	1.569	0.02088	-0.158	0.002	0.217	0.977	1.000	75.175	0.272	0.351
9.0	1.621	0.02254	-0.159	0.002	0.256	0.967	1.000	71.887	0.281	0.348
10.0	1.651	0.02453	-0.160	0.002	0.303	0.956	1.000	67.288	0.312	0.347
11.0	1.657	0.02675	-0.161	0.002	0.463	0.940	1.000	61.959	0.040	0.347
12.0	1.641	0.02954	-0.162	0.001	0.485	0.920	1.000	55.544	0.219	0.349
13.0	1.602	0.03270	-0.163	0.001	0.514	0.895	1.000	48.996	0.242	0.352
14.0	1.540	0.03778	-0.163	0.001	0.561	0.852	1.000	40.777	0.259	0.356
15.0	1.424	0.04596	-0.161	0.000	0.620	0.768	1.000	30.981	0.279	0.363
16.0	1.270	0.06212	-0.155	0.000	0.999	0.605	0.999	20.446	0.366	0.372
17.0	1.043	0.13082	-0.117	0.000	0.998	0.140	0.999	7.973	0.427	0.362
18.0	0.923	0.16484	-0.094	0.000	0.998	0.044	0.999	5.598	0.361	0.352
19.0	0.830	0.18229	-0.094	0.000	0.998	0.041	0.999	4.552	0.263	0.363
20.0	0.743	0.20365	-0.092	0.000	0.998	0.035	0.999	3.648	0.271	0.373

Name = NACA 6409
Mach = 0; Re = 5630000; T.U. = 1.0; T.L. = 1.0
Surface Finish = 2; Stall model = 0; Transition model = 1; Aspect Ratio = 0; ground effect = 0
?	Cl	Cd	Cm 0.25	T.U.	T.L.	S.U.	S.L.	L/D	A.C.	C.P.
[°]	[-]	[-]	[-]	[-]	[-]	[-]	[-]	[-]	[-]	[-]
-20.0	-0.276	0.20245	-0.064	0.460	0.000	0.991	0.029	-1.365	0.249	0.019
-19.0	-0.297	0.18010	-0.064	0.421	0.001	0.992	0.028	-1.646	0.259	0.034
-18.0	-0.316	0.16818	-0.064	0.407	0.000	0.992	0.027	-1.881	0.251	0.049
-17.0	-0.335	0.15079	-0.064	0.400	0.001	0.992	0.027	-2.222	0.246	0.059
-16.0	-0.351	0.13780	-0.064	0.373	0.001	0.992	0.026	-2.548	0.248	0.068
-15.0	-0.363	0.12288	-0.064	0.357	0.001	0.992	0.026	-2.951	0.244	0.074
-14.0	-0.367	0.11187	-0.064	0.349	0.001	0.993	0.026	-3.283	-4.110	0.076
-13.0	-0.363	0.09681	-0.065	0.345	0.001	0.993	0.028	-3.749	0.393	0.070
-12.0	-0.347	0.08545	-0.067	0.314	0.001	0.993	0.030	-4.058	0.339	0.057
-11.0	-0.317	0.07554	-0.069	0.301	0.001	0.993	0.036	-4.197	0.358	0.031
-10.0	-0.273	0.06431	-0.075	0.295	0.002	0.993	0.050	-4.244	0.420	-0.024
-9.0	-0.216	0.05143	-0.087	0.261	0.005	0.993	0.102	-4.192	0.419	-0.152
-8.0	-0.143	0.04094	-0.097	0.250	0.005	0.993	0.171	-3.483	0.604	-0.429
-7.0	-0.069	0.00947	-0.138	0.230	0.006	0.994	0.992	-7.310	0.485	-1.752
-6.0	0.040	0.00930	-0.140	0.209	0.006	0.993	0.997	4.285	0.260	3.755
-5.0	0.154	0.00974	-0.141	0.201	0.007	0.993	0.998	15.836	0.260	1.162
-4.0	0.272	0.00978	-0.142	0.170	0.007	0.993	0.998	27.823	0.260	0.771
-3.0	0.391	0.00979	-0.143	0.160	0.009	0.994	0.998	39.980	0.260	0.615
-2.0	0.511	0.00996	-0.144	0.131	0.015	0.994	0.998	51.302	0.260	0.532
-1.0	0.629	0.01015	-0.145	0.118	0.020	0.994	0.998	61.996	0.261	0.481
0.0	0.746	0.01055	-0.147	0.093	0.030	0.994	0.999	70.677	0.261	0.447
1.0	0.862	0.01101	-0.148	0.069	0.042	0.994	0.999	78.313	0.262	0.422
2.0	0.978	0.01162	-0.150	0.048	0.058	0.994	0.999	84.187	0.262	0.403
3.0	1.094	0.01236	-0.151	0.028	0.080	0.993	0.999	88.471	0.262	0.388
4.0	1.208	0.01318	-0.152	0.015	0.104	0.993	1.000	91.628	0.263	0.376
5.0	1.316	0.01410	-0.154	0.009	0.122	0.992	1.000	93.295	0.264	0.367
6.0	1.414	0.01527	-0.155	0.004	0.146	0.990	1.000	92.584	0.265	0.360
7.0	1.499	0.01429	-0.157	0.003	0.178	0.985	1.000	104.933	0.267	0.354
8.0	1.570	0.02063	-0.158	0.002	0.212	0.978	1.000	76.070	0.272	0.351
9.0	1.621	0.02226	-0.159	0.002	0.239	0.969	1.000	72.813	0.281	0.348
10.0	1.651	0.02424	-0.160	0.002	0.281	0.958	1.000	68.112	0.313	0.347
11.0	1.658	0.02641	-0.162	0.002	0.457	0.942	1.000	62.779	0.034	0.347
12.0	1.642	0.02916	-0.163	0.001	0.471	0.923	1.000	56.309	0.219	0.349
13.0	1.603	0.03224	-0.163	0.001	0.502	0.898	1.000	49.726	0.242	0.352
14.0	1.541	0.03746	-0.163	0.001	0.533	0.854	1.000	41.134	0.258	0.356
15.0	1.426	0.04514	-0.162	0.000	0.582	0.776	1.000	31.599	0.275	0.363
16.0	1.276	0.06020	-0.157	0.000	0.654	0.625	1.000	21.191	0.349	0.373
17.0	1.057	0.12158	-0.125	0.000	0.998	0.195	0.999	8.693	0.423	0.368
18.0	0.924	0.16339	-0.095	0.000	0.998	0.048	0.999	5.652	0.383	0.353
19.0	0.831	0.18130	-0.095	0.000	0.998	0.044	0.999	4.581	0.268	0.364
20.0	0.743	0.20189	-0.092	0.000	0.998	0.036	0.999	3.681	0.283	0.374

Name = NACA 6409
Mach = 0; Re = 6030000; T.U. = 1.0; T.L. = 1.0
Surface Finish = 2; Stall model = 0; Transition model = 1; Aspect Ratio = 0; ground effect = 0
?	Cl	Cd	Cm 0.25	T.U.	T.L.	S.U.	S.L.	L/D	A.C.	C.P.
[°]	[-]	[-]	[-]	[-]	[-]	[-]	[-]	[-]	[-]	[-]
-20.0	-0.276	0.19659	-0.064	0.445	0.000	0.991	0.029	-1.406	0.242	0.019
-19.0	-0.297	0.17947	-0.064	0.413	0.001	0.992	0.029	-1.652	0.256	0.034
-18.0	-0.316	0.16739	-0.064	0.403	0.000	0.992	0.027	-1.890	0.251	0.049
-17.0	-0.335	0.14998	-0.064	0.397	0.001	0.992	0.028	-2.235	0.245	0.059
-16.0	-0.351	0.13721	-0.064	0.363	0.001	0.992	0.027	-2.559	0.269	0.068
-15.0	-0.363	0.12366	-0.064	0.354	0.001	0.992	0.026	-2.932	0.243	0.075
-14.0	-0.367	0.11190	-0.064	0.347	0.001	0.993	0.026	-3.283	-4.377	0.076
-13.0	-0.363	0.09684	-0.065	0.332	0.001	0.993	0.028	-3.748	0.398	0.070
-12.0	-0.347	0.08570	-0.067	0.306	0.001	0.993	0.031	-4.047	0.336	0.057
-11.0	-0.317	0.07527	-0.069	0.298	0.001	0.993	0.036	-4.211	0.344	0.031
-10.0	-0.273	0.06481	-0.074	0.276	0.002	0.993	0.048	-4.209	0.410	-0.021
-9.0	-0.215	0.05200	-0.086	0.256	0.005	0.993	0.097	-4.141	0.426	-0.148
-8.0	-0.143	0.04076	-0.097	0.248	0.005	0.993	0.173	-3.500	0.611	-0.430
-7.0	-0.069	0.00938	-0.138	0.218	0.006	0.994	0.993	-7.378	0.484	-1.752
-6.0	0.040	0.00978	-0.140	0.205	0.006	0.993	0.997	4.075	0.260	3.755
-5.0	0.154	0.00968	-0.141	0.184	0.007	0.993	0.998	15.946	0.260	1.162
-4.0	0.272	0.00965	-0.142	0.165	0.007	0.994	0.998	28.202	0.260	0.771
-3.0	0.391	0.00969	-0.143	0.149	0.009	0.994	0.998	40.374	0.260	0.615
-2.0	0.511	0.00987	-0.144	0.127	0.014	0.994	0.998	51.764	0.260	0.532
-1.0	0.629	0.01014	-0.145	0.106	0.019	0.994	0.998	62.051	0.261	0.481
0.0	0.746	0.01043	-0.147	0.090	0.029	0.994	0.999	71.494	0.261	0.447
1.0	0.862	0.01095	-0.148	0.065	0.041	0.994	0.999	78.769	0.262	0.422
2.0	0.978	0.01157	-0.150	0.044	0.057	0.994	0.999	84.557	0.262	0.403
3.0	1.094	0.01224	-0.151	0.026	0.078	0.994	0.999	89.355	0.262	0.388
4.0	1.208	0.01305	-0.152	0.014	0.099	0.993	1.000	92.558	0.263	0.376
5.0	1.316	0.01396	-0.154	0.008	0.117	0.992	1.000	94.259	0.264	0.367
6.0	1.414	0.01514	-0.155	0.004	0.143	0.990	1.000	93.389	0.265	0.360
7.0	1.500	0.01415	-0.157	0.002	0.175	0.985	1.000	105.964	0.268	0.354
8.0	1.570	0.02042	-0.158	0.002	0.198	0.979	1.000	76.901	0.272	0.351
9.0	1.621	0.02202	-0.159	0.002	0.229	0.970	1.000	73.622	0.281	0.348
10.0	1.652	0.02395	-0.161	0.002	0.268	0.959	1.000	68.969	0.313	0.347
11.0	1.659	0.02618	-0.162	0.002	0.323	0.944	1.000	63.360	0.022	0.347
12.0	1.642	0.02877	-0.163	0.001	0.463	0.925	1.000	57.080	0.217	0.349
13.0	1.604	0.03184	-0.163	0.001	0.483	0.901	1.000	50.380	0.242	0.352
14.0	1.542	0.03717	-0.163	0.000	0.513	0.856	1.000	41.471	0.257	0.356
15.0	1.428	0.04437	-0.162	0.000	0.558	0.783	1.000	32.194	0.275	0.363
16.0	1.277	0.05959	-0.157	0.000	0.611	0.629	1.000	21.430	0.346	0.373
17.0	1.059	0.11999	-0.127	0.000	0.694	0.205	1.000	8.830	0.423	0.369
18.0	0.924	0.16270	-0.096	0.000	0.998	0.048	0.999	5.677	0.383	0.354
19.0	0.831	0.18007	-0.096	0.000	0.998	0.047	0.999	4.616	0.267	0.366
20.0	0.743	0.20086	-0.093	0.000	0.998	0.037	0.999	3.700	0.291	0.375

Name = NACA 6409
Mach = 0; Re = 6430000; T.U. = 1.0; T.L. = 1.0
Surface Finish = 2; Stall model = 0; Transition model = 1; Aspect Ratio = 0; ground effect = 0
?	Cl	Cd	Cm 0.25	T.U.	T.L.	S.U.	S.L.	L/D	A.C.	C.P.
[°]	[-]	[-]	[-]	[-]	[-]	[-]	[-]	[-]	[-]	[-]
-20.0	-0.276	0.19667	-0.064	0.425	0.000	0.992	0.029	-1.405	0.242	0.018
-19.0	-0.297	0.17932	-0.064	0.408	0.001	0.992	0.029	-1.654	0.256	0.033
-18.0	-0.316	0.16704	-0.064	0.400	0.000	0.992	0.028	-1.894	0.254	0.048
-17.0	-0.335	0.14967	-0.064	0.378	0.000	0.992	0.028	-2.239	0.245	0.059
-16.0	-0.351	0.13655	-0.064	0.358	0.001	0.992	0.027	-2.572	0.263	0.068
-15.0	-0.363	0.12402	-0.064	0.351	0.001	0.992	0.026	-2.924	0.252	0.074
-14.0	-0.367	0.11159	-0.064	0.345	0.001	0.993	0.026	-3.292	-4.353	0.076
-13.0	-0.363	0.09584	-0.066	0.316	0.001	0.993	0.029	-3.787	0.411	0.069
-12.0	-0.347	0.08505	-0.067	0.302	0.001	0.993	0.032	-4.078	0.338	0.056
-11.0	-0.317	0.07475	-0.070	0.295	0.001	0.993	0.036	-4.241	0.343	0.030
-10.0	-0.273	0.06444	-0.074	0.264	0.002	0.993	0.048	-4.233	0.397	-0.022
-9.0	-0.215	0.05268	-0.085	0.252	0.004	0.993	0.091	-4.081	0.434	-0.144
-8.0	-0.143	0.03991	-0.098	0.242	0.005	0.994	0.183	-3.583	0.620	-0.436
-7.0	-0.069	0.00931	-0.138	0.211	0.006	0.994	0.993	-7.436	0.477	-1.752
-6.0	0.040	0.00971	-0.140	0.203	0.006	0.993	0.997	4.101	0.260	3.755
-5.0	0.154	0.00964	-0.141	0.173	0.007	0.994	0.998	16.013	0.260	1.162
-4.0	0.272	0.00956	-0.142	0.162	0.007	0.994	0.998	28.468	0.260	0.771
-3.0	0.391	0.00969	-0.143	0.137	0.009	0.994	0.998	40.377	0.260	0.615
-2.0	0.511	0.00981	-0.144	0.124	0.014	0.994	0.998	52.071	0.260	0.532
-1.0	0.629	0.01008	-0.146	0.099	0.019	0.995	0.998	62.473	0.261	0.481
0.0	0.746	0.01037	-0.147	0.089	0.029	0.994	0.999	71.893	0.261	0.447
1.0	0.862	0.01086	-0.148	0.063	0.039	0.995	0.999	79.407	0.262	0.422
2.0	0.978	0.01144	-0.150	0.042	0.056	0.994	0.999	85.492	0.262	0.403
3.0	1.094	0.01214	-0.151	0.024	0.077	0.994	0.999	90.098	0.262	0.388
4.0	1.208	0.01295	-0.152	0.013	0.094	0.993	1.000	93.300	0.263	0.376
5.0	1.316	0.01383	-0.154	0.008	0.113	0.992	1.000	95.144	0.264	0.367
6.0	1.414	0.01498	-0.155	0.004	0.141	0.991	1.000	94.420	0.266	0.360
7.0	1.500	0.01402	-0.157	0.002	0.169	0.986	1.000	106.964	0.268	0.354
8.0	1.570	0.02020	-0.158	0.002	0.191	0.980	1.000	77.734	0.272	0.351
9.0	1.622	0.02178	-0.159	0.002	0.223	0.971	1.000	74.443	0.281	0.348
10.0	1.652	0.02374	-0.161	0.002	0.261	0.960	1.000	69.595	0.313	0.347
11.0	1.659	0.02593	-0.162	0.001	0.308	0.945	1.000	63.978	0.015	0.347
12.0	1.643	0.02843	-0.163	0.001	0.457	0.927	1.000	57.795	0.216	0.349
13.0	1.605	0.03145	-0.163	0.001	0.470	0.904	1.000	51.040	0.243	0.352
14.0	1.542	0.03694	-0.163	0.000	0.502	0.857	1.000	41.747	0.259	0.356
15.0	1.427	0.04446	-0.162	0.000	0.534	0.778	1.000	32.098	0.273	0.363
16.0	1.281	0.05790	-0.158	0.000	0.579	0.645	1.000	22.130	0.329	0.373
17.0	1.078	0.10874	-0.134	0.000	0.642	0.277	1.000	9.909	0.420	0.375
18.0	0.924	0.16168	-0.097	0.000	0.998	0.051	0.999	5.717	0.401	0.355
19.0	0.832	0.17845	-0.097	0.000	0.998	0.050	0.999	4.660	0.273	0.367
20.0	0.743	0.19965	-0.093	0.000	0.998	0.037	0.999	3.723	0.301	0.375


