Name = NACA 6412
Mach = 0; Re = 30000; T.U. = 1.0; T.L. = 1.0
Surface Finish = 2; Stall model = 0; Transition model = 1; Aspect Ratio = 0; ground effect = 0
?	Cl	Cd	Cm 0.25	T.U.	T.L.	S.U.	S.L.	L/D	A.C.	C.P.
[°]	[-]	[-]	[-]	[-]	[-]	[-]	[-]	[-]	[-]	[-]
-20.0	-0.546	0.46610	-0.048	0.915	0.006	0.957	0.008	-1.171	0.224	0.162
-19.0	-0.563	0.42151	-0.049	0.910	0.007	0.953	0.008	-1.336	0.208	0.164
-18.0	-0.575	0.37297	-0.049	0.902	0.007	0.951	0.009	-1.541	0.204	0.164
-17.0	-0.580	0.32994	-0.049	0.892	0.007	0.948	0.009	-1.757	-0.225	0.165
-16.0	-0.576	0.28802	-0.050	0.883	0.007	0.945	0.009	-1.999	0.319	0.163
-15.0	-0.561	0.23966	-0.051	0.875	0.008	0.942	0.009	-2.343	0.278	0.160
-14.0	-0.529	0.20515	-0.051	0.861	0.008	0.940	0.010	-2.580	0.269	0.153
-13.0	-0.487	0.17889	-0.052	0.849	0.008	0.937	0.010	-2.725	0.273	0.143
-12.0	-0.436	0.15294	-0.053	0.838	0.008	0.931	0.011	-2.849	0.269	0.128
-11.0	-0.375	0.13201	-0.054	0.820	0.009	0.928	0.012	-2.839	0.263	0.106
-10.0	-0.305	0.11487	-0.055	0.804	0.009	0.923	0.012	-2.655	0.267	0.070
-9.0	-0.227	0.09975	-0.057	0.785	0.010	0.919	0.014	-2.281	0.273	0.001
-8.0	-0.144	0.08661	-0.059	0.764	0.012	0.915	0.016	-1.657	0.282	-0.160
-7.0	-0.054	0.07721	-0.062	0.741	0.014	0.911	0.020	-0.704	0.286	-0.892
-6.0	0.039	0.06893	-0.065	0.716	0.018	0.906	0.025	0.563	0.281	1.935
-5.0	0.135	0.06230	-0.068	0.686	0.022	0.903	0.029	2.163	0.290	0.755
-4.0	0.233	0.05727	-0.073	0.655	0.027	0.898	0.040	4.064	0.317	0.565
-3.0	0.333	0.05351	-0.081	0.616	0.040	0.896	0.065	6.222	0.356	0.494
-2.0	0.439	0.04937	-0.095	0.568	0.061	0.897	0.133	8.889	0.447	0.466
-1.0	0.650	0.03195	-0.144	0.502	0.098	0.904	0.997	20.357	0.409	0.471
0.0	0.756	0.03436	-0.145	0.439	0.160	0.904	0.997	21.990	0.261	0.442
1.0	0.868	0.03587	-0.146	0.423	0.301	0.880	0.997	24.205	0.255	0.419
2.0	0.977	0.03694	-0.147	0.409	0.975	0.848	0.989	26.460	0.252	0.400
3.0	1.082	0.03985	-0.147	0.397	0.979	0.805	0.990	27.154	0.251	0.386
4.0	1.183	0.04295	-0.147	0.380	0.983	0.759	0.992	27.551	0.248	0.374
5.0	1.278	0.04678	-0.146	0.364	0.987	0.701	0.996	27.308	0.241	0.365
6.0	1.361	0.05187	-0.145	0.350	0.991	0.634	0.998	26.240	0.242	0.357
7.0	1.445	0.05707	-0.145	0.327	0.998	0.594	0.998	25.325	0.251	0.350
8.0	1.526	0.06306	-0.145	0.297	0.998	0.567	0.998	24.203	0.300	0.345
9.0	1.670	0.06515	-0.156	0.017	0.998	0.764	0.998	25.641	0.303	0.344
10.0	1.712	0.07277	-0.155	0.013	0.998	0.699	0.998	23.526	0.742	0.341
11.0	1.506	0.11028	-0.075	0.010	0.998	0.017	0.998	13.652	0.710	0.300
12.0	1.532	0.12722	-0.073	0.006	0.998	0.014	0.998	12.040	0.067	0.297
13.0	1.543	0.14726	-0.068	0.004	0.998	0.010	0.998	10.476	-0.939	0.294
14.0	1.539	0.17064	-0.064	0.003	0.998	0.007	0.998	9.017	0.521	0.292
15.0	1.521	0.19421	-0.062	0.003	0.998	0.005	0.999	7.830	0.298	0.291
16.0	1.490	0.22620	-0.062	0.003	0.999	0.005	0.999	6.586	0.274	0.292
17.0	1.447	0.26355	-0.061	0.002	0.999	0.004	0.999	5.491	0.256	0.292
18.0	1.395	0.30653	-0.061	0.002	0.999	0.004	0.999	4.552	0.251	0.294
19.0	1.336	0.35149	-0.061	0.002	0.998	0.004	0.998	3.801	0.258	0.295
20.0	1.272	0.39440	-0.060	0.002	0.999	0.003	0.999	3.225	0.253	0.297

Name = NACA 6412
Mach = 0; Re = 430000; T.U. = 1.0; T.L. = 1.0
Surface Finish = 2; Stall model = 0; Transition model = 1; Aspect Ratio = 0; ground effect = 0
?	Cl	Cd	Cm 0.25	T.U.	T.L.	S.U.	S.L.	L/D	A.C.	C.P.
[°]	[-]	[-]	[-]	[-]	[-]	[-]	[-]	[-]	[-]	[-]
-20.0	-0.547	0.22986	-0.054	0.842	0.006	0.990	0.013	-2.378	0.179	0.152
-19.0	-0.564	0.21064	-0.055	0.825	0.006	0.990	0.015	-2.677	0.194	0.153
-18.0	-0.576	0.18883	-0.055	0.807	0.006	0.990	0.015	-3.049	0.224	0.154
-17.0	-0.580	0.16686	-0.055	0.790	0.006	0.990	0.015	-3.479	-0.403	0.155
-16.0	-0.577	0.14942	-0.056	0.768	0.007	0.990	0.015	-3.860	0.397	0.153
-15.0	-0.563	0.13224	-0.058	0.747	0.007	0.990	0.018	-4.254	0.329	0.147
-14.0	-0.531	0.11721	-0.060	0.721	0.008	0.991	0.020	-4.527	0.307	0.138
-13.0	-0.489	0.10394	-0.062	0.696	0.008	0.991	0.024	-4.704	0.304	0.123
-12.0	-0.438	0.09135	-0.065	0.668	0.008	0.991	0.028	-4.791	0.287	0.102
-11.0	-0.376	0.07954	-0.066	0.636	0.009	0.991	0.030	-4.733	0.299	0.074
-10.0	-0.307	0.07021	-0.071	0.608	0.009	0.991	0.041	-4.375	0.318	0.019
-9.0	-0.230	0.06102	-0.076	0.567	0.010	0.990	0.056	-3.767	0.328	-0.082
-8.0	-0.146	0.05226	-0.084	0.523	0.012	0.990	0.086	-2.794	0.361	-0.323
-7.0	-0.056	0.04246	-0.096	0.444	0.014	0.990	0.160	-1.325	0.535	-1.449
-6.0	0.048	0.01213	-0.139	0.425	0.018	0.990	0.990	3.965	0.451	3.140
-5.0	0.167	0.01179	-0.140	0.410	0.022	0.989	0.994	14.165	0.262	1.091
-4.0	0.288	0.01159	-0.142	0.400	0.027	0.988	0.996	24.831	0.262	0.743
-3.0	0.409	0.01223	-0.143	0.381	0.037	0.987	0.997	33.453	0.262	0.600
-2.0	0.531	0.01220	-0.145	0.366	0.050	0.985	0.997	43.511	0.262	0.523
-1.0	0.651	0.01215	-0.146	0.354	0.074	0.984	0.997	53.551	0.263	0.475
0.0	0.768	0.01633	-0.148	0.345	0.105	0.982	0.998	47.012	0.264	0.443
1.0	0.886	0.01703	-0.149	0.320	0.145	0.980	0.998	52.014	0.264	0.419
2.0	1.003	0.01773	-0.151	0.300	0.193	0.977	0.998	56.603	0.264	0.401
3.0	1.120	0.01877	-0.153	0.273	0.257	0.972	0.998	59.644	0.264	0.386
4.0	1.235	0.01871	-0.154	0.248	0.942	0.966	0.998	65.996	0.264	0.375
5.0	1.348	0.02055	-0.156	0.213	0.960	0.959	0.998	65.579	0.264	0.366
6.0	1.453	0.02286	-0.157	0.171	0.971	0.948	0.998	63.567	0.264	0.358
7.0	1.552	0.02630	-0.159	0.109	0.978	0.932	0.998	58.991	0.263	0.352
8.0	1.640	0.03143	-0.160	0.030	0.984	0.906	0.998	52.176	0.263	0.347
9.0	1.713	0.03504	-0.161	0.015	0.998	0.884	0.998	48.885	0.267	0.344
10.0	1.771	0.03878	-0.162	0.011	0.998	0.861	0.998	45.661	0.270	0.341
11.0	1.812	0.04306	-0.163	0.008	0.998	0.834	0.998	42.072	0.276	0.340
12.0	1.832	0.04823	-0.164	0.005	0.998	0.801	0.998	37.994	0.300	0.339
13.0	1.833	0.05446	-0.164	0.004	0.998	0.764	0.998	33.652	0.226	0.339
14.0	1.813	0.06178	-0.164	0.003	0.998	0.721	0.998	29.344	0.253	0.340
15.0	1.774	0.07031	-0.164	0.003	0.998	0.673	0.999	25.237	0.266	0.342
16.0	1.714	0.08226	-0.162	0.002	0.998	0.609	0.999	20.844	0.289	0.345
17.0	1.627	0.10179	-0.158	0.002	0.998	0.501	0.999	15.982	0.307	0.347
18.0	1.529	0.12668	-0.152	0.002	0.999	0.388	0.999	12.068	0.434	0.349
19.0	1.357	0.19246	-0.108	0.002	0.998	0.068	0.998	7.053	0.465	0.330
20.0	1.284	0.21829	-0.099	0.002	0.999	0.041	0.999	5.882	0.376	0.327

Name = NACA 6412
Mach = 0; Re = 830000; T.U. = 1.0; T.L. = 1.0
Surface Finish = 2; Stall model = 0; Transition model = 1; Aspect Ratio = 0; ground effect = 0
?	Cl	Cd	Cm 0.25	T.U.	T.L.	S.U.	S.L.	L/D	A.C.	C.P.
[°]	[-]	[-]	[-]	[-]	[-]	[-]	[-]	[-]	[-]	[-]
-20.0	-0.548	0.21123	-0.062	0.785	0.005	0.991	0.027	-2.596	0.274	0.138
-19.0	-0.565	0.18761	-0.061	0.764	0.006	0.991	0.025	-3.013	0.236	0.142
-18.0	-0.577	0.16892	-0.062	0.741	0.006	0.991	0.027	-3.418	0.122	0.143
-17.0	-0.583	0.15458	-0.063	0.717	0.006	0.991	0.029	-3.769	-1.157	0.141
-16.0	-0.579	0.13562	-0.064	0.691	0.006	0.991	0.030	-4.269	0.401	0.139
-15.0	-0.565	0.12117	-0.066	0.665	0.007	0.991	0.034	-4.662	0.349	0.133
-14.0	-0.533	0.10789	-0.069	0.633	0.007	0.991	0.040	-4.943	0.315	0.121
-13.0	-0.492	0.09532	-0.071	0.608	0.007	0.991	0.045	-5.157	0.307	0.106
-12.0	-0.440	0.08314	-0.074	0.568	0.008	0.991	0.054	-5.298	0.312	0.082
-11.0	-0.380	0.07281	-0.078	0.528	0.008	0.991	0.067	-5.218	0.313	0.046
-10.0	-0.311	0.06345	-0.082	0.464	0.008	0.991	0.085	-4.894	0.329	-0.015
-9.0	-0.234	0.05357	-0.089	0.426	0.009	0.990	0.123	-4.362	0.356	-0.132
-8.0	-0.150	0.04233	-0.099	0.412	0.011	0.990	0.201	-3.548	0.540	-0.411
-7.0	-0.067	0.01421	-0.137	0.401	0.012	0.991	0.980	-4.739	0.451	-1.790
-6.0	0.048	0.01175	-0.139	0.383	0.016	0.991	0.993	4.097	0.263	3.140
-5.0	0.167	0.01153	-0.140	0.367	0.020	0.991	0.995	14.483	0.262	1.091
-4.0	0.288	0.01151	-0.142	0.356	0.024	0.990	0.997	25.005	0.262	0.743
-3.0	0.409	0.01107	-0.143	0.347	0.030	0.990	0.997	36.987	0.262	0.600
-2.0	0.531	0.01096	-0.145	0.326	0.043	0.988	0.997	48.404	0.262	0.523
-1.0	0.651	0.01101	-0.146	0.306	0.061	0.987	0.998	59.062	0.263	0.475
0.0	0.768	0.01122	-0.148	0.291	0.084	0.985	0.998	68.455	0.263	0.443
1.0	0.886	0.01158	-0.150	0.260	0.114	0.982	0.998	76.518	0.264	0.419
2.0	1.004	0.01645	-0.151	0.241	0.148	0.980	0.998	61.046	0.264	0.401
3.0	1.121	0.01765	-0.153	0.208	0.190	0.977	0.999	63.501	0.264	0.386
4.0	1.236	0.01903	-0.154	0.174	0.241	0.970	0.999	64.929	0.264	0.375
5.0	1.349	0.02024	-0.156	0.134	0.587	0.963	0.999	66.634	0.264	0.366
6.0	1.454	0.02216	-0.158	0.081	0.940	0.952	0.998	65.642	0.264	0.358
7.0	1.553	0.02538	-0.159	0.032	0.960	0.937	0.998	61.194	0.264	0.352
8.0	1.644	0.02823	-0.160	0.016	0.975	0.920	0.998	58.246	0.266	0.347
9.0	1.719	0.03100	-0.162	0.012	0.981	0.903	0.998	55.456	0.269	0.344
10.0	1.779	0.03422	-0.163	0.009	0.998	0.882	0.998	51.981	0.272	0.342
11.0	1.821	0.03798	-0.164	0.006	0.998	0.858	0.998	47.936	0.280	0.340
12.0	1.843	0.04249	-0.165	0.004	0.997	0.830	0.998	43.382	0.311	0.339
13.0	1.846	0.04767	-0.165	0.003	0.998	0.797	0.998	38.715	0.181	0.340
14.0	1.828	0.05380	-0.166	0.002	0.998	0.760	0.998	33.979	0.239	0.341
15.0	1.792	0.06092	-0.166	0.002	0.998	0.719	0.999	29.414	0.252	0.343
16.0	1.737	0.07003	-0.166	0.002	0.998	0.670	0.999	24.804	0.265	0.345
17.0	1.664	0.08279	-0.164	0.001	0.998	0.604	0.999	20.098	0.269	0.349
18.0	1.584	0.09613	-0.163	0.002	0.999	0.546	0.999	16.478	0.278	0.353
19.0	1.489	0.11675	-0.159	0.001	0.998	0.462	0.999	12.753	0.294	0.357
20.0	1.389	0.14369	-0.154	0.001	0.999	0.370	0.999	9.665	0.301	0.361

Name = NACA 6412
Mach = 0; Re = 1230000; T.U. = 1.0; T.L. = 1.0
Surface Finish = 2; Stall model = 0; Transition model = 1; Aspect Ratio = 0; ground effect = 0
?	Cl	Cd	Cm 0.25	T.U.	T.L.	S.U.	S.L.	L/D	A.C.	C.P.
[°]	[-]	[-]	[-]	[-]	[-]	[-]	[-]	[-]	[-]	[-]
-20.0	-0.549	0.20509	-0.064	0.734	0.004	0.991	0.032	-2.677	0.202	0.134
-19.0	-0.566	0.18183	-0.065	0.713	0.005	0.991	0.033	-3.115	0.197	0.136
-18.0	-0.578	0.16276	-0.065	0.683	0.006	0.991	0.035	-3.554	0.139	0.137
-17.0	-0.584	0.14646	-0.067	0.662	0.006	0.991	0.037	-3.985	-1.198	0.136
-16.0	-0.580	0.13050	-0.068	0.627	0.006	0.991	0.041	-4.448	0.470	0.133
-15.0	-0.567	0.11539	-0.070	0.601	0.006	0.991	0.046	-4.910	0.338	0.126
-14.0	-0.535	0.10229	-0.072	0.566	0.007	0.991	0.051	-5.227	0.307	0.115
-13.0	-0.493	0.09099	-0.074	0.528	0.007	0.991	0.058	-5.420	0.320	0.099
-12.0	-0.443	0.07911	-0.079	0.479	0.008	0.991	0.074	-5.595	0.322	0.072
-11.0	-0.382	0.06885	-0.082	0.427	0.008	0.991	0.090	-5.549	0.315	0.034
-10.0	-0.313	0.05951	-0.087	0.412	0.008	0.991	0.114	-5.254	0.332	-0.028
-9.0	-0.236	0.04904	-0.094	0.402	0.008	0.991	0.164	-4.813	0.367	-0.150
-8.0	-0.153	0.03645	-0.106	0.385	0.010	0.991	0.277	-4.194	0.506	-0.442
-7.0	-0.067	0.01157	-0.138	0.367	0.011	0.991	0.989	-5.832	0.416	-1.791
-6.0	0.048	0.01112	-0.139	0.356	0.014	0.991	0.993	4.328	0.262	3.141
-5.0	0.167	0.01088	-0.141	0.348	0.018	0.991	0.996	15.359	0.262	1.091
-4.0	0.288	0.01093	-0.142	0.328	0.022	0.991	0.997	26.347	0.262	0.743
-3.0	0.409	0.01165	-0.143	0.307	0.027	0.990	0.997	35.124	0.262	0.600
-2.0	0.531	0.01048	-0.145	0.295	0.038	0.990	0.997	50.639	0.263	0.523
-1.0	0.651	0.01065	-0.146	0.266	0.051	0.988	0.998	61.109	0.263	0.475
0.0	0.768	0.01082	-0.148	0.248	0.072	0.987	0.998	70.985	0.263	0.443
1.0	0.887	0.01123	-0.150	0.219	0.097	0.984	0.998	78.980	0.264	0.419
2.0	1.004	0.01601	-0.151	0.199	0.126	0.982	0.998	62.743	0.264	0.401
3.0	1.121	0.01719	-0.153	0.164	0.160	0.978	0.999	65.234	0.264	0.386
4.0	1.237	0.01864	-0.155	0.128	0.199	0.973	0.999	66.349	0.264	0.375
5.0	1.349	0.02048	-0.156	0.086	0.247	0.965	0.999	65.878	0.264	0.366
6.0	1.455	0.02232	-0.158	0.046	0.536	0.955	0.999	65.219	0.265	0.358
7.0	1.555	0.02455	-0.159	0.024	0.616	0.943	0.999	63.333	0.265	0.352
8.0	1.647	0.02639	-0.161	0.013	0.954	0.929	0.999	62.406	0.267	0.347
9.0	1.723	0.02892	-0.162	0.010	0.970	0.913	0.999	59.566	0.270	0.344
10.0	1.783	0.03186	-0.163	0.007	0.982	0.894	0.999	55.962	0.273	0.342
11.0	1.826	0.03546	-0.164	0.004	0.998	0.871	0.998	51.481	0.282	0.340
12.0	1.849	0.03951	-0.165	0.003	0.997	0.845	0.998	46.797	0.315	0.339
13.0	1.852	0.04417	-0.166	0.002	0.998	0.815	0.998	41.937	0.149	0.340
14.0	1.836	0.04975	-0.167	0.002	0.998	0.780	0.998	36.899	0.232	0.341
15.0	1.801	0.05597	-0.167	0.002	0.998	0.743	0.999	32.174	0.247	0.343
16.0	1.747	0.06407	-0.167	0.002	0.998	0.697	0.999	27.274	0.258	0.346
17.0	1.677	0.07517	-0.166	0.001	0.998	0.639	0.999	22.304	0.263	0.349
18.0	1.598	0.08703	-0.165	0.001	0.999	0.585	0.999	18.358	0.271	0.353
19.0	1.506	0.10448	-0.162	0.001	0.998	0.512	0.999	14.411	0.281	0.358
20.0	1.410	0.12590	-0.159	0.001	0.999	0.436	0.999	11.196	0.284	0.363

Name = NACA 6412
Mach = 0; Re = 1630000; T.U. = 1.0; T.L. = 1.0
Surface Finish = 2; Stall model = 0; Transition model = 1; Aspect Ratio = 0; ground effect = 0
?	Cl	Cd	Cm 0.25	T.U.	T.L.	S.U.	S.L.	L/D	A.C.	C.P.
[°]	[-]	[-]	[-]	[-]	[-]	[-]	[-]	[-]	[-]	[-]
-20.0	-0.549	0.20110	-0.064	0.690	0.003	0.991	0.033	-2.731	0.159	0.133
-19.0	-0.567	0.18082	-0.066	0.666	0.004	0.991	0.036	-3.135	0.145	0.134
-18.0	-0.579	0.15984	-0.067	0.635	0.005	0.991	0.040	-3.624	0.079	0.134
-17.0	-0.585	0.14332	-0.069	0.611	0.006	0.991	0.044	-4.080	-1.121	0.132
-16.0	-0.581	0.12656	-0.070	0.574	0.006	0.991	0.047	-4.593	0.440	0.129
-15.0	-0.567	0.11336	-0.072	0.547	0.006	0.991	0.052	-5.006	0.353	0.123
-14.0	-0.536	0.09953	-0.075	0.509	0.006	0.992	0.061	-5.386	0.318	0.111
-13.0	-0.494	0.08825	-0.077	0.440	0.007	0.991	0.069	-5.603	0.321	0.094
-12.0	-0.444	0.07645	-0.081	0.418	0.007	0.991	0.087	-5.808	0.323	0.067
-11.0	-0.383	0.06640	-0.085	0.406	0.008	0.991	0.105	-5.775	0.316	0.028
-10.0	-0.314	0.05694	-0.090	0.397	0.007	0.991	0.133	-5.517	0.336	-0.036
-9.0	-0.238	0.04616	-0.098	0.373	0.008	0.991	0.193	-5.148	0.388	-0.160
-8.0	-0.156	0.03095	-0.112	0.360	0.009	0.991	0.362	-5.038	0.486	-0.466
-7.0	-0.067	0.01103	-0.138	0.351	0.010	0.991	0.990	-6.116	0.385	-1.791
-6.0	0.048	0.01071	-0.139	0.345	0.013	0.991	0.994	4.493	0.262	3.141
-5.0	0.167	0.01059	-0.141	0.315	0.017	0.991	0.996	15.770	0.262	1.091
-4.0	0.288	0.01132	-0.142	0.301	0.020	0.991	0.997	25.428	0.262	0.743
-3.0	0.409	0.01131	-0.143	0.283	0.025	0.991	0.997	36.187	0.262	0.600
-2.0	0.531	0.01146	-0.145	0.257	0.035	0.990	0.997	46.304	0.263	0.523
-1.0	0.651	0.01031	-0.146	0.244	0.046	0.990	0.998	63.081	0.263	0.475
0.0	0.768	0.01064	-0.148	0.212	0.064	0.988	0.998	72.232	0.263	0.443
1.0	0.887	0.01095	-0.150	0.192	0.087	0.986	0.998	81.029	0.264	0.419
2.0	1.005	0.01146	-0.151	0.163	0.113	0.983	0.998	87.655	0.264	0.401
3.0	1.121	0.01698	-0.153	0.130	0.144	0.979	0.999	66.046	0.264	0.386
4.0	1.237	0.01840	-0.155	0.097	0.177	0.974	0.999	67.229	0.264	0.375
5.0	1.350	0.02017	-0.156	0.059	0.216	0.967	0.999	66.908	0.265	0.366
6.0	1.456	0.02210	-0.158	0.031	0.266	0.959	0.999	65.917	0.265	0.358
7.0	1.556	0.02380	-0.159	0.017	0.517	0.947	0.999	65.395	0.266	0.352
8.0	1.649	0.02591	-0.161	0.011	0.572	0.935	0.999	63.666	0.267	0.348
9.0	1.725	0.02764	-0.162	0.008	0.945	0.920	0.999	62.427	0.270	0.344
10.0	1.786	0.03039	-0.164	0.006	0.971	0.902	0.999	58.765	0.274	0.342
11.0	1.829	0.03376	-0.165	0.004	0.989	0.880	0.999	54.177	0.283	0.340
12.0	1.853	0.03747	-0.166	0.003	0.997	0.855	0.998	49.454	0.317	0.339
13.0	1.857	0.04194	-0.167	0.002	0.998	0.827	0.998	44.282	0.120	0.340
14.0	1.841	0.04701	-0.167	0.002	0.998	0.794	0.998	39.167	0.227	0.341
15.0	1.807	0.05285	-0.168	0.002	0.998	0.759	0.999	34.186	0.244	0.343
16.0	1.754	0.06037	-0.168	0.001	0.998	0.716	0.999	29.058	0.254	0.346
17.0	1.685	0.07014	-0.167	0.001	0.998	0.664	0.999	24.028	0.260	0.349
18.0	1.606	0.08143	-0.166	0.001	0.998	0.610	0.999	19.726	0.265	0.354
19.0	1.517	0.09612	-0.165	0.001	0.998	0.547	0.999	15.787	0.275	0.359
20.0	1.421	0.11640	-0.162	0.001	0.999	0.471	0.999	12.205	0.281	0.364

Name = NACA 6412
Mach = 0; Re = 2030000; T.U. = 1.0; T.L. = 1.0
Surface Finish = 2; Stall model = 0; Transition model = 1; Aspect Ratio = 0; ground effect = 0
?	Cl	Cd	Cm 0.25	T.U.	T.L.	S.U.	S.L.	L/D	A.C.	C.P.
[°]	[-]	[-]	[-]	[-]	[-]	[-]	[-]	[-]	[-]	[-]
-20.0	-0.550	0.20207	-0.065	0.658	0.002	0.991	0.035	-2.720	0.174	0.132
-19.0	-0.567	0.17879	-0.066	0.622	0.003	0.992	0.038	-3.172	0.149	0.133
-18.0	-0.580	0.15895	-0.068	0.597	0.004	0.991	0.043	-3.647	0.038	0.133
-17.0	-0.585	0.14004	-0.070	0.565	0.005	0.991	0.049	-4.180	-1.152	0.130
-16.0	-0.582	0.12528	-0.071	0.530	0.006	0.991	0.051	-4.645	0.450	0.127
-15.0	-0.568	0.11018	-0.074	0.503	0.006	0.991	0.059	-5.158	0.362	0.120
-14.0	-0.537	0.09722	-0.076	0.434	0.006	0.992	0.068	-5.523	0.314	0.108
-13.0	-0.495	0.08654	-0.078	0.414	0.006	0.992	0.075	-5.723	0.322	0.092
-12.0	-0.445	0.07440	-0.083	0.403	0.007	0.992	0.096	-5.982	0.329	0.064
-11.0	-0.385	0.06432	-0.087	0.395	0.007	0.992	0.118	-5.981	0.318	0.024
-10.0	-0.315	0.05499	-0.092	0.369	0.007	0.992	0.148	-5.734	0.337	-0.041
-9.0	-0.239	0.04390	-0.100	0.357	0.008	0.991	0.216	-5.443	0.550	-0.168
-8.0	-0.175	0.01392	-0.134	0.349	0.009	0.991	0.898	-12.579	0.472	-0.515
-7.0	-0.067	0.01070	-0.138	0.339	0.010	0.991	0.991	-6.310	0.274	-1.791
-6.0	0.048	0.01056	-0.139	0.311	0.012	0.991	0.994	4.557	0.262	3.141
-5.0	0.167	0.01030	-0.141	0.298	0.017	0.991	0.996	16.218	0.262	1.091
-4.0	0.288	0.01108	-0.142	0.276	0.019	0.991	0.997	25.990	0.262	0.743
-3.0	0.409	0.01110	-0.143	0.255	0.023	0.991	0.997	36.870	0.262	0.600
-2.0	0.531	0.01116	-0.145	0.242	0.032	0.991	0.998	47.545	0.263	0.523
-1.0	0.651	0.01021	-0.147	0.211	0.043	0.990	0.998	63.719	0.263	0.475
0.0	0.769	0.01040	-0.148	0.194	0.059	0.989	0.998	73.890	0.263	0.443
1.0	0.887	0.01082	-0.150	0.164	0.080	0.986	0.998	81.949	0.264	0.419
2.0	1.005	0.01133	-0.151	0.136	0.104	0.984	0.998	88.640	0.264	0.401
3.0	1.122	0.01671	-0.153	0.108	0.129	0.980	0.999	67.107	0.264	0.386
4.0	1.237	0.01810	-0.155	0.077	0.159	0.976	0.999	68.348	0.264	0.375
5.0	1.350	0.01975	-0.156	0.046	0.193	0.969	0.999	68.384	0.265	0.366
6.0	1.457	0.02146	-0.158	0.026	0.233	0.961	0.999	67.891	0.265	0.358
7.0	1.558	0.02333	-0.159	0.014	0.288	0.951	0.999	66.765	0.266	0.352
8.0	1.651	0.02512	-0.161	0.010	0.511	0.939	0.999	65.719	0.268	0.348
9.0	1.727	0.02729	-0.162	0.007	0.559	0.925	0.999	63.281	0.271	0.344
10.0	1.788	0.02989	-0.164	0.005	0.653	0.908	0.999	59.822	0.274	0.342
11.0	1.831	0.03249	-0.165	0.003	0.977	0.887	0.999	56.373	0.283	0.340
12.0	1.856	0.03608	-0.166	0.002	0.997	0.863	0.998	51.449	0.319	0.339
13.0	1.861	0.04023	-0.167	0.002	0.997	0.836	0.998	46.247	0.099	0.340
14.0	1.845	0.04505	-0.168	0.001	0.998	0.804	0.998	40.958	0.225	0.341
15.0	1.811	0.05059	-0.168	0.001	0.998	0.770	0.999	35.800	0.241	0.343
16.0	1.760	0.05747	-0.168	0.001	0.998	0.730	0.999	30.616	0.252	0.346
17.0	1.691	0.06693	-0.168	0.001	0.998	0.678	0.999	25.263	0.257	0.349
18.0	1.613	0.07690	-0.167	0.001	0.998	0.630	0.999	20.977	0.263	0.354
19.0	1.524	0.09128	-0.166	0.001	0.998	0.566	0.999	16.694	0.271	0.359
20.0	1.430	0.10888	-0.164	0.001	0.999	0.500	0.999	13.132	0.274	0.364

Name = NACA 6412
Mach = 0; Re = 2430000; T.U. = 1.0; T.L. = 1.0
Surface Finish = 2; Stall model = 0; Transition model = 1; Aspect Ratio = 0; ground effect = 0
?	Cl	Cd	Cm 0.25	T.U.	T.L.	S.U.	S.L.	L/D	A.C.	C.P.
[°]	[-]	[-]	[-]	[-]	[-]	[-]	[-]	[-]	[-]	[-]
-20.0	-0.550	0.19921	-0.066	0.618	0.002	0.991	0.036	-2.760	0.176	0.131
-19.0	-0.567	0.17833	-0.067	0.588	0.002	0.992	0.040	-3.181	0.158	0.132
-18.0	-0.580	0.15696	-0.068	0.561	0.003	0.991	0.043	-3.693	0.068	0.132
-17.0	-0.585	0.13937	-0.070	0.525	0.004	0.991	0.048	-4.200	-1.208	0.130
-16.0	-0.582	0.12248	-0.072	0.501	0.006	0.991	0.054	-4.755	0.545	0.126
-15.0	-0.569	0.10864	-0.075	0.433	0.006	0.991	0.064	-5.238	0.365	0.118
-14.0	-0.538	0.09569	-0.077	0.413	0.006	0.992	0.072	-5.617	0.314	0.106
-13.0	-0.496	0.08471	-0.080	0.403	0.006	0.992	0.081	-5.855	0.326	0.090
-12.0	-0.446	0.07285	-0.084	0.394	0.007	0.992	0.104	-6.121	0.331	0.061
-11.0	-0.386	0.06259	-0.089	0.367	0.007	0.992	0.129	-6.162	0.322	0.020
-10.0	-0.316	0.05314	-0.094	0.356	0.007	0.992	0.163	-5.955	0.341	-0.046
-9.0	-0.240	0.04185	-0.102	0.349	0.007	0.991	0.238	-5.739	0.554	-0.174
-8.0	-0.177	0.01307	-0.136	0.337	0.008	0.991	0.965	-13.574	0.459	-0.515
-7.0	-0.067	0.01056	-0.138	0.310	0.009	0.992	0.991	-6.392	0.265	-1.791
-6.0	0.048	0.01030	-0.139	0.298	0.011	0.991	0.994	4.671	0.262	3.141
-5.0	0.167	0.01019	-0.141	0.276	0.015	0.991	0.996	16.394	0.262	1.091
-4.0	0.288	0.01085	-0.142	0.254	0.019	0.991	0.997	26.526	0.262	0.743
-3.0	0.409	0.01082	-0.143	0.244	0.022	0.991	0.997	37.835	0.262	0.600
-2.0	0.531	0.01104	-0.145	0.212	0.030	0.991	0.998	48.070	0.263	0.523
-1.0	0.651	0.01126	-0.147	0.199	0.040	0.990	0.998	57.779	0.263	0.475
0.0	0.769	0.01036	-0.148	0.168	0.056	0.989	0.998	74.180	0.264	0.443
1.0	0.887	0.01066	-0.150	0.146	0.074	0.987	0.998	83.194	0.264	0.419
2.0	1.005	0.01115	-0.151	0.121	0.095	0.985	0.998	90.120	0.264	0.401
3.0	1.122	0.01653	-0.153	0.091	0.119	0.981	0.999	67.870	0.264	0.386
4.0	1.238	0.01781	-0.155	0.062	0.148	0.977	0.999	69.493	0.264	0.375
5.0	1.351	0.01939	-0.156	0.036	0.180	0.970	0.999	69.668	0.265	0.366
6.0	1.458	0.02097	-0.158	0.021	0.217	0.963	0.999	69.503	0.266	0.358
7.0	1.559	0.02276	-0.160	0.013	0.259	0.954	0.999	68.468	0.266	0.352
8.0	1.652	0.02463	-0.161	0.009	0.329	0.943	0.999	67.058	0.268	0.348
9.0	1.729	0.02658	-0.163	0.007	0.511	0.929	0.999	65.025	0.271	0.344
10.0	1.790	0.02918	-0.164	0.004	0.557	0.912	0.999	61.333	0.275	0.342
11.0	1.834	0.03207	-0.165	0.003	0.634	0.892	1.000	57.180	0.284	0.340
12.0	1.859	0.03490	-0.166	0.002	0.997	0.870	0.998	53.250	0.320	0.339
13.0	1.864	0.03883	-0.167	0.002	0.997	0.844	0.998	47.994	0.071	0.340
14.0	1.849	0.04346	-0.168	0.001	0.998	0.814	0.998	42.533	0.221	0.341
15.0	1.815	0.04870	-0.169	0.001	0.998	0.780	0.999	37.269	0.241	0.343
16.0	1.763	0.05552	-0.169	0.001	0.998	0.739	0.999	31.755	0.250	0.346
17.0	1.696	0.06414	-0.169	0.001	0.998	0.692	0.999	26.439	0.256	0.349
18.0	1.618	0.07409	-0.168	0.001	0.998	0.642	0.999	21.833	0.261	0.354
19.0	1.530	0.08691	-0.167	0.001	0.998	0.585	0.999	17.606	0.267	0.359
20.0	1.437	0.10314	-0.165	0.001	0.999	0.522	0.999	13.930	0.270	0.365

Name = NACA 6412
Mach = 0; Re = 2830000; T.U. = 1.0; T.L. = 1.0
Surface Finish = 2; Stall model = 0; Transition model = 1; Aspect Ratio = 0; ground effect = 0
?	Cl	Cd	Cm 0.25	T.U.	T.L.	S.U.	S.L.	L/D	A.C.	C.P.
[°]	[-]	[-]	[-]	[-]	[-]	[-]	[-]	[-]	[-]	[-]
-20.0	-0.550	0.19710	-0.066	0.585	0.002	0.991	0.038	-2.790	0.189	0.130
-19.0	-0.567	0.17565	-0.067	0.561	0.002	0.992	0.040	-3.230	0.166	0.132
-18.0	-0.580	0.15651	-0.068	0.525	0.003	0.991	0.044	-3.705	0.079	0.132
-17.0	-0.585	0.14005	-0.070	0.503	0.003	0.991	0.048	-4.179	-1.238	0.130
-16.0	-0.583	0.12157	-0.073	0.438	0.005	0.991	0.057	-4.794	0.609	0.125
-15.0	-0.570	0.10683	-0.076	0.415	0.006	0.991	0.067	-5.331	0.364	0.117
-14.0	-0.538	0.09440	-0.078	0.404	0.006	0.992	0.076	-5.699	0.317	0.105
-13.0	-0.497	0.08347	-0.081	0.396	0.006	0.992	0.087	-5.950	0.327	0.088
-12.0	-0.446	0.07178	-0.085	0.368	0.007	0.992	0.109	-6.220	0.330	0.059
-11.0	-0.386	0.06148	-0.089	0.356	0.007	0.992	0.136	-6.284	0.324	0.018
-10.0	-0.317	0.05195	-0.095	0.349	0.007	0.992	0.172	-6.105	0.346	-0.048
-9.0	-0.241	0.04003	-0.103	0.342	0.007	0.991	0.258	-6.028	0.548	-0.178
-8.0	-0.178	0.01273	-0.136	0.311	0.008	0.991	0.978	-13.981	0.448	-0.515
-7.0	-0.068	0.01035	-0.138	0.299	0.008	0.992	0.991	-6.525	0.263	-1.791
-6.0	0.048	0.01017	-0.139	0.281	0.010	0.992	0.995	4.735	0.262	3.141
-5.0	0.167	0.01008	-0.141	0.256	0.014	0.992	0.997	16.575	0.262	1.091
-4.0	0.288	0.01066	-0.142	0.245	0.018	0.991	0.997	27.017	0.262	0.743
-3.0	0.409	0.01085	-0.143	0.215	0.021	0.991	0.997	37.719	0.262	0.600
-2.0	0.531	0.01089	-0.145	0.201	0.028	0.991	0.998	48.735	0.263	0.523
-1.0	0.651	0.01120	-0.147	0.173	0.038	0.991	0.998	58.079	0.263	0.475
0.0	0.769	0.01015	-0.148	0.158	0.053	0.990	0.998	75.751	0.264	0.443
1.0	0.887	0.01060	-0.150	0.128	0.069	0.988	0.998	83.691	0.264	0.419
2.0	1.005	0.01104	-0.151	0.103	0.088	0.985	0.998	90.993	0.264	0.401
3.0	1.122	0.01168	-0.153	0.079	0.113	0.982	0.999	96.068	0.264	0.386
4.0	1.238	0.01755	-0.155	0.052	0.141	0.978	0.999	70.537	0.264	0.375
5.0	1.351	0.01905	-0.156	0.031	0.168	0.972	0.999	70.937	0.265	0.366
6.0	1.458	0.02058	-0.158	0.018	0.198	0.965	0.999	70.877	0.266	0.358
7.0	1.559	0.02227	-0.160	0.011	0.235	0.957	0.999	70.008	0.266	0.352
8.0	1.653	0.02408	-0.161	0.008	0.284	0.945	0.999	68.635	0.268	0.348
9.0	1.730	0.02596	-0.163	0.006	0.482	0.933	0.999	66.631	0.271	0.344
10.0	1.791	0.02856	-0.164	0.004	0.512	0.916	0.999	62.705	0.275	0.342
11.0	1.835	0.03137	-0.165	0.002	0.559	0.897	1.000	58.501	0.286	0.340
12.0	1.861	0.03455	-0.167	0.002	0.634	0.875	0.999	53.848	0.320	0.340
13.0	1.866	0.03782	-0.168	0.001	0.997	0.850	0.998	49.343	0.062	0.340
14.0	1.851	0.04227	-0.168	0.001	0.998	0.820	0.998	43.797	0.221	0.341
15.0	1.817	0.04753	-0.169	0.001	0.998	0.786	0.999	38.235	0.238	0.343
16.0	1.767	0.05365	-0.169	0.001	0.998	0.749	0.999	32.926	0.249	0.346
17.0	1.699	0.06224	-0.169	0.001	0.998	0.701	0.999	27.295	0.254	0.350
18.0	1.622	0.07135	-0.169	0.001	0.998	0.655	0.999	22.734	0.258	0.354
19.0	1.535	0.08351	-0.168	0.001	0.998	0.600	0.999	18.382	0.267	0.359
20.0	1.440	0.10010	-0.166	0.001	0.999	0.533	0.999	14.389	0.271	0.365

Name = NACA 6412
Mach = 0; Re = 3230000; T.U. = 1.0; T.L. = 1.0
Surface Finish = 2; Stall model = 0; Transition model = 1; Aspect Ratio = 0; ground effect = 0
?	Cl	Cd	Cm 0.25	T.U.	T.L.	S.U.	S.L.	L/D	A.C.	C.P.
[°]	[-]	[-]	[-]	[-]	[-]	[-]	[-]	[-]	[-]	[-]
-20.0	-0.550	0.19340	-0.066	0.562	0.002	0.991	0.038	-2.844	0.178	0.130
-19.0	-0.568	0.17575	-0.067	0.528	0.002	0.992	0.041	-3.229	0.166	0.131
-18.0	-0.580	0.15592	-0.069	0.505	0.002	0.991	0.044	-3.719	0.100	0.132
-17.0	-0.585	0.13908	-0.070	0.448	0.002	0.991	0.048	-4.208	-1.171	0.130
-16.0	-0.582	0.12281	-0.072	0.417	0.004	0.991	0.055	-4.743	0.653	0.126
-15.0	-0.570	0.10538	-0.076	0.406	0.006	0.991	0.070	-5.408	0.383	0.116
-14.0	-0.538	0.09369	-0.078	0.398	0.006	0.992	0.077	-5.743	0.324	0.105
-13.0	-0.497	0.08218	-0.082	0.371	0.006	0.992	0.092	-6.052	0.335	0.086
-12.0	-0.447	0.07069	-0.086	0.358	0.007	0.992	0.115	-6.325	0.327	0.058
-11.0	-0.387	0.06056	-0.090	0.350	0.007	0.992	0.141	-6.388	0.327	0.017
-10.0	-0.318	0.05050	-0.096	0.345	0.007	0.992	0.185	-6.299	0.351	-0.052
-9.0	-0.242	0.03857	-0.105	0.313	0.007	0.992	0.276	-6.285	0.538	-0.183
-8.0	-0.178	0.01239	-0.136	0.300	0.008	0.991	0.982	-14.371	0.438	-0.515
-7.0	-0.068	0.01013	-0.138	0.293	0.008	0.992	0.992	-6.664	0.263	-1.791
-6.0	0.048	0.01009	-0.139	0.259	0.010	0.992	0.995	4.771	0.262	3.141
-5.0	0.167	0.00992	-0.141	0.247	0.013	0.992	0.997	16.843	0.262	1.091
-4.0	0.288	0.01060	-0.142	0.222	0.018	0.992	0.997	27.169	0.262	0.743
-3.0	0.409	0.01064	-0.143	0.204	0.020	0.991	0.997	38.473	0.262	0.600
-2.0	0.531	0.01080	-0.145	0.183	0.026	0.991	0.998	49.127	0.263	0.523
-1.0	0.651	0.01106	-0.147	0.163	0.036	0.991	0.998	58.803	0.263	0.475
0.0	0.769	0.01149	-0.148	0.137	0.049	0.990	0.998	66.935	0.264	0.443
1.0	0.887	0.01042	-0.150	0.120	0.064	0.989	0.998	85.141	0.264	0.419
2.0	1.005	0.01094	-0.151	0.092	0.084	0.986	0.998	91.908	0.264	0.401
3.0	1.122	0.01156	-0.153	0.067	0.108	0.982	0.999	97.028	0.264	0.386
4.0	1.238	0.01732	-0.155	0.045	0.131	0.979	0.999	71.467	0.265	0.375
5.0	1.352	0.01874	-0.156	0.027	0.156	0.973	0.999	72.124	0.265	0.366
6.0	1.459	0.02021	-0.158	0.016	0.187	0.966	0.999	72.181	0.266	0.358
7.0	1.560	0.02181	-0.160	0.010	0.222	0.959	0.999	71.539	0.266	0.352
8.0	1.654	0.02361	-0.161	0.007	0.263	0.948	0.999	70.041	0.268	0.348
9.0	1.731	0.02559	-0.163	0.006	0.322	0.936	0.999	67.654	0.271	0.344
10.0	1.792	0.02800	-0.164	0.003	0.488	0.919	1.000	64.011	0.276	0.342
11.0	1.837	0.03071	-0.166	0.002	0.518	0.901	1.000	59.808	0.286	0.340
12.0	1.862	0.03380	-0.167	0.002	0.566	0.880	0.999	55.098	0.322	0.340
13.0	1.868	0.03743	-0.168	0.001	0.644	0.854	1.000	49.897	0.041	0.340
14.0	1.853	0.04112	-0.169	0.001	0.998	0.826	0.998	45.071	0.218	0.341
15.0	1.820	0.04620	-0.169	0.001	0.998	0.794	0.999	39.399	0.238	0.343
16.0	1.769	0.05232	-0.170	0.001	0.998	0.756	0.999	33.815	0.248	0.346
17.0	1.702	0.06037	-0.170	0.001	0.998	0.711	0.999	28.201	0.252	0.350
18.0	1.626	0.06907	-0.169	0.001	0.998	0.666	0.999	23.536	0.257	0.354
19.0	1.539	0.08069	-0.168	0.001	0.998	0.612	0.999	19.076	0.265	0.359
20.0	1.445	0.09642	-0.167	0.001	0.999	0.547	0.999	14.984	0.270	0.365

Name = NACA 6412
Mach = 0; Re = 3630000; T.U. = 1.0; T.L. = 1.0
Surface Finish = 2; Stall model = 0; Transition model = 1; Aspect Ratio = 0; ground effect = 0
?	Cl	Cd	Cm 0.25	T.U.	T.L.	S.U.	S.L.	L/D	A.C.	C.P.
[°]	[-]	[-]	[-]	[-]	[-]	[-]	[-]	[-]	[-]	[-]
-20.0	-0.550	0.19148	-0.066	0.536	0.002	0.991	0.039	-2.873	0.179	0.129
-19.0	-0.568	0.17396	-0.068	0.509	0.002	0.992	0.042	-3.263	0.167	0.131
-18.0	-0.580	0.15449	-0.069	0.462	0.002	0.991	0.045	-3.754	0.121	0.131
-17.0	-0.585	0.13911	-0.070	0.423	0.002	0.991	0.048	-4.207	-1.128	0.131
-16.0	-0.582	0.12309	-0.072	0.408	0.003	0.991	0.054	-4.731	0.713	0.126
-15.0	-0.570	0.10467	-0.077	0.400	0.005	0.992	0.072	-5.448	0.408	0.115
-14.0	-0.539	0.09291	-0.079	0.378	0.006	0.992	0.081	-5.797	0.327	0.103
-13.0	-0.498	0.08118	-0.082	0.360	0.006	0.992	0.096	-6.133	0.336	0.084
-12.0	-0.448	0.06954	-0.087	0.351	0.007	0.992	0.121	-6.439	0.328	0.056
-11.0	-0.387	0.05964	-0.091	0.346	0.007	0.992	0.147	-6.495	0.327	0.015
-10.0	-0.319	0.04962	-0.097	0.319	0.006	0.992	0.193	-6.423	0.354	-0.054
-9.0	-0.243	0.03739	-0.106	0.303	0.007	0.992	0.291	-6.505	0.531	-0.186
-8.0	-0.178	0.00987	-0.136	0.295	0.008	0.992	0.984	-18.044	0.431	-0.515
-7.0	-0.068	0.01012	-0.138	0.265	0.008	0.992	0.992	-6.671	0.263	-1.791
-6.0	0.048	0.00994	-0.139	0.251	0.009	0.992	0.995	4.842	0.262	3.141
-5.0	0.167	0.00983	-0.141	0.235	0.012	0.992	0.997	17.000	0.262	1.091
-4.0	0.288	0.01047	-0.142	0.209	0.017	0.992	0.997	27.492	0.262	0.743
-3.0	0.409	0.01056	-0.143	0.199	0.020	0.991	0.997	38.749	0.262	0.600
-2.0	0.531	0.01072	-0.145	0.168	0.025	0.991	0.998	49.488	0.263	0.523
-1.0	0.651	0.01087	-0.147	0.157	0.035	0.991	0.998	59.830	0.263	0.475
0.0	0.769	0.01138	-0.148	0.127	0.046	0.990	0.998	67.585	0.264	0.443
1.0	0.888	0.01037	-0.150	0.105	0.061	0.989	0.998	85.563	0.264	0.419
2.0	1.005	0.01077	-0.151	0.087	0.080	0.987	0.998	93.379	0.264	0.401
3.0	1.122	0.01146	-0.153	0.061	0.103	0.983	0.999	97.951	0.264	0.386
4.0	1.238	0.01709	-0.155	0.040	0.123	0.980	0.999	72.474	0.265	0.375
5.0	1.352	0.01842	-0.156	0.024	0.148	0.975	0.999	73.418	0.265	0.366
6.0	1.459	0.01988	-0.158	0.014	0.180	0.968	0.999	73.419	0.266	0.358
7.0	1.561	0.02142	-0.160	0.010	0.213	0.961	0.999	72.852	0.267	0.352
8.0	1.654	0.02319	-0.161	0.007	0.245	0.950	0.999	71.335	0.268	0.348
9.0	1.732	0.02518	-0.163	0.005	0.291	0.938	0.999	68.758	0.271	0.344
10.0	1.793	0.02747	-0.164	0.003	0.470	0.922	1.000	65.289	0.276	0.342
11.0	1.838	0.03015	-0.166	0.002	0.499	0.905	1.000	60.959	0.287	0.340
12.0	1.864	0.03322	-0.167	0.001	0.528	0.884	0.999	56.107	0.323	0.340
13.0	1.870	0.03672	-0.168	0.001	0.578	0.859	1.000	50.911	0.019	0.340
14.0	1.855	0.04082	-0.169	0.001	0.662	0.831	1.000	45.455	0.216	0.341
15.0	1.822	0.04506	-0.170	0.001	0.998	0.800	0.999	40.445	0.238	0.343
16.0	1.771	0.05128	-0.170	0.001	0.998	0.762	0.999	34.542	0.246	0.346
17.0	1.706	0.05864	-0.170	0.001	0.998	0.720	0.999	29.088	0.250	0.350
18.0	1.630	0.06693	-0.170	0.001	0.998	0.677	0.999	24.347	0.257	0.354
19.0	1.542	0.07862	-0.169	0.001	0.998	0.621	0.999	19.615	0.263	0.360
20.0	1.450	0.09271	-0.168	0.001	0.999	0.563	0.999	15.639	0.265	0.366

Name = NACA 6412
Mach = 0; Re = 4030000; T.U. = 1.0; T.L. = 1.0
Surface Finish = 2; Stall model = 0; Transition model = 1; Aspect Ratio = 0; ground effect = 0
?	Cl	Cd	Cm 0.25	T.U.	T.L.	S.U.	S.L.	L/D	A.C.	C.P.
[°]	[-]	[-]	[-]	[-]	[-]	[-]	[-]	[-]	[-]	[-]
-20.0	-0.550	0.19072	-0.067	0.514	0.001	0.991	0.040	-2.885	0.179	0.129
-19.0	-0.568	0.17330	-0.068	0.481	0.002	0.992	0.043	-3.276	0.168	0.131
-18.0	-0.580	0.15389	-0.069	0.432	0.002	0.991	0.046	-3.769	0.121	0.131
-17.0	-0.585	0.13850	-0.070	0.412	0.002	0.992	0.048	-4.226	-1.119	0.130
-16.0	-0.582	0.12299	-0.072	0.403	0.003	0.992	0.055	-4.736	0.675	0.126
-15.0	-0.570	0.10511	-0.077	0.394	0.004	0.992	0.071	-5.423	0.422	0.116
-14.0	-0.539	0.09179	-0.080	0.363	0.006	0.992	0.085	-5.873	0.340	0.102
-13.0	-0.498	0.08029	-0.083	0.354	0.006	0.992	0.100	-6.206	0.333	0.083
-12.0	-0.448	0.06885	-0.087	0.348	0.006	0.992	0.124	-6.509	0.331	0.055
-11.0	-0.388	0.05863	-0.092	0.331	0.007	0.992	0.155	-6.621	0.331	0.013
-10.0	-0.319	0.04856	-0.098	0.307	0.006	0.992	0.203	-6.578	0.357	-0.056
-9.0	-0.244	0.03579	-0.107	0.297	0.007	0.992	0.311	-6.827	0.524	-0.189
-8.0	-0.178	0.00976	-0.136	0.275	0.008	0.992	0.986	-18.268	0.422	-0.515
-7.0	-0.068	0.00998	-0.138	0.255	0.008	0.992	0.992	-6.766	0.262	-1.791
-6.0	0.048	0.00981	-0.139	0.245	0.009	0.992	0.995	4.906	0.262	3.141
-5.0	0.167	0.01046	-0.141	0.215	0.012	0.992	0.997	15.974	0.262	1.091
-4.0	0.288	0.01034	-0.142	0.202	0.017	0.992	0.997	27.836	0.262	0.743
-3.0	0.409	0.01044	-0.143	0.178	0.020	0.992	0.997	39.224	0.262	0.601
-2.0	0.531	0.01059	-0.145	0.162	0.024	0.991	0.998	50.122	0.263	0.523
-1.0	0.651	0.01089	-0.147	0.137	0.034	0.991	0.998	59.761	0.263	0.475
0.0	0.769	0.01121	-0.148	0.121	0.044	0.991	0.998	68.580	0.264	0.443
1.0	0.888	0.01027	-0.150	0.095	0.059	0.990	0.998	86.426	0.264	0.419
2.0	1.005	0.01072	-0.151	0.075	0.079	0.987	0.998	93.811	0.264	0.401
3.0	1.122	0.01129	-0.153	0.057	0.096	0.984	0.999	99.416	0.264	0.386
4.0	1.238	0.01688	-0.155	0.036	0.117	0.980	0.999	73.345	0.265	0.375
5.0	1.352	0.01818	-0.157	0.022	0.144	0.976	0.999	74.400	0.265	0.366
6.0	1.460	0.01958	-0.158	0.013	0.174	0.969	0.999	74.553	0.266	0.358
7.0	1.561	0.02112	-0.160	0.009	0.198	0.962	0.999	73.901	0.267	0.352
8.0	1.655	0.02281	-0.161	0.007	0.231	0.952	0.999	72.552	0.268	0.348
9.0	1.732	0.02483	-0.163	0.004	0.271	0.940	0.999	69.764	0.271	0.344
10.0	1.794	0.02719	-0.164	0.002	0.330	0.925	1.000	65.984	0.276	0.342
11.0	1.839	0.02967	-0.166	0.002	0.476	0.908	1.000	61.997	0.287	0.340
12.0	1.865	0.03260	-0.167	0.001	0.506	0.887	1.000	57.209	0.324	0.340
13.0	1.871	0.03604	-0.168	0.001	0.545	0.864	1.000	51.920	-0.008	0.340
14.0	1.857	0.04003	-0.169	0.001	0.600	0.836	1.000	46.395	0.214	0.341
15.0	1.825	0.04457	-0.170	0.001	0.686	0.805	1.000	40.940	0.237	0.343
16.0	1.774	0.05011	-0.170	0.001	0.998	0.768	0.999	35.392	0.246	0.346
17.0	1.708	0.05724	-0.170	0.001	0.998	0.727	0.999	29.844	0.249	0.350
18.0	1.632	0.06521	-0.170	0.001	0.998	0.685	0.999	25.033	0.256	0.354
19.0	1.545	0.07654	-0.169	0.001	0.998	0.630	0.999	20.188	0.262	0.360
20.0	1.453	0.09004	-0.168	0.001	0.999	0.573	0.999	16.140	0.264	0.366

Name = NACA 6412
Mach = 0; Re = 4430000; T.U. = 1.0; T.L. = 1.0
Surface Finish = 2; Stall model = 0; Transition model = 1; Aspect Ratio = 0; ground effect = 0
?	Cl	Cd	Cm 0.25	T.U.	T.L.	S.U.	S.L.	L/D	A.C.	C.P.
[°]	[-]	[-]	[-]	[-]	[-]	[-]	[-]	[-]	[-]	[-]
-20.0	-0.550	0.19133	-0.067	0.503	0.001	0.991	0.041	-2.876	0.191	0.128
-19.0	-0.568	0.17073	-0.068	0.452	0.002	0.992	0.043	-3.326	0.175	0.130
-18.0	-0.580	0.15388	-0.069	0.417	0.002	0.992	0.046	-3.770	0.104	0.131
-17.0	-0.586	0.13676	-0.071	0.405	0.002	0.992	0.050	-4.282	-0.994	0.129
-16.0	-0.582	0.12313	-0.072	0.398	0.002	0.992	0.052	-4.727	0.612	0.127
-15.0	-0.570	0.10574	-0.076	0.371	0.004	0.992	0.070	-5.390	0.454	0.116
-14.0	-0.540	0.09075	-0.080	0.356	0.006	0.992	0.088	-5.945	0.349	0.101
-13.0	-0.499	0.07984	-0.083	0.349	0.006	0.992	0.102	-6.244	0.334	0.083
-12.0	-0.449	0.06799	-0.088	0.345	0.006	0.992	0.129	-6.598	0.335	0.054
-11.0	-0.389	0.05773	-0.093	0.312	0.007	0.992	0.161	-6.734	0.332	0.012
-10.0	-0.320	0.04762	-0.099	0.300	0.006	0.992	0.211	-6.722	0.364	-0.058
-9.0	-0.246	0.03403	-0.109	0.294	0.007	0.992	0.335	-7.222	0.518	-0.193
-8.0	-0.178	0.00963	-0.136	0.260	0.008	0.992	0.989	-18.510	0.412	-0.515
-7.0	-0.068	0.00992	-0.138	0.249	0.008	0.992	0.992	-6.809	0.262	-1.791
-6.0	0.048	0.00971	-0.139	0.228	0.009	0.992	0.995	4.959	0.262	3.141
-5.0	0.167	0.01038	-0.141	0.207	0.011	0.992	0.997	16.103	0.262	1.091
-4.0	0.288	0.01020	-0.142	0.198	0.017	0.992	0.997	28.236	0.262	0.743
-3.0	0.409	0.01041	-0.143	0.168	0.019	0.992	0.997	39.316	0.262	0.601
-2.0	0.531	0.01052	-0.145	0.157	0.023	0.991	0.998	50.422	0.263	0.523
-1.0	0.651	0.01073	-0.147	0.128	0.033	0.991	0.998	60.609	0.263	0.475
0.0	0.769	0.01112	-0.148	0.115	0.042	0.991	0.998	69.126	0.264	0.443
1.0	0.888	0.01018	-0.150	0.090	0.057	0.990	0.998	87.226	0.264	0.419
2.0	1.006	0.01064	-0.151	0.067	0.076	0.988	0.998	94.482	0.264	0.401
3.0	1.123	0.01120	-0.153	0.049	0.091	0.985	0.999	100.206	0.264	0.386
4.0	1.239	0.01670	-0.155	0.033	0.113	0.981	0.999	74.163	0.265	0.375
5.0	1.353	0.01793	-0.157	0.020	0.140	0.977	0.999	75.444	0.265	0.366
6.0	1.460	0.01935	-0.158	0.012	0.162	0.970	0.999	75.454	0.266	0.358
7.0	1.561	0.02080	-0.160	0.009	0.189	0.963	0.999	75.067	0.267	0.352
8.0	1.656	0.02247	-0.161	0.007	0.222	0.954	0.999	73.667	0.268	0.348
9.0	1.733	0.02448	-0.163	0.004	0.261	0.942	1.000	70.799	0.272	0.344
10.0	1.795	0.02681	-0.164	0.002	0.307	0.927	1.000	66.963	0.277	0.342
11.0	1.840	0.02921	-0.166	0.002	0.464	0.911	1.000	63.010	0.287	0.340
12.0	1.866	0.03214	-0.167	0.001	0.486	0.890	1.000	58.071	0.324	0.340
13.0	1.873	0.03539	-0.168	0.001	0.515	0.867	1.000	52.909	-0.038	0.340
14.0	1.859	0.03937	-0.169	0.001	0.560	0.841	1.000	47.225	0.213	0.341
15.0	1.826	0.04396	-0.170	0.001	0.617	0.810	1.000	41.534	0.235	0.343
16.0	1.776	0.04947	-0.170	0.001	0.728	0.773	1.000	35.891	0.245	0.346
17.0	1.710	0.05597	-0.171	0.001	0.998	0.733	0.999	30.561	0.250	0.350
18.0	1.634	0.06430	-0.170	0.001	0.998	0.689	0.999	25.412	0.255	0.354
19.0	1.548	0.07473	-0.170	0.001	0.998	0.638	0.999	20.715	0.260	0.360
20.0	1.456	0.08788	-0.169	0.001	0.999	0.583	0.999	16.572	0.262	0.366

Name = NACA 6412
Mach = 0; Re = 4830000; T.U. = 1.0; T.L. = 1.0
Surface Finish = 2; Stall model = 0; Transition model = 1; Aspect Ratio = 0; ground effect = 0
?	Cl	Cd	Cm 0.25	T.U.	T.L.	S.U.	S.L.	L/D	A.C.	C.P.
[°]	[-]	[-]	[-]	[-]	[-]	[-]	[-]	[-]	[-]	[-]
-20.0	-0.550	0.18794	-0.067	0.469	0.001	0.991	0.042	-2.929	0.182	0.128
-19.0	-0.568	0.17141	-0.069	0.428	0.001	0.992	0.045	-3.314	0.176	0.129
-18.0	-0.580	0.15223	-0.070	0.409	0.002	0.992	0.048	-3.812	0.134	0.130
-17.0	-0.586	0.13903	-0.071	0.402	0.001	0.992	0.050	-4.212	-0.948	0.129
-16.0	-0.582	0.12319	-0.072	0.387	0.002	0.992	0.053	-4.726	0.602	0.127
-15.0	-0.570	0.10621	-0.076	0.361	0.003	0.992	0.069	-5.365	0.459	0.116
-14.0	-0.540	0.09043	-0.081	0.351	0.006	0.992	0.090	-5.969	0.357	0.100
-13.0	-0.499	0.07906	-0.084	0.347	0.006	0.992	0.105	-6.310	0.336	0.082
-12.0	-0.449	0.06728	-0.088	0.324	0.006	0.992	0.133	-6.674	0.337	0.053
-11.0	-0.389	0.05695	-0.093	0.304	0.007	0.992	0.167	-6.835	0.330	0.010
-10.0	-0.320	0.04712	-0.099	0.296	0.006	0.992	0.214	-6.798	0.365	-0.059
-9.0	-0.246	0.03327	-0.110	0.270	0.006	0.992	0.346	-7.405	0.515	-0.195
-8.0	-0.178	0.01012	-0.136	0.253	0.008	0.992	0.989	-17.619	0.407	-0.515
-7.0	-0.068	0.00975	-0.138	0.245	0.007	0.992	0.992	-6.922	0.262	-1.791
-6.0	0.048	0.00970	-0.139	0.214	0.008	0.992	0.995	4.961	0.262	3.141
-5.0	0.167	0.01021	-0.141	0.202	0.011	0.992	0.997	16.361	0.262	1.091
-4.0	0.288	0.01022	-0.142	0.179	0.017	0.992	0.997	28.169	0.262	0.743
-3.0	0.409	0.01024	-0.143	0.163	0.018	0.992	0.997	39.987	0.262	0.601
-2.0	0.531	0.01041	-0.145	0.142	0.022	0.992	0.998	50.955	0.263	0.523
-1.0	0.651	0.01067	-0.147	0.123	0.033	0.991	0.998	60.985	0.263	0.475
0.0	0.769	0.01105	-0.148	0.101	0.040	0.991	0.998	69.602	0.264	0.443
1.0	0.888	0.01148	-0.150	0.087	0.056	0.990	0.998	77.353	0.264	0.419
2.0	1.006	0.01053	-0.151	0.063	0.072	0.988	0.998	95.545	0.264	0.401
3.0	1.123	0.01113	-0.153	0.044	0.087	0.985	0.999	100.902	0.264	0.386
4.0	1.239	0.01655	-0.155	0.029	0.111	0.981	0.999	74.838	0.265	0.375
5.0	1.353	0.01773	-0.157	0.019	0.136	0.978	0.999	76.281	0.265	0.366
6.0	1.460	0.01911	-0.158	0.011	0.155	0.971	0.999	76.416	0.266	0.358
7.0	1.562	0.02052	-0.160	0.008	0.183	0.965	0.999	76.099	0.267	0.352
8.0	1.656	0.02216	-0.162	0.006	0.217	0.956	0.999	74.741	0.269	0.348
9.0	1.734	0.02416	-0.163	0.004	0.247	0.944	1.000	71.741	0.272	0.344
10.0	1.796	0.02645	-0.165	0.002	0.286	0.930	1.000	67.907	0.277	0.342
11.0	1.841	0.02880	-0.166	0.001	0.457	0.913	1.000	63.928	0.287	0.340
12.0	1.868	0.03165	-0.167	0.001	0.470	0.893	1.000	59.008	0.325	0.340
13.0	1.874	0.03496	-0.168	0.001	0.501	0.871	1.000	53.599	-0.051	0.340
14.0	1.860	0.03871	-0.169	0.001	0.530	0.844	1.000	48.058	0.212	0.341
15.0	1.828	0.04325	-0.170	0.001	0.577	0.814	1.000	42.259	0.234	0.343
16.0	1.778	0.04856	-0.171	0.001	0.644	0.779	1.000	36.606	0.244	0.346
17.0	1.713	0.05491	-0.171	0.001	0.998	0.739	0.999	31.190	0.249	0.350
18.0	1.636	0.06292	-0.171	0.001	0.998	0.695	0.999	26.002	0.254	0.354
19.0	1.550	0.07308	-0.170	0.001	0.998	0.646	0.999	21.213	0.259	0.360
20.0	1.459	0.08587	-0.169	0.001	0.999	0.592	0.999	16.990	0.261	0.366

Name = NACA 6412
Mach = 0; Re = 5230000; T.U. = 1.0; T.L. = 1.0
Surface Finish = 2; Stall model = 0; Transition model = 1; Aspect Ratio = 0; ground effect = 0
?	Cl	Cd	Cm 0.25	T.U.	T.L.	S.U.	S.L.	L/D	A.C.	C.P.
[°]	[-]	[-]	[-]	[-]	[-]	[-]	[-]	[-]	[-]	[-]
-20.0	-0.551	0.18630	-0.068	0.451	0.001	0.992	0.043	-2.955	0.183	0.127
-19.0	-0.568	0.16998	-0.069	0.416	0.001	0.992	0.046	-3.343	0.177	0.129
-18.0	-0.580	0.15325	-0.070	0.405	0.001	0.992	0.048	-3.787	0.135	0.130
-17.0	-0.586	0.13807	-0.071	0.398	0.001	0.992	0.051	-4.242	-1.081	0.129
-16.0	-0.583	0.12205	-0.073	0.369	0.002	0.992	0.057	-4.775	0.578	0.125
-15.0	-0.570	0.10577	-0.076	0.356	0.003	0.992	0.069	-5.387	0.424	0.117
-14.0	-0.540	0.09075	-0.080	0.348	0.005	0.992	0.088	-5.947	0.365	0.101
-13.0	-0.499	0.07846	-0.084	0.344	0.006	0.992	0.107	-6.361	0.344	0.081
-12.0	-0.449	0.06662	-0.089	0.311	0.006	0.992	0.137	-6.746	0.336	0.052
-11.0	-0.389	0.05656	-0.094	0.299	0.006	0.992	0.169	-6.886	0.334	0.010
-10.0	-0.321	0.04614	-0.100	0.293	0.006	0.992	0.224	-6.958	0.415	-0.061
-9.0	-0.253	0.02669	-0.116	0.259	0.006	0.992	0.460	-9.470	0.507	-0.209
-8.0	-0.178	0.01000	-0.136	0.249	0.007	0.992	0.989	-17.830	0.367	-0.515
-7.0	-0.068	0.00975	-0.138	0.229	0.007	0.992	0.992	-6.926	0.262	-1.791
-6.0	0.048	0.00954	-0.139	0.207	0.008	0.992	0.995	5.044	0.262	3.141
-5.0	0.167	0.01017	-0.141	0.199	0.010	0.992	0.997	16.422	0.262	1.091
-4.0	0.288	0.01007	-0.142	0.169	0.016	0.992	0.997	28.578	0.262	0.743
-3.0	0.409	0.01017	-0.143	0.159	0.018	0.992	0.998	40.251	0.262	0.601
-2.0	0.531	0.01039	-0.145	0.131	0.021	0.992	0.998	51.052	0.263	0.523
-1.0	0.651	0.01055	-0.147	0.120	0.032	0.991	0.998	61.658	0.263	0.475
0.0	0.769	0.01102	-0.148	0.094	0.039	0.991	0.998	69.795	0.264	0.443
1.0	0.888	0.01144	-0.150	0.080	0.054	0.990	0.998	77.614	0.264	0.419
2.0	1.006	0.01042	-0.151	0.060	0.068	0.989	0.998	96.529	0.264	0.401
3.0	1.123	0.01101	-0.153	0.040	0.085	0.986	0.999	101.981	0.264	0.386
4.0	1.239	0.01166	-0.155	0.026	0.108	0.982	0.999	106.222	0.265	0.375
5.0	1.353	0.01750	-0.157	0.018	0.127	0.978	0.999	77.300	0.265	0.366
6.0	1.461	0.01887	-0.158	0.010	0.150	0.972	0.999	77.419	0.266	0.358
7.0	1.562	0.02029	-0.160	0.008	0.179	0.966	0.999	77.012	0.267	0.352
8.0	1.657	0.02190	-0.162	0.006	0.207	0.958	0.999	75.659	0.269	0.348
9.0	1.734	0.02392	-0.163	0.003	0.235	0.945	1.000	72.490	0.272	0.344
10.0	1.797	0.02613	-0.165	0.002	0.272	0.932	1.000	68.770	0.277	0.342
11.0	1.842	0.02855	-0.166	0.001	0.322	0.915	1.000	64.515	0.288	0.340
12.0	1.868	0.03119	-0.167	0.001	0.462	0.896	1.000	59.911	0.325	0.340
13.0	1.875	0.03443	-0.169	0.001	0.481	0.874	1.000	54.460	-0.075	0.340
14.0	1.862	0.03814	-0.170	0.001	0.511	0.848	1.000	48.818	0.210	0.341
15.0	1.829	0.04257	-0.170	0.001	0.554	0.818	1.000	42.970	0.234	0.343
16.0	1.779	0.04776	-0.171	0.001	0.605	0.783	1.000	37.251	0.244	0.346
17.0	1.714	0.05459	-0.171	0.000	0.674	0.742	1.000	31.393	0.249	0.350
18.0	1.638	0.06176	-0.171	0.001	0.998	0.701	0.999	26.525	0.253	0.354
19.0	1.553	0.07164	-0.171	0.001	0.998	0.652	0.999	21.672	0.258	0.360
20.0	1.461	0.08404	-0.170	0.001	0.998	0.599	0.999	17.387	0.260	0.366

Name = NACA 6412
Mach = 0; Re = 5630000; T.U. = 1.0; T.L. = 1.0
Surface Finish = 2; Stall model = 0; Transition model = 1; Aspect Ratio = 0; ground effect = 0
?	Cl	Cd	Cm 0.25	T.U.	T.L.	S.U.	S.L.	L/D	A.C.	C.P.
[°]	[-]	[-]	[-]	[-]	[-]	[-]	[-]	[-]	[-]	[-]
-20.0	-0.551	0.18515	-0.068	0.429	0.001	0.992	0.043	-2.974	0.193	0.127
-19.0	-0.568	0.16853	-0.069	0.409	0.001	0.992	0.046	-3.371	0.178	0.129
-18.0	-0.581	0.15240	-0.070	0.402	0.001	0.992	0.049	-3.809	0.135	0.129
-17.0	-0.586	0.13700	-0.071	0.389	0.001	0.992	0.051	-4.275	-1.054	0.129
-16.0	-0.583	0.12114	-0.073	0.361	0.002	0.992	0.057	-4.811	0.578	0.125
-15.0	-0.570	0.10632	-0.076	0.352	0.002	0.992	0.069	-5.358	0.406	0.117
-14.0	-0.539	0.09139	-0.080	0.346	0.004	0.992	0.085	-5.899	0.374	0.102
-13.0	-0.500	0.07774	-0.085	0.324	0.006	0.992	0.111	-6.426	0.354	0.080
-12.0	-0.450	0.06638	-0.089	0.304	0.006	0.992	0.138	-6.773	0.336	0.052
-11.0	-0.390	0.05593	-0.094	0.296	0.006	0.992	0.174	-6.972	0.339	0.009
-10.0	-0.322	0.04530	-0.100	0.271	0.006	0.992	0.233	-7.103	0.443	-0.062
-9.0	-0.257	0.02289	-0.120	0.253	0.006	0.992	0.537	-11.235	0.501	-0.216
-8.0	-0.178	0.00984	-0.136	0.245	0.007	0.992	0.989	-18.125	0.345	-0.515
-7.0	-0.068	0.00963	-0.138	0.216	0.007	0.992	0.993	-7.012	0.262	-1.791
-6.0	0.048	0.00952	-0.139	0.203	0.008	0.992	0.995	5.059	0.262	3.141
-5.0	0.167	0.01013	-0.141	0.186	0.010	0.992	0.997	16.492	0.262	1.091
-4.0	0.288	0.01003	-0.142	0.164	0.015	0.992	0.997	28.710	0.262	0.743
-3.0	0.409	0.01013	-0.143	0.156	0.018	0.992	0.998	40.419	0.262	0.601
-2.0	0.531	0.01030	-0.145	0.126	0.021	0.992	0.998	51.520	0.263	0.523
-1.0	0.651	0.01051	-0.147	0.116	0.030	0.991	0.998	61.898	0.263	0.475
0.0	0.769	0.01089	-0.148	0.091	0.038	0.991	0.998	70.590	0.264	0.443
1.0	0.888	0.01138	-0.150	0.071	0.054	0.990	0.998	78.015	0.264	0.419
2.0	1.006	0.01031	-0.151	0.058	0.065	0.989	0.998	97.550	0.264	0.401
3.0	1.123	0.01089	-0.153	0.038	0.083	0.986	0.999	103.097	0.264	0.386
4.0	1.239	0.01157	-0.155	0.024	0.107	0.982	0.999	107.082	0.265	0.375
5.0	1.353	0.01731	-0.157	0.017	0.122	0.979	0.999	78.186	0.265	0.366
6.0	1.461	0.01868	-0.158	0.010	0.146	0.973	0.999	78.196	0.266	0.358
7.0	1.563	0.02004	-0.160	0.007	0.176	0.966	0.999	77.955	0.267	0.352
8.0	1.657	0.02166	-0.162	0.006	0.196	0.959	0.999	76.510	0.269	0.348
9.0	1.735	0.02365	-0.163	0.003	0.227	0.947	1.000	73.348	0.272	0.344
10.0	1.797	0.02583	-0.165	0.002	0.264	0.933	1.000	69.579	0.277	0.342
11.0	1.843	0.02818	-0.166	0.001	0.307	0.917	1.000	65.394	0.288	0.340
12.0	1.870	0.03080	-0.167	0.001	0.456	0.899	1.000	60.693	0.325	0.340
13.0	1.876	0.03400	-0.169	0.001	0.469	0.877	1.000	55.183	-0.065	0.340
14.0	1.863	0.03773	-0.170	0.001	0.501	0.850	1.000	49.375	0.209	0.341
15.0	1.831	0.04193	-0.170	0.001	0.526	0.822	1.000	43.655	0.232	0.343
16.0	1.781	0.04708	-0.171	0.001	0.570	0.788	1.000	37.831	0.243	0.346
17.0	1.716	0.05375	-0.171	0.000	0.627	0.747	1.000	31.916	0.248	0.350
18.0	1.640	0.06100	-0.171	0.001	0.717	0.707	1.000	26.887	0.252	0.354
19.0	1.555	0.07034	-0.171	0.001	0.998	0.658	0.999	22.101	0.267	0.360
20.0	1.454	0.08819	-0.168	0.000	0.998	0.575	0.999	16.484	0.276	0.366

Name = NACA 6412
Mach = 0; Re = 6030000; T.U. = 1.0; T.L. = 1.0
Surface Finish = 2; Stall model = 0; Transition model = 1; Aspect Ratio = 0; ground effect = 0
?	Cl	Cd	Cm 0.25	T.U.	T.L.	S.U.	S.L.	L/D	A.C.	C.P.
[°]	[-]	[-]	[-]	[-]	[-]	[-]	[-]	[-]	[-]	[-]
-20.0	-0.551	0.18758	-0.068	0.417	0.001	0.992	0.044	-2.936	0.194	0.127
-19.0	-0.568	0.16788	-0.069	0.405	0.001	0.992	0.046	-3.385	0.178	0.129
-18.0	-0.581	0.15188	-0.070	0.399	0.001	0.992	0.049	-3.823	0.136	0.129
-17.0	-0.586	0.13656	-0.071	0.371	0.001	0.992	0.051	-4.289	-0.983	0.129
-16.0	-0.583	0.12178	-0.073	0.356	0.001	0.992	0.056	-4.784	0.566	0.125
-15.0	-0.570	0.10577	-0.076	0.349	0.002	0.992	0.069	-5.386	0.393	0.117
-14.0	-0.539	0.09236	-0.079	0.344	0.003	0.992	0.080	-5.831	0.381	0.103
-13.0	-0.500	0.07707	-0.085	0.311	0.006	0.992	0.114	-6.487	0.370	0.080
-12.0	-0.450	0.06578	-0.090	0.300	0.006	0.992	0.142	-6.841	0.336	0.051
-11.0	-0.390	0.05522	-0.095	0.294	0.006	0.992	0.179	-7.070	0.340	0.008
-10.0	-0.322	0.04453	-0.101	0.260	0.006	0.992	0.241	-7.238	0.473	-0.064
-9.0	-0.262	0.01935	-0.123	0.249	0.006	0.992	0.621	-13.539	0.495	-0.221
-8.0	-0.178	0.00976	-0.136	0.237	0.007	0.992	0.990	-18.269	0.325	-0.515
-7.0	-0.068	0.00956	-0.138	0.209	0.007	0.992	0.993	-7.062	0.262	-1.791
-6.0	0.048	0.00943	-0.139	0.200	0.008	0.992	0.996	5.108	0.262	3.141
-5.0	0.167	0.01004	-0.141	0.173	0.009	0.992	0.997	16.645	0.262	1.091
-4.0	0.288	0.00999	-0.142	0.161	0.015	0.992	0.997	28.805	0.262	0.743
-3.0	0.409	0.01001	-0.143	0.139	0.018	0.992	0.998	40.903	0.262	0.601
-2.0	0.531	0.01020	-0.145	0.123	0.021	0.992	0.998	52.044	0.263	0.523
-1.0	0.651	0.01047	-0.147	0.103	0.029	0.991	0.998	62.114	0.263	0.475
0.0	0.769	0.01080	-0.148	0.088	0.037	0.991	0.998	71.232	0.264	0.443
1.0	0.888	0.01126	-0.150	0.066	0.053	0.991	0.998	78.860	0.264	0.419
2.0	1.006	0.01027	-0.152	0.054	0.062	0.990	0.998	97.974	0.264	0.401
3.0	1.123	0.01081	-0.153	0.037	0.081	0.987	0.999	103.911	0.264	0.386
4.0	1.239	0.01145	-0.155	0.023	0.103	0.983	0.999	108.199	0.265	0.375
5.0	1.353	0.01718	-0.157	0.016	0.118	0.979	0.999	78.764	0.265	0.366
6.0	1.461	0.01847	-0.158	0.009	0.144	0.974	0.999	79.095	0.266	0.358
7.0	1.563	0.01985	-0.160	0.007	0.169	0.967	0.999	78.718	0.267	0.352
8.0	1.657	0.02144	-0.162	0.005	0.189	0.960	0.999	77.306	0.269	0.348
9.0	1.735	0.02342	-0.163	0.003	0.222	0.948	1.000	74.075	0.272	0.344
10.0	1.798	0.02553	-0.165	0.002	0.259	0.935	1.000	70.443	0.277	0.342
11.0	1.843	0.02790	-0.166	0.001	0.293	0.919	1.000	66.080	0.288	0.340
12.0	1.870	0.03048	-0.168	0.001	0.451	0.901	1.000	61.354	0.326	0.340
13.0	1.877	0.03357	-0.169	0.001	0.461	0.879	1.000	55.919	-0.091	0.340
14.0	1.864	0.03724	-0.170	0.001	0.481	0.853	1.000	50.049	0.208	0.341
15.0	1.832	0.04127	-0.171	0.001	0.511	0.825	1.000	44.390	0.231	0.343
16.0	1.782	0.04641	-0.171	0.001	0.553	0.792	1.000	38.404	0.243	0.346
17.0	1.717	0.05295	-0.171	0.000	0.602	0.752	1.000	32.432	0.247	0.350
18.0	1.642	0.06002	-0.172	0.001	0.660	0.712	1.000	27.352	0.252	0.355
19.0	1.556	0.06935	-0.171	0.001	0.785	0.664	1.000	22.445	0.271	0.360
20.0	1.450	0.09007	-0.168	0.000	0.998	0.564	0.999	16.100	0.284	0.366

Name = NACA 6412
Mach = 0; Re = 6430000; T.U. = 1.0; T.L. = 1.0
Surface Finish = 2; Stall model = 0; Transition model = 1; Aspect Ratio = 0; ground effect = 0
?	Cl	Cd	Cm 0.25	T.U.	T.L.	S.U.	S.L.	L/D	A.C.	C.P.
[°]	[-]	[-]	[-]	[-]	[-]	[-]	[-]	[-]	[-]	[-]
-20.0	-0.551	0.18717	-0.068	0.411	0.001	0.992	0.044	-2.943	0.194	0.126
-19.0	-0.568	0.16751	-0.069	0.402	0.001	0.992	0.047	-3.393	0.184	0.128
-18.0	-0.581	0.15119	-0.070	0.397	0.001	0.992	0.049	-3.840	0.146	0.129
-17.0	-0.586	0.13596	-0.071	0.362	0.001	0.992	0.051	-4.308	-0.983	0.129
-16.0	-0.583	0.12126	-0.073	0.352	0.001	0.992	0.056	-4.805	0.576	0.125
-15.0	-0.570	0.10592	-0.076	0.347	0.002	0.992	0.069	-5.379	0.390	0.116
-14.0	-0.538	0.09264	-0.079	0.330	0.003	0.992	0.080	-5.813	0.386	0.104
-13.0	-0.500	0.07644	-0.086	0.305	0.006	0.992	0.117	-6.546	0.379	0.079
-12.0	-0.450	0.06509	-0.090	0.297	0.006	0.992	0.146	-6.921	0.337	0.050
-11.0	-0.391	0.05456	-0.095	0.278	0.006	0.992	0.185	-7.165	0.341	0.006
-10.0	-0.323	0.04382	-0.102	0.255	0.006	0.992	0.248	-7.369	0.480	-0.065
-9.0	-0.264	0.01822	-0.124	0.246	0.006	0.992	0.652	-14.471	0.490	-0.222
-8.0	-0.178	0.00972	-0.137	0.220	0.007	0.992	0.990	-18.351	0.318	-0.515
-7.0	-0.068	0.00945	-0.138	0.205	0.007	0.992	0.993	-7.145	0.262	-1.791
-6.0	0.048	0.00933	-0.139	0.198	0.008	0.992	0.996	5.160	0.262	3.141
-5.0	0.167	0.01000	-0.141	0.167	0.009	0.992	0.997	16.700	0.262	1.091
-4.0	0.288	0.00983	-0.142	0.158	0.014	0.992	0.997	29.289	0.262	0.743
-3.0	0.409	0.01000	-0.143	0.131	0.018	0.992	0.998	40.951	0.262	0.601
-2.0	0.531	0.01014	-0.145	0.121	0.020	0.992	0.998	52.345	0.263	0.523
-1.0	0.651	0.01040	-0.147	0.097	0.028	0.992	0.998	62.561	0.263	0.475
0.0	0.769	0.01074	-0.148	0.087	0.036	0.991	0.998	71.573	0.264	0.443
1.0	0.888	0.01123	-0.150	0.063	0.051	0.991	0.998	79.040	0.264	0.419
2.0	1.006	0.01021	-0.152	0.048	0.061	0.990	0.998	98.535	0.264	0.401
3.0	1.123	0.01072	-0.153	0.036	0.080	0.987	0.999	104.740	0.264	0.386
4.0	1.239	0.01137	-0.155	0.022	0.097	0.984	0.999	108.945	0.265	0.375
5.0	1.353	0.01702	-0.157	0.014	0.115	0.980	0.999	79.532	0.266	0.366
6.0	1.461	0.01831	-0.158	0.009	0.142	0.975	0.999	79.831	0.266	0.358
7.0	1.563	0.01967	-0.160	0.007	0.160	0.968	0.999	79.489	0.267	0.352
8.0	1.658	0.02125	-0.162	0.005	0.185	0.961	0.999	78.010	0.269	0.348
9.0	1.735	0.02320	-0.163	0.002	0.218	0.949	1.000	74.815	0.272	0.344
10.0	1.799	0.02530	-0.165	0.001	0.246	0.937	1.000	71.098	0.277	0.342
11.0	1.844	0.02760	-0.166	0.001	0.278	0.921	1.000	66.827	0.288	0.340
12.0	1.871	0.03021	-0.168	0.001	0.325	0.903	1.000	61.935	0.326	0.340
13.0	1.878	0.03318	-0.169	0.001	0.456	0.882	1.000	56.603	-0.120	0.340
14.0	1.865	0.03680	-0.170	0.001	0.470	0.856	1.000	50.675	0.207	0.341
15.0	1.833	0.04072	-0.171	0.001	0.502	0.828	1.000	45.018	0.232	0.343
16.0	1.783	0.04601	-0.171	0.001	0.529	0.794	1.000	38.754	0.242	0.346
17.0	1.719	0.05220	-0.172	0.000	0.571	0.756	1.000	32.928	0.246	0.350
18.0	1.644	0.05923	-0.172	0.001	0.623	0.717	1.000	27.748	0.251	0.355
19.0	1.558	0.06832	-0.171	0.001	0.697	0.669	1.000	22.807	0.274	0.360
20.0	1.448	0.09084	-0.167	0.000	0.998	0.557	0.999	15.939	0.289	0.365


